3977.4 5875.5 -5.4 107 0 10.3 62.8 14.0 3.5 2 1 4 0 0
3958.9 5880.6 -5.4 107 0 10.3 62.8 14.0 3.5 2 1 4 3 3
3940.5 5882.6 -5.4 107 0 10.3 62.8 14.0 3.5 2 1 4 2 2
3924.7 5889.4 -5.4 107 0 10.3 62.8 14.0 3.5 2 1 4 3 3
3976.5 6016.0 -5.6 287 0 10.3 62.8 14.0 0.0 0 1 4 5 5
3995.4 6010.9 -5.6 287 0 10.3 62.8 14.0 3.5 2 1 4 2 2
4014.0 6007.5 -5.6 287 0 10.3 62.8 14.0 3.5 2 1 4 1 1
3963.5 6045.8 -5.6 287 0 10.3 62.8 14.0 3.5 2 1 4 2 2
3997.3 5870.4 -5.4 107 0 10.3 62.8 14.0 3.5 2 1 4 2 2
4396.0 5749.9 -5.0 160 0 25.5 21.1 10.0 2.5 2 0 4 1 1
5061.9 6171.0 -3.5 244 0 8.4 31.2 7.5 2.5 2 1 3 5 5
