6052.7 4060.5 -14.6 204 0 23.3 49.0 10.5 3.5 2 1 3 1 1
6105.6 4033.3 -13.9 206 0 21.8 48.3 10.5 3.5 2 1 3 3 3
4353.0 2666.7 -18.1 116 0 18.6 11.5 14.0 3.5 2 0 4 0 0
4228.8 2719.6 -20.4 220 0 21.9 68.8 10.5 3.5 2 1 3 1 1
6590.6 4598.6 -24.6 115 0 22.5 21.7 14.0 0.0 0 0 4 3 3
6431.4 4475.6 -16.9 182 0 23.3 22.8 14.0 3.5 2 0 4 5 5
6440.9 4510.6 -19.1 182 0 22.0 13.3 14.0 3.5 2 0 4 0 0
6415.8 4511.3 -19.6 123 0 14.7 22.4 14.0 3.5 2 1 4 2 2
6420.0 4420.3 -12.5 183 0 22.3 22.7 10.5 3.5 2 1 3 0 0
6445.2 4553.8 -21.0 308 0 15.2 23.1 14.0 3.5 2 1 4 2 2
6403.4 4378.0 -8.9 360 0 24.0 27.0 10.5 0.0 0 1 3 5 5
6797.4 4655.1 -27.1 303 0 54.1 12.5 14.0 3.5 2 0 4 5 5
4343.2 3210.2 -18.2 282 0 19.9 8.2 10.5 3.5 4 0 3 0 0
4208.6 3293.6 -14.1 10 0 11.6 35.7 14.0 3.5 4 1 4 3 3
4261.7 3185.9 -19.5 171 0 10.1 38.1 14.0 3.5 2 1 4 2 2
3614.7 3155.4 -24.8 270 0 18.7 12.3 14.0 3.5 2 0 4 4 4
4065.2 3249.2 -14.2 271 0 4.5 9.7 10.5 3.5 2 1 3 0 0
4129.0 3312.6 -11.3 78 0 18.9 12.5 14.0 3.5 2 0 4 2 2
4178.6 3323.0 -12.3 264 0 13.6 9.4 10.5 3.5 2 0 3 1 1
4346.0 3199.6 -18.3 283 0 24.8 9.3 10.5 3.5 2 0 3 0 0
4068.3 3321.4 -9.8 88 0 12.1 6.9 10.5 3.5 4 0 3 0 0
4254.9 3255.8 -16.9 124 0 8.0 25.4 10.5 3.5 4 1 3 3 3
4059.5 3217.7 -16.7 10 0 7.6 9.5 10.5 3.5 2 1 3 5 5
4294.6 3212.1 -19.4 352 0 12.5 40.6 14.0 3.5 2 1 4 5 5
4265.2 3281.6 -15.9 134 0 10.6 21.3 14.0 0.0 0 1 4 3 3
4302.5 3525.4 -18.4 270 0 13.7 14.5 14.0 3.5 2 1 4 3 3
4158.4 3382.5 -8.5 76 0 18.5 9.7 10.5 3.5 2 0 3 5 5
4071.7 3262.1 -13.2 269 0 11.0 10.9 14.0 3.5 2 0 4 2 2
4229.6 3370.7 -10.7 91 0 12.2 7.9 10.5 3.5 4 0 3 4 4
4397.4 3373.0 -19.6 269 0 17.5 18.8 14.0 3.5 2 1 4 5 5
4070.9 3276.0 -12.7 267 0 14.1 12.6 14.0 0.0 0 0 4 0 0
4092.3 3324.3 -9.9 93 0 11.1 18.2 14.0 3.5 2 1 4 2 2
4270.4 3398.2 -12.4 5 0 10.8 7.2 10.5 3.5 2 0 3 0 0
4007.8 3332.5 -15.6 281 0 20.3 15.9 14.0 3.5 4 0 4 5 5
4044.7 3273.3 -14.7 83 0 13.6 9.5 10.5 3.5 2 0 3 4 4
4200.1 3336.6 -11.7 80 0 13.7 11.6 14.0 0.0 0 0 4 3 3
6663.4 4876.4 -30.7 74 0 16.9 23.2 10.5 3.5 2 1 3 2 2
6384.0 4513.0 -18.5 307 0 21.9 13.6 14.0 3.5 2 0 4 5 5
6623.1 4920.5 -30.8 305 0 18.2 40.4 14.0 3.5 2 1 4 5 5
6786.5 4342.7 -4.1 97 0 22.1 14.5 14.0 3.5 2 0 4 4 4
5326.3 2632.0 -12.5 15 0 27.7 17.0 10.5 3.5 2 0 3 1 1
4536.8 2532.8 -16.5 98 0 18.2 20.0 14.0 3.5 2 1 4 1 1
5947.2 1961.5 3.1 336 0 16.1 26.0 14.0 0.0 0 1 4 0 0
4529.6 2597.9 -17.2 218 0 14.9 41.5 14.0 0.0 0 1 4 5 5
4414.9 2325.3 -15.8 27 0 17.2 9.6 10.5 0.0 0 0 3 2 2
5932.0 1926.2 5.1 27 0 17.1 27.1 14.0 0.0 0 1 4 2 2
5078.0 2626.1 -15.0 197 0 18.6 17.6 14.0 0.0 0 0 4 0 0
5153.0 2635.5 -15.0 227 0 10.8 26.9 14.0 0.0 0 1 4 5 5
5196.8 2641.0 -15.3 306 0 12.4 25.2 14.0 0.0 0 1 4 0 0
5846.5 2029.4 4.9 320 1 16.4 11.9 14.0 3.5 2 0 4 4 4
5969.6 1790.6 24.1 187 0 14.3 37.1 14.0 3.5 2 1 4 4 4
4480.3 2432.2 -15.7 331 0 7.8 15.7 10.5 3.5 2 1 3 3 3
4442.0 2307.8 -15.4 24 0 20.5 9.2 10.5 3.5 2 0 3 0 0
6031.9 1787.6 26.3 275 0 35.2 13.1 14.0 3.5 4 0 4 3 3
4643.1 2379.0 -15.1 8 0 21.5 9.1 10.5 3.5 2 0 3 2 2
4453.0 2341.5 -15.4 294 0 9.5 20.3 10.5 3.5 2 1 3 1 1
4449.1 2415.1 -16.1 90 0 17.1 9.5 10.5 3.5 4 0 3 1 1
4621.7 2396.0 -15.1 274 0 10.5 20.1 14.0 3.5 2 1 4 3 3
4424.6 2413.5 -16.4 85 0 15.6 9.3 10.5 3.5 2 0 3 0 0
4533.5 2383.2 -15.0 181 0 18.3 8.3 10.5 3.5 2 0 3 0 0
4459.2 2399.4 -15.7 284 0 7.8 18.7 10.5 3.5 2 1 3 1 1
4428.1 2380.3 -15.8 228 0 14.8 9.9 10.5 0.0 0 0 3 1 1
4500.0 2455.4 -15.4 196 0 14.0 7.9 10.5 3.5 2 0 3 3 3
4460.4 2363.4 -15.5 2 0 19.9 8.6 10.5 3.5 2 0 3 3 3
4425.3 2350.4 -15.8 24 0 20.3 8.9 10.5 3.5 2 0 3 2 2
5402.2 2325.0 -13.5 93 0 19.2 19.1 14.0 0.0 0 0 4 5 5
5608.3 2394.9 -11.5 185 0 10.8 14.0 14.0 3.5 2 1 4 5 5
4429.5 2276.9 -15.5 279 0 23.4 18.9 14.0 3.5 2 0 4 1 1
5722.0 2433.3 -10.7 299 0 14.2 19.8 14.0 3.5 2 1 4 0 0
6843.0 4624.5 -26.3 305 0 17.3 12.9 14.0 3.5 2 0 4 2 2
6485.4 5059.4 -31.2 305 0 18.3 11.7 14.0 3.5 2 0 4 3 3
6532.2 5056.0 -31.5 127 0 20.9 17.9 10.5 3.5 2 0 3 3 3
6041.3 5108.2 -31.3 26 0 65.8 20.0 14.0 3.5 2 0 4 5 5
6577.9 4679.9 -27.0 119 0 30.3 32.2 14.0 0.0 0 1 4 2 2
6785.0 4500.0 -22.3 114 0 50.3 13.6 14.0 3.5 2 0 4 5 5
4770.5 2616.7 -16.1 178 0 29.2 18.2 10.5 0.0 0 0 3 4 4
4423.1 1496.2 7.2 348 0 13.2 16.5 14.0 3.5 2 1 4 1 1
4426.1 1476.4 6.1 348 0 15.8 13.0 14.0 0.0 0 0 4 2 2
4447.6 1353.7 0.7 352 0 12.6 12.7 14.0 3.5 2 1 4 5 5
4652.5 1738.8 -13.0 2 0 15.6 15.8 10.0 0.0 0 1 4 0 0
4471.5 1923.9 -8.4 8 0 13.2 14.2 7.5 2.5 2 1 3 2 2
4669.7 1772.2 -12.1 0 0 14.1 11.5 2.5 2.5 2 0 1 4 4
4559.9 2141.9 -13.9 120 0 10.4 20.8 14.0 3.5 2 1 4 1 1
4585.8 2435.1 -15.4 20 0 12.8 9.8 10.5 3.5 4 0 3 3 3
4413.3 1401.0 1.4 349 0 13.2 10.4 14.0 3.5 2 0 4 3 3
4414.3 1340.1 -1.2 165 0 12.1 12.5 14.0 3.5 2 1 4 3 3
4421.9 1372.9 0.3 354 0 10.7 11.6 14.0 3.5 2 1 4 3 3
4433.6 1412.3 3.2 351 0 11.7 11.8 14.0 3.5 2 1 4 2 2
4633.3 1819.1 -13.9 331 0 23.6 28.8 12.5 0.0 0 1 5 4 4
4443.8 1385.6 2.2 352 0 13.6 12.8 14.0 3.5 2 0 4 4 4
5781.0 1700.7 13.5 82 0 23.3 12.3 10.5 3.5 2 0 3 3 3
4772.6 2061.9 -10.8 27 0 12.2 23.2 10.0 2.5 2 1 4 0 0
4578.8 1963.0 -13.5 184 0 21.8 36.6 10.0 0.0 0 1 4 3 3
5145.1 1664.5 6.2 23 0 12.6 10.4 14.0 3.5 2 0 4 2 2
5038.5 1715.2 4.5 95 0 17.3 12.0 14.0 0.0 0 0 4 4 4
5022.0 1753.1 2.7 287 0 22.1 15.1 14.0 3.5 2 0 4 1 1
5571.9 4377.8 -24.5 195 0 16.4 37.6 10.5 3.5 2 1 3 3 3
5704.1 4291.9 -21.3 276 0 7.9 23.8 10.5 0.0 0 1 3 5 5
6172.7 4586.0 -16.2 303 0 35.7 19.4 59.5 0.0 0 0 17 3 3
6849.9 3329.3 -3.1 41 0 14.9 23.7 14.0 0.0 0 1 4 0 0
6820.3 3422.2 -3.5 311 0 36.8 16.6 14.0 0.0 0 0 4 0 0
6847.4 3358.2 -3.3 41 0 16.3 38.2 14.0 0.0 0 1 4 4 4
5747.7 4202.4 -19.7 293 0 11.1 11.0 14.0 3.5 2 0 4 2 2
6426.1 5076.4 -31.1 269 0 32.8 17.5 14.0 3.5 2 0 4 3 3
6698.2 3554.1 -6.4 307 0 24.5 16.5 14.0 3.5 2 0 4 5 5
5785.9 4163.4 -18.5 1 0 12.1 7.2 10.5 3.5 2 0 3 1 1
5805.9 4323.6 -19.5 344 0 21.2 12.2 14.0 3.5 2 0 4 5 5
6635.5 3499.3 -5.6 190 0 15.3 42.6 14.0 3.5 2 1 4 5 5
1685.7 -6465.0 -29.9 221 0 10.9 22.9 17.5 3.5 2 1 5 5 5
1751.6 -6518.2 -29.5 309 0 12.0 23.8 17.5 3.5 2 1 5 1 1
5639.0 3691.3 -18.8 228 0 18.9 23.9 14.0 3.5 2 1 4 3 3
5414.5 3669.7 -22.9 296 0 58.4 17.1 14.0 3.5 2 0 4 4 4
5509.9 3806.2 -21.2 67 0 18.6 36.6 14.0 3.5 2 1 4 5 5
5784.9 3701.4 -16.7 324 0 21.5 18.9 14.0 0.0 0 0 4 5 5
5706.8 3667.2 -17.6 122 0 15.4 21.2 14.0 3.5 2 1 4 4 4
1747.5 -6564.6 -29.4 59 0 20.1 21.0 17.5 3.5 2 1 5 0 0
5989.9 3911.3 -14.9 246 0 11.4 26.0 14.0 0.0 0 1 4 2 2
5784.3 3825.0 -16.9 306 0 13.0 18.1 14.0 0.0 0 1 4 3 3
6055.3 3693.7 -15.8 285 0 20.8 16.4 14.0 0.0 0 0 4 3 3
6315.2 3707.6 -11.5 156 0 13.9 26.4 14.0 0.0 0 1 4 0 0
6005.9 3630.2 -15.7 270 0 18.9 40.5 14.0 3.5 2 1 4 3 3
6075.0 3604.3 -15.5 60 0 24.5 26.1 14.0 0.0 0 1 4 2 2
6136.4 3629.8 -15.1 53 0 19.4 26.4 14.0 0.0 0 1 4 1 1
6092.7 3809.0 -15.8 227 0 39.0 16.9 14.0 3.5 4 0 4 1 1
6450.1 3644.7 -11.5 74 0 20.1 12.8 14.0 3.5 2 0 4 5 5
5588.9 3781.7 -19.8 287 0 8.5 16.4 10.5 0.0 0 1 3 2 2
6633.9 3454.7 -4.8 162 0 30.7 12.7 14.0 0.0 0 0 4 1 1
5918.0 3517.8 -17.2 71 0 15.9 32.2 14.0 0.0 0 1 4 4 4
5979.8 3548.5 -15.9 67 0 21.8 17.3 14.0 3.5 2 0 4 3 3
5934.1 3607.2 -16.7 204 0 17.8 39.9 14.0 3.5 2 1 4 2 2
6269.0 3773.0 -10.9 278 0 17.6 14.2 14.0 3.5 2 0 4 4 4
6278.0 3588.2 -11.3 66 0 54.9 23.9 14.0 3.5 2 0 4 0 0
6197.9 3749.4 -13.6 9 0 12.6 16.1 14.0 3.5 2 1 4 4 4
5842.5 3572.0 -16.9 177 0 12.7 19.2 14.0 3.5 4 1 4 0 0
5858.2 3626.9 -16.5 311 0 19.7 24.7 14.0 3.5 2 1 4 0 0
5923.5 3490.3 -17.4 4 0 8.0 19.7 10.5 3.5 2 1 3 4 4
1912.7 -6545.3 -29.3 219 0 32.5 12.6 17.5 3.5 2 0 5 0 0
1863.4 -6562.9 -29.5 131 0 15.0 27.7 14.0 0.0 0 1 4 4 4
1660.1 -6372.0 -31.2 98 0 17.0 32.0 17.5 3.5 2 1 5 3 3
1766.9 -6155.1 -32.6 131 0 18.0 48.2 14.0 3.5 2 1 4 3 3
2191.2 -6406.2 -23.8 348 0 11.4 23.4 14.0 0.0 0 1 4 0 0
2561.4 -6249.8 -30.5 244 0 14.2 23.1 14.0 3.5 2 1 4 3 3
2241.0 -6426.3 -24.5 182 0 10.6 21.7 17.5 0.0 0 1 5 5 5
2092.8 -6362.7 -25.7 129 0 13.7 19.2 14.0 3.5 2 1 4 5 5
1942.3 -6368.4 -30.1 41 0 37.9 13.3 14.0 3.5 2 0 4 4 4
2231.2 -6394.0 -23.3 345 0 11.3 22.3 14.0 0.0 0 1 4 2 2
2204.4 -6384.1 -22.9 345 0 10.9 24.2 14.0 0.0 0 1 4 2 2
2105.3 -6343.9 -25.5 131 0 16.5 23.6 14.0 3.5 2 1 4 2 2
2483.2 -6356.7 -27.4 223 0 12.5 18.7 17.5 0.0 0 1 5 4 4
2514.9 -6429.5 -29.6 42 0 18.9 23.4 17.5 0.0 0 1 5 0 0
1963.2 -6449.0 -29.2 39 0 11.5 27.5 14.0 3.5 2 1 4 4 4
2489.7 -6244.3 -28.4 129 0 14.4 23.6 14.0 0.0 0 1 4 0 0
2494.0 -6272.0 -28.1 128 0 27.3 18.4 14.0 3.5 2 0 4 0 0
2232.5 -6227.7 -23.5 271 0 17.7 21.9 14.0 3.5 2 1 4 5 5
2202.7 -6310.1 -23.5 42 0 53.2 17.4 14.0 3.5 2 0 4 5 5
2013.6 -6350.4 -27.8 218 0 9.6 19.7 10.5 3.5 2 1 3 3 3
2550.5 -6226.7 -30.9 215 0 18.4 25.8 14.0 3.5 2 1 4 1 1
6259.7 3965.9 -11.8 88 0 25.6 19.7 14.0 3.5 2 0 4 1 1
6869.8 3620.9 -2.3 329 0 19.3 8.7 10.5 3.5 2 0 3 3 3
6372.3 3939.0 -9.1 38 0 23.4 26.4 14.0 0.0 0 1 4 0 0
6110.9 3900.9 -15.1 54 0 24.1 20.2 14.0 0.0 0 0 4 0 0
6223.1 3852.0 -13.1 80 0 12.4 18.4 14.0 3.5 2 1 4 3 3
6222.9 4000.4 -12.0 178 0 24.3 18.0 14.0 3.5 2 0 4 5 5
6181.2 3922.8 -13.5 248 0 12.4 22.6 14.0 0.0 0 1 4 2 2
6070.1 3979.9 -15.2 283 0 13.1 20.6 14.0 3.5 2 1 4 2 2
6099.3 4092.7 -13.9 70 0 21.6 17.7 10.5 0.0 0 0 3 4 4
6205.3 4090.4 -12.3 68 0 82.1 17.7 14.0 3.5 2 0 4 5 5
6244.6 3829.5 -12.3 104 0 40.8 15.6 14.0 3.5 2 0 4 3 3
6230.8 4147.9 -10.8 95 0 4.6 11.2 10.5 3.5 2 1 3 5 5
6014.1 3967.1 -14.8 143 0 13.0 10.0 14.0 3.5 2 0 4 3 3
6258.3 3860.7 -12.4 61 0 22.7 27.9 14.0 0.0 0 1 4 4 4
6273.0 4091.3 -10.4 97 0 18.4 82.6 14.0 3.5 2 1 4 2 2
6310.5 4217.9 -8.0 339 0 81.3 18.5 14.0 3.5 2 0 4 2 2
6214.7 4343.8 -8.9 284 0 41.5 18.2 14.0 3.5 4 0 4 1 1
5982.6 4035.1 -14.8 243 0 19.7 53.3 14.0 3.5 2 1 4 1 1
6349.2 4105.3 -9.0 69 0 18.6 62.7 14.0 3.5 2 1 4 1 1
6256.2 4322.6 -8.9 247 0 17.7 64.9 14.0 3.5 2 1 4 0 0
6140.2 4062.0 -13.2 67 0 38.9 19.0 14.0 3.5 2 0 4 5 5
6749.0 3771.0 -3.8 147 0 7.7 15.2 10.5 3.5 2 1 3 4 4
6267.6 3940.2 -12.0 263 0 47.4 20.4 14.0 3.5 4 0 4 2 2
6053.9 3570.4 -15.6 341 0 11.0 26.5 14.0 0.0 0 1 4 5 5
6053.2 3518.4 -15.5 72 0 17.0 34.6 14.0 3.5 2 1 4 0 0
6009.5 3506.1 -15.6 68 0 10.4 16.6 14.0 0.0 0 1 4 3 3
5950.4 3515.1 -16.6 69 0 11.0 23.0 14.0 0.0 0 1 4 4 4
6016.7 3527.3 -15.7 70 0 14.7 16.5 14.0 3.5 4 1 4 0 0
5939.9 3493.4 -16.9 71 0 10.3 23.1 14.0 0.0 0 1 4 0 0
5964.1 3470.6 -16.1 71 0 10.7 22.9 14.0 0.0 0 1 4 3 3
6108.8 3995.4 -14.4 299 0 16.1 22.2 14.0 3.5 2 1 4 0 0
6076.7 3510.7 -15.3 72 0 32.4 17.7 14.0 0.0 0 0 4 0 0
6091.9 4003.3 -14.6 298 0 13.3 21.5 14.0 0.0 0 1 4 1 1
5561.9 4037.8 -20.3 35 0 19.9 20.6 14.0 0.0 0 1 4 5 5
5462.1 3336.2 -15.0 250 0 36.4 52.8 14.0 0.0 0 1 4 3 3
5500.5 3998.1 -20.7 216 0 20.1 21.0 14.0 3.5 2 1 4 3 3
6127.6 3946.6 -14.3 27 0 12.9 17.0 14.0 3.5 2 1 4 5 5
5574.1 3357.2 -17.5 338 0 10.8 26.0 14.0 3.5 4 1 4 3 3
5412.9 3370.3 -16.6 67 0 15.4 19.4 14.0 0.0 0 1 4 5 5
6025.7 4060.3 -15.0 98 0 21.1 10.5 10.5 3.5 2 0 3 5 5
2592.8 -6531.2 -29.0 57 0 9.5 15.1 10.5 3.5 4 1 3 4 4
2537.1 -6447.2 -29.8 221 0 18.5 15.6 14.0 3.5 2 0 4 5 5
2528.0 -6541.3 -29.4 39 0 11.3 31.1 14.0 3.5 2 1 4 3 3
2471.7 -6529.3 -29.4 210 0 6.4 36.9 10.5 0.0 0 1 3 2 2
2798.5 -6243.7 -28.6 232 0 11.2 18.1 14.0 3.5 4 1 4 4 4
5441.9 2943.7 -8.3 232 0 17.2 15.6 14.0 3.5 4 0 4 4 4
5581.2 2921.5 -7.9 285 0 36.3 15.7 14.0 3.5 2 0 4 2 2
6079.0 4993.3 -30.7 196 0 17.4 33.7 14.0 3.5 2 1 4 5 5
5477.1 2948.3 -8.1 276 0 34.8 16.3 14.0 3.5 4 0 4 5 5
5530.4 2933.9 -8.0 286 0 52.7 14.7 14.0 3.5 2 0 4 5 5
5356.2 2858.5 -10.8 276 0 21.8 10.9 10.5 3.5 2 0 3 5 5
6116.6 4838.2 -29.4 293 0 44.1 18.2 10.5 0.0 0 0 3 3 3
5947.5 2735.5 -11.1 178 0 12.2 8.3 10.5 0.0 0 0 3 2 2
6523.3 4812.9 -28.8 211 0 18.9 58.0 14.0 3.5 2 1 4 0 0
5400.6 -6248.3 -11.9 302 0 12.4 18.9 10.5 0.0 0 1 3 1 1
5104.0 -6317.0 -17.5 125 0 36.3 7.8 10.5 3.5 2 0 3 1 1
5652.8 -6474.5 -16.7 295 0 12.0 37.7 14.0 0.0 0 1 4 0 0
5253.9 -6172.4 -15.1 156 0 8.0 57.4 10.5 3.5 2 1 3 1 1
4970.4 -5812.7 -9.4 256 0 8.2 14.6 10.5 3.5 2 1 3 0 0
4695.1 -5766.2 -23.7 262 0 11.0 29.0 14.0 3.5 2 1 4 0 0
4611.4 -6025.1 -24.2 323 0 57.8 9.3 10.5 3.5 2 0 3 5 5
5014.9 -5883.0 -6.5 73 0 19.2 32.5 14.0 0.0 0 1 4 1 1
4901.6 -5864.5 -15.3 165 0 16.6 21.5 14.0 3.5 2 1 4 0 0
4836.3 -6061.9 -18.2 61 0 36.7 13.3 17.5 3.5 2 0 5 1 1
4498.5 -6260.7 -25.4 89 0 11.3 43.6 17.5 3.5 2 1 5 3 3
4495.5 2683.4 -18.0 217 0 17.4 28.9 14.0 3.5 2 1 4 5 5
4819.8 2696.9 -16.2 106 0 15.1 20.4 14.0 3.5 2 1 4 1 1
4510.1 3067.6 -17.2 132 0 14.6 17.1 14.0 0.0 0 1 4 5 5
4481.1 3071.9 -17.5 124 0 14.5 12.9 14.0 3.5 4 0 4 1 1
4918.6 3897.8 -25.6 10 0 21.7 16.7 14.0 0.0 0 0 4 3 3
4864.5 3907.6 -26.4 190 0 21.7 18.4 14.0 0.0 0 0 4 5 5
4874.5 3341.3 -16.2 198 0 13.0 22.6 14.0 3.5 2 1 4 4 4
4823.4 3132.4 -17.9 340 0 8.0 22.3 10.5 0.0 0 1 3 1 1
4554.2 3096.0 -16.9 310 0 20.4 16.2 14.0 3.5 2 0 4 0 0
4816.5 3155.5 -18.3 338 0 8.3 21.3 10.5 0.0 0 1 3 2 2
4511.1 3237.9 -19.0 264 0 11.9 22.9 14.0 0.0 0 1 4 3 3
4890.6 3052.6 -15.7 70 0 26.2 11.1 14.0 3.5 2 0 4 1 1
4836.2 2715.1 -16.2 106 0 16.3 18.6 14.0 3.5 2 1 4 3 3
5288.6 3906.1 -24.5 278 0 26.0 57.0 14.0 3.5 4 1 4 3 3
4896.8 3379.5 -15.2 209 0 50.0 13.3 14.0 3.5 2 0 4 0 0
5029.2 3921.2 -24.6 6 0 19.7 23.9 10.5 3.5 4 1 3 0 0
4842.7 -6569.1 -23.5 354 0 13.0 24.3 14.0 0.0 0 1 4 1 1
5240.7 4996.4 -26.7 12 0 14.4 13.8 14.0 3.5 2 0 4 1 1
5119.1 4870.0 -22.5 73 0 7.4 11.7 10.5 3.5 2 1 3 5 5
5211.0 4978.6 -25.9 202 0 8.0 12.2 10.5 3.5 2 1 3 5 5
5118.6 5066.5 -15.2 5 0 8.6 12.6 10.5 3.5 2 1 3 3 3
5193.9 4989.8 -24.4 183 0 14.3 13.6 14.0 3.5 2 0 4 3 3
5194.8 5034.2 -22.9 183 0 5.9 11.7 10.5 0.0 0 1 3 3 3
5197.9 4956.0 -25.4 182 0 9.0 9.5 10.5 3.5 2 1 3 0 0
5197.0 4967.2 -24.9 183 0 7.2 8.9 10.5 3.5 2 1 3 3 3
5471.3 4213.8 -24.7 95 0 10.3 16.4 10.5 3.5 2 1 3 4 4
5181.3 4989.2 -22.3 10 0 7.2 11.9 10.5 3.5 2 1 3 1 1
5137.6 4994.9 -19.2 185 0 8.9 5.4 10.5 3.5 2 0 3 1 1
5236.6 4841.1 -30.1 160 0 13.0 8.9 10.5 3.5 4 0 3 2 2
5056.2 4923.3 -21.6 84 0 24.6 15.8 14.0 0.0 0 0 4 4 4
5177.8 5022.2 -21.0 23 0 10.5 8.8 10.5 3.5 2 0 3 3 3
5150.2 5028.8 -19.4 196 0 7.5 8.8 10.5 0.0 0 1 3 0 0
5697.5 4229.6 -21.0 179 0 9.0 16.0 10.5 3.5 2 1 3 2 2
5155.1 4936.5 -21.9 13 0 6.6 6.9 10.5 3.5 2 1 3 0 0
5129.0 4875.5 -22.1 77 0 12.4 12.9 10.5 3.5 2 1 3 0 0
5157.9 4912.6 -22.9 0 0 6.4 10.7 10.5 3.5 2 1 3 5 5
5179.1 4917.2 -25.7 223 0 8.4 17.4 10.5 3.5 2 1 3 5 5
6922.5 4447.5 -22.0 110 0 29.8 19.2 14.0 3.5 2 0 4 3 3
4997.3 4951.3 -23.1 279 0 10.8 13.3 14.0 3.5 2 1 4 3 3
6809.4 3254.0 3.3 207 0 14.7 30.8 14.0 3.5 2 1 4 3 3
6089.3 3437.8 -8.7 254 0 13.5 16.6 14.0 0.0 0 1 4 5 5
6046.2 3422.5 -13.0 248 0 16.1 15.9 14.0 0.0 0 0 4 4 4
6067.5 3430.4 -11.2 252 0 12.6 15.2 14.0 3.5 2 1 4 4 4
5073.5 4589.2 -28.9 177 0 15.2 13.9 10.0 2.5 2 0 4 5 5
5927.7 4334.7 -17.2 35 0 15.4 34.9 14.0 3.5 2 1 4 4 4
4993.5 4912.4 -24.6 112 0 6.2 13.5 10.5 3.5 2 1 3 2 2
5204.1 4413.5 -27.1 360 0 8.7 18.4 10.5 3.5 2 1 3 0 0
5870.8 3160.1 -16.3 156 0 20.1 4.9 10.5 0.0 0 0 3 3 3
5111.6 4744.2 -29.0 355 0 7.8 8.6 7.5 2.5 2 1 3 3 3
5197.1 4669.9 -28.4 178 0 6.8 12.2 10.5 3.5 4 1 3 3 3
5220.1 4568.3 -27.6 176 0 13.0 10.8 14.0 3.5 2 0 4 4 4
5090.3 4752.9 -29.0 267 0 12.9 11.2 5.0 2.5 2 0 2 4 4
5083.4 4574.1 -28.9 182 0 10.2 21.9 5.0 2.5 2 1 2 5 5
4981.0 4958.2 -23.0 282 0 10.7 10.0 10.5 3.5 2 0 3 4 4
5589.8 2957.1 -7.3 102 0 9.5 13.6 10.5 3.5 2 1 3 5 5
5538.5 3167.5 -10.2 162 0 13.3 37.9 10.5 3.5 2 1 3 3 3
5486.8 3033.2 -7.1 137 0 11.9 38.0 10.5 3.5 2 1 3 1 1
5516.6 3039.5 -7.0 230 0 4.9 16.6 10.5 3.5 2 1 3 5 5
5599.8 3158.5 -11.2 76 0 12.9 38.8 10.5 0.0 0 1 3 0 0
5535.5 3069.8 -7.5 47 0 25.5 12.5 10.5 0.0 0 0 3 4 4
5505.2 3184.7 -10.1 161 0 13.0 46.7 10.5 0.0 0 1 3 0 0
5374.5 3031.2 -10.7 319 0 52.1 18.6 14.0 3.5 2 0 4 3 3
5801.3 2985.2 -10.7 348 0 12.7 33.0 14.0 3.5 2 1 4 4 4
5663.5 3351.6 -17.4 69 0 48.7 10.0 10.5 3.5 2 0 3 2 2
5769.0 3061.2 -12.7 165 0 14.2 52.0 14.0 3.5 4 1 4 4 4
5708.7 2693.2 -9.3 198 0 43.4 11.1 10.5 3.5 2 0 3 0 0
5439.5 3096.1 -7.3 143 0 66.6 14.4 10.5 3.5 2 0 3 2 2
5684.0 2957.9 -8.8 99 0 17.7 13.8 14.0 3.5 2 0 4 5 5
5751.8 3280.8 -16.1 157 0 35.1 36.1 14.0 0.0 0 1 4 3 3
4616.9 -5290.8 -16.3 39 0 20.1 12.5 14.0 3.5 2 0 4 3 3
4778.7 -5292.1 -12.9 351 0 12.7 21.9 14.0 3.5 2 1 4 0 0
4502.1 -6551.5 -27.1 88 0 20.2 13.5 17.5 3.5 2 0 5 3 3
4473.9 -6470.0 -26.3 263 0 4.7 17.8 10.5 0.0 0 1 3 4 4
4526.8 -6487.9 -26.1 257 0 14.0 18.9 17.5 3.5 4 1 5 5 5
4495.5 -6452.0 -25.9 276 0 12.5 17.4 17.5 0.0 0 1 5 2 2
4532.9 -6455.8 -25.0 271 0 13.4 14.7 17.5 0.0 0 1 5 3 3
4621.3 -5269.5 -16.8 134 0 8.8 19.0 10.5 3.5 2 1 3 5 5
4434.0 -6503.9 -27.4 85 0 31.6 11.5 17.5 0.0 0 0 5 3 3
4552.5 -6412.3 -23.7 185 0 22.1 15.4 17.5 3.5 2 0 5 0 0
4666.4 -5281.8 -14.5 47 0 6.1 10.6 10.5 3.5 2 1 3 1 1
4427.3 -6460.5 -26.7 348 0 6.3 24.7 10.5 3.5 2 1 3 2 2
4458.8 -6452.2 -26.3 270 0 21.8 11.9 17.5 0.0 0 0 5 5 5
4640.1 -6431.4 -21.8 95 0 30.6 11.9 17.5 3.5 2 0 5 1 1
4746.6 -5270.6 -15.9 99 0 31.7 13.3 14.0 3.5 2 0 4 3 3
5019.7 3016.3 -14.7 187 0 19.5 10.3 14.0 3.5 2 0 4 2 2
5012.5 3446.5 -15.2 341 0 32.1 12.8 10.5 3.5 2 0 3 3 3
4694.3 2953.4 -16.7 25 0 9.8 24.8 10.5 0.0 0 1 3 1 1
5345.3 3091.9 -12.0 70 0 32.3 17.8 14.0 0.0 0 0 4 4 4
5298.3 3057.8 -12.9 109 0 10.1 19.2 14.0 3.5 2 1 4 1 1
4878.6 3392.2 -15.5 111 0 6.4 40.3 10.5 0.0 0 1 3 4 4
5310.2 3136.9 -12.5 250 0 15.4 24.1 14.0 0.0 0 1 4 5 5
4813.3 2834.8 -16.5 273 0 5.9 8.3 10.5 3.5 4 1 3 2 2
5084.2 3053.4 -15.4 220 0 6.0 9.2 10.5 0.0 0 1 3 4 4
4863.3 2768.9 -16.2 290 0 7.3 19.6 10.5 3.5 2 1 3 5 5
5463.9 2886.7 -8.6 146 0 56.6 15.8 14.0 3.5 2 0 4 5 5
5178.0 2886.4 -16.1 184 0 51.0 34.6 10.5 0.0 0 0 3 3 3
5125.9 2971.1 -16.2 185 0 32.3 40.6 10.5 0.0 0 1 3 1 1
5377.3 3121.9 -10.1 349 0 34.9 18.1 14.0 0.0 0 0 4 2 2
5160.0 3072.6 -16.4 162 0 9.2 65.4 10.5 3.5 2 1 3 5 5
4863.2 3245.9 -18.3 289 0 32.3 8.4 10.5 3.5 4 0 3 5 5
4710.1 -6307.2 -20.7 198 0 15.7 17.1 17.5 3.5 2 1 5 3 3
4550.5 -5624.0 -8.6 69 0 18.7 30.3 14.0 3.5 2 1 4 3 3
4428.0 -6222.1 -26.7 180 0 17.6 27.0 17.5 3.5 4 1 5 5 5
4467.5 -5600.0 -13.7 249 0 18.2 49.5 14.0 3.5 2 1 4 5 5
4485.4 -5924.2 -25.4 352 0 20.7 12.8 17.5 3.5 2 0 5 5 5
4418.1 -6269.9 -26.7 170 0 10.9 20.2 17.5 0.0 0 1 5 2 2
4443.4 -6048.0 -27.7 351 0 9.9 39.6 10.5 0.0 0 1 3 3 3
4844.0 -6279.0 -19.3 298 0 23.6 20.3 17.5 0.0 0 0 5 1 1
4936.0 -6416.6 -18.3 72 0 14.2 17.1 17.5 0.0 0 1 5 4 4
4423.1 -6245.5 -26.7 173 0 7.1 23.7 10.5 0.0 0 1 3 1 1
4763.3 -6418.6 -21.1 272 0 21.1 9.5 10.5 3.5 4 0 3 2 2
4542.9 -5742.7 -23.2 239 0 30.4 15.3 14.0 3.5 2 0 4 5 5
4572.8 -5618.9 -7.4 67 0 12.2 18.3 14.0 3.5 2 1 4 5 5
4762.4 -6075.3 -22.1 150 0 20.1 19.9 17.5 3.5 2 0 5 0 0
4789.7 -6135.8 -19.4 142 0 18.3 11.7 17.5 3.5 4 0 5 5 5
4938.0 -6333.9 -18.3 305 0 21.2 69.1 17.5 0.0 0 1 5 3 3
4694.2 -6229.9 -22.0 350 0 12.7 19.4 17.5 3.5 2 1 5 1 1
4689.3 -6409.7 -21.5 274 0 41.8 25.9 17.5 3.5 2 0 5 1 1
4486.3 -5308.9 -24.8 104 0 7.7 14.1 10.5 3.5 2 1 3 1 1
4658.3 -6126.1 -23.0 338 0 12.8 19.1 17.5 3.5 2 1 5 1 1
4975.3 -5957.7 -7.0 253 0 21.1 14.9 17.5 3.5 2 0 5 4 4
4945.3 -5967.1 -9.2 245 0 19.9 16.4 17.5 3.5 2 0 5 3 3
4928.3 -5972.6 -11.3 249 0 19.6 13.9 17.5 3.5 2 0 5 0 0
4606.4 -6045.9 -24.2 324 0 7.8 27.1 10.5 3.5 2 1 3 3 3
4636.8 -6243.5 -22.7 180 0 10.4 18.8 17.5 3.5 2 1 5 3 3
4622.6 -6167.8 -23.3 87 0 8.6 24.4 10.5 0.0 0 1 3 2 2
4901.3 -5993.0 -13.6 140 0 13.9 11.2 17.5 0.0 0 0 5 1 1
4949.3 -6026.1 -8.1 117 0 13.9 18.8 17.5 3.5 2 1 5 1 1
4965.5 -6034.8 -6.5 117 0 15.8 18.8 17.5 3.5 2 1 5 4 4
4633.4 -6093.4 -23.7 325 0 23.1 19.4 17.5 0.0 0 0 5 0 0
4548.4 -6275.0 -24.6 52 0 11.6 24.0 17.5 0.0 0 1 5 0 0
4612.2 -6185.0 -23.8 64 0 9.0 40.0 10.5 3.5 4 1 3 2 2
4648.1 -6074.7 -23.4 325 0 36.8 14.2 17.5 0.0 0 0 5 2 2
4866.3 -6136.2 -16.3 256 0 15.9 15.2 17.5 3.5 2 0 5 2 2
5059.3 -5944.5 -3.7 348 0 13.8 20.0 17.5 3.5 2 1 5 5 5
5033.9 -5948.4 -4.0 345 0 13.8 18.9 17.5 3.5 2 1 5 1 1
4650.8 -6174.8 -23.0 63 0 8.2 20.8 10.5 0.0 0 1 3 1 1
5070.9 -5891.3 -2.9 166 0 23.9 21.7 14.0 3.5 4 0 4 4 4
4634.8 -6178.7 -23.2 65 0 19.9 12.8 17.5 3.5 2 0 5 0 0
4999.0 -5951.0 -5.1 255 0 19.0 13.8 17.5 3.5 2 0 5 0 0
5074.1 -5935.2 -4.6 259 0 18.2 13.3 17.5 3.5 4 0 5 2 2
5199.1 4474.2 -27.4 92 0 10.3 11.0 10.5 3.5 4 1 3 3 3
4508.3 3124.4 -17.4 305 0 10.6 42.3 14.0 3.5 2 1 4 0 0
4457.7 3333.3 -20.8 95 0 10.6 24.3 14.0 3.5 2 1 4 4 4
6638.5 3879.3 -3.3 344 0 20.3 27.0 10.5 3.5 2 1 3 1 1
6601.6 3925.2 -2.3 292 0 25.4 25.1 10.5 0.0 0 0 3 0 0
4918.8 4952.3 -26.0 290 0 10.0 12.9 10.5 0.0 0 1 3 4 4
4782.3 5022.3 -26.9 287 0 8.9 9.7 10.5 0.0 0 1 3 1 1
6034.2 5006.2 -30.3 199 0 14.8 35.4 14.0 3.5 2 1 4 3 3
4452.6 2911.1 -19.2 45 0 16.0 12.9 14.0 3.5 2 0 4 2 2
4869.6 5036.0 -22.9 291 0 14.1 12.8 14.0 3.5 2 0 4 2 2
6387.7 4001.0 -9.6 334 0 14.4 44.0 14.0 3.5 2 1 4 2 2
5117.7 5012.5 -16.7 19 0 11.6 9.2 10.5 3.5 4 0 3 0 0
4877.8 5004.8 -23.5 132 0 10.6 9.8 10.5 3.5 2 0 3 4 4
6552.8 3896.9 -3.6 154 0 25.8 20.8 10.5 3.5 2 0 3 2 2
4485.1 2850.5 -19.0 126 0 10.0 12.0 14.0 3.5 2 1 4 1 1
4770.6 5021.0 -27.4 274 0 6.1 11.4 10.5 3.5 4 1 3 5 5
4886.0 4993.9 -23.8 118 0 5.3 11.7 10.5 3.5 4 1 3 4 4
5844.6 3260.1 -15.9 65 0 19.0 14.4 10.5 3.5 2 0 3 4 4
6290.0 4489.9 -16.4 302 0 14.4 44.5 10.5 3.5 2 1 3 5 5
5082.7 3712.3 -25.5 189 0 16.0 17.5 14.0 3.5 2 1 4 0 0
5948.5 3203.5 -14.7 340 0 10.7 13.0 10.5 3.5 4 1 3 5 5
5873.1 3267.4 -16.2 67 0 18.5 14.9 10.5 3.5 4 0 3 0 0
5895.4 3250.1 -15.9 338 0 19.3 10.0 10.5 3.5 2 0 3 3 3
5187.8 3688.3 -26.3 11 0 21.9 20.1 14.0 3.5 2 0 4 3 3
5147.4 3728.5 -26.1 280 0 42.9 26.8 14.0 3.5 2 0 4 0 0
5911.7 3251.7 -15.3 150 0 6.0 7.4 10.5 3.5 2 1 3 0 0
5147.6 -6385.8 -17.6 137 0 21.6 19.1 14.0 3.5 2 0 4 4 4
4871.9 -5833.2 -20.1 347 0 17.5 28.2 14.0 3.5 2 1 4 4 4
5178.7 -6184.1 -17.0 250 0 9.8 31.2 10.5 0.0 0 1 3 0 0
4999.5 -6284.1 -16.7 270 0 9.8 18.1 10.5 3.5 2 1 3 4 4
4928.1 -5816.9 -14.4 255 0 26.2 49.7 14.0 0.0 0 1 4 0 0
4521.0 -5666.8 -14.9 247 0 27.5 11.1 14.0 0.0 0 0 4 4 4
4612.5 -5570.1 -4.2 247 0 14.9 27.6 14.0 3.5 2 1 4 0 0
5073.9 -5920.3 -3.9 167 0 11.2 18.8 14.0 3.5 2 1 4 1 1
4953.7 -6159.2 -11.6 82 0 18.2 38.4 17.5 3.5 2 1 5 5 5
4742.1 -5542.2 -3.6 237 0 36.6 27.2 14.0 0.0 0 0 4 0 0
4839.6 -5868.5 -20.8 169 0 12.3 44.7 14.0 3.5 2 1 4 1 1
5219.1 -6084.0 -15.4 162 0 6.9 10.4 10.5 3.5 2 1 3 2 2
5094.0 -6343.7 -17.6 297 0 11.6 19.6 14.0 3.5 4 1 4 1 1
4772.5 -5994.6 -24.4 65 0 53.3 21.0 17.5 3.5 2 0 5 5 5
5158.2 -6499.2 -17.9 310 0 9.4 21.1 10.5 3.5 2 1 3 2 2
4950.5 -5811.1 -11.7 256 0 14.6 50.0 14.0 3.5 4 1 4 5 5
4414.4 -5620.0 -13.8 172 0 6.9 7.8 10.5 3.5 2 1 3 3 3
5350.9 -5930.7 -10.1 277 0 14.7 11.8 10.0 2.5 2 0 4 4 4
4996.9 -6185.2 -14.1 81 0 9.7 19.9 10.5 3.5 2 1 3 3 3
4588.3 -5611.3 -6.4 68 0 15.0 43.2 14.0 3.5 2 1 4 5 5
5270.6 -6493.8 -16.0 125 0 20.7 19.5 14.0 3.5 4 0 4 0 0
4709.9 -5274.2 -15.6 50 0 10.7 23.1 14.0 3.5 2 1 4 1 1
4471.2 -6123.9 -26.4 358 0 5.8 15.5 10.5 3.5 2 1 3 5 5
4598.2 -6402.9 -23.0 275 0 36.9 26.1 17.5 0.0 0 0 5 2 2
3484.9 -6567.2 -24.2 31 0 19.6 20.3 17.5 0.0 0 1 5 2 2
3543.3 -6539.8 -24.8 287 0 34.3 15.3 14.0 0.0 0 0 4 1 1
3522.6 -6513.1 -24.5 128 0 15.0 26.4 17.5 3.5 2 1 5 0 0
3413.5 -6408.0 -23.7 109 0 43.5 11.9 14.0 0.0 0 0 4 1 1
3337.6 -6432.8 -24.0 119 0 11.1 22.2 17.5 3.5 2 1 5 3 3
3371.5 -6333.9 -24.2 35 0 24.9 23.6 14.0 3.5 2 0 4 3 3
3359.3 -6449.2 -23.9 118 0 29.0 12.3 17.5 3.5 2 0 5 0 0
3331.8 -6362.5 -24.3 125 0 23.5 23.8 14.0 0.0 0 1 4 1 1
3395.1 -6353.2 -24.0 37 0 26.9 15.5 17.5 3.5 2 0 5 3 3
3404.4 -6375.7 -23.8 36 0 55.5 10.5 14.0 0.0 0 0 4 2 2
3362.7 -6382.2 -24.0 127 0 16.3 27.1 17.5 0.0 0 1 5 2 2
3358.7 -6538.4 -25.4 19 0 33.1 21.2 17.5 0.0 0 0 5 4 4
3717.0 -6314.3 -24.3 96 0 13.2 20.5 17.5 3.5 2 1 5 1 1
3693.9 -6417.7 -26.7 240 0 24.5 23.3 17.5 0.0 0 0 5 0 0
3609.0 -6550.8 -25.4 127 0 12.0 38.7 14.0 3.5 2 1 4 2 2
3708.4 -6323.3 -24.5 303 0 19.9 10.7 17.5 3.5 2 0 5 2 2
4050.5 -6478.1 -29.4 36 0 13.5 36.9 14.0 3.5 2 1 4 5 5
3753.7 -6226.4 -24.8 118 0 13.7 19.6 17.5 0.0 0 1 5 3 3
3913.4 -6301.7 -24.5 121 0 22.4 14.3 17.5 3.5 2 0 5 2 2
3850.8 -6286.0 -24.6 286 0 10.5 36.9 17.5 3.5 2 1 5 5 5
3881.1 -6303.7 -24.8 298 0 36.5 12.8 17.5 3.5 2 0 5 5 5
3930.8 -6443.0 -28.2 117 0 22.5 18.4 17.5 3.5 2 0 5 1 1
4025.7 -6516.3 -30.7 34 0 38.5 12.5 14.0 3.5 2 0 4 1 1
3918.9 -6515.4 -30.1 191 0 37.7 15.5 17.5 0.0 0 0 5 4 4
3917.4 -6568.6 -30.1 102 0 19.6 22.7 17.5 3.5 2 1 5 3 3
3902.2 -6518.8 -29.7 9 0 19.1 23.4 17.5 3.5 2 1 5 1 1
3916.4 -6462.1 -29.0 12 0 37.7 15.7 17.5 3.5 2 0 5 1 1
4234.4 -6214.8 -30.5 227 0 27.4 13.9 17.5 3.5 2 0 5 3 3
3978.9 -6146.8 -23.1 0 0 36.5 13.8 17.5 0.0 0 0 5 3 3
4026.4 -6177.9 -26.3 294 0 13.7 37.8 17.5 0.0 0 1 5 3 3
4236.7 -6336.4 -29.1 158 0 11.0 23.9 17.5 3.5 2 1 5 3 3
3957.8 -6146.3 -22.7 359 0 36.5 13.8 17.5 3.5 2 0 5 4 4
3832.4 -6099.7 -24.5 218 0 41.9 13.9 17.5 3.5 2 0 5 5 5
4116.0 -5957.0 -25.9 93 0 22.5 13.8 17.5 3.5 2 0 5 2 2
4410.1 -6221.2 -27.3 359 0 40.8 8.8 10.5 3.5 2 0 3 0 0
4387.2 -6214.2 -28.1 351 0 16.3 31.2 17.5 3.5 2 1 5 3 3
4096.3 -6279.4 -29.0 183 0 11.0 33.9 17.5 3.5 2 1 5 1 1
4054.1 -6217.4 -27.3 37 0 12.6 15.2 17.5 0.0 0 1 5 0 0
4022.4 -6261.4 -24.6 31 0 8.5 19.6 10.5 0.0 0 1 3 5 5
4092.6 -5904.8 -24.9 184 0 29.0 16.9 17.5 0.0 0 0 5 4 4
4380.9 -6123.3 -28.5 344 0 20.9 22.8 17.5 0.0 0 1 5 0 0
4149.9 -5949.3 -25.3 93 0 26.5 17.9 17.5 3.5 2 0 5 0 0
4327.1 -6112.9 -29.2 262 0 15.0 34.8 17.5 0.0 0 1 5 2 2
3986.4 -6077.5 -23.9 221 0 8.8 23.0 10.5 0.0 0 1 3 2 2
4136.2 -6333.9 -29.8 120 0 21.2 18.4 17.5 0.0 0 0 5 3 3
4043.2 -6177.8 -27.2 287 0 11.3 7.6 10.5 3.5 2 0 3 1 1
4275.6 -6360.8 -28.4 87 0 10.9 13.8 17.5 0.0 0 1 5 3 3
4334.9 -6212.1 -29.2 329 0 14.7 36.0 17.5 3.5 2 1 5 0 0
4246.6 -6316.5 -29.1 176 0 11.2 12.8 17.5 0.0 0 1 5 3 3
4282.6 -6205.9 -29.7 264 0 13.8 36.4 17.5 3.5 2 1 5 0 0
4293.7 -6159.4 -29.8 289 0 15.4 37.1 17.5 3.5 2 1 5 5 5
4273.2 -6135.5 -30.1 247 0 12.0 16.8 17.5 3.5 2 1 5 5 5
4282.0 -6104.5 -30.3 252 0 38.7 17.3 17.5 3.5 2 0 5 1 1
4002.8 -6241.4 -25.2 120 0 13.0 20.5 17.5 3.5 2 1 5 4 4
4120.2 -5864.3 -22.9 268 0 22.9 11.4 17.5 3.5 2 0 5 0 0
4297.7 -6046.4 -29.7 255 0 15.3 22.4 17.5 3.5 4 1 5 5 5
4106.6 -5892.0 -23.7 178 0 7.9 22.9 10.5 3.5 2 1 3 5 5
2890.8 -5917.5 -26.3 186 0 11.7 21.2 17.5 3.5 2 1 5 5 5
2906.5 -6046.6 -27.5 204 0 15.5 32.1 17.5 0.0 0 1 5 4 4
2841.2 -5796.2 -21.8 274 0 13.7 49.3 17.5 3.5 2 1 5 2 2
2804.0 -5876.3 -23.2 93 0 10.9 18.1 17.5 3.5 2 1 5 3 3
3042.9 -6061.3 -27.2 40 0 23.6 20.1 17.5 3.5 2 0 5 3 3
2962.9 -6004.6 -27.5 174 0 12.9 36.3 17.5 3.5 2 1 5 5 5
2667.5 -5959.6 -27.8 216 0 15.0 85.7 14.0 3.5 2 1 4 5 5
2989.1 -6091.8 -28.0 48 0 20.5 13.8 17.5 3.5 4 0 5 4 4
3062.9 -6041.4 -26.2 43 0 25.9 16.4 17.5 0.0 0 0 5 2 2
3002.3 -6108.2 -28.1 42 0 25.5 13.2 17.5 0.0 0 0 5 5 5
3005.2 -6076.7 -27.9 41 0 11.6 38.8 17.5 0.0 0 1 5 5 5
2992.7 -5940.4 -27.3 278 0 10.7 20.3 17.5 3.5 2 1 5 2 2
3091.6 -6002.4 -26.0 41 0 20.5 14.6 17.5 3.5 4 0 5 2 2
2803.5 -6096.5 -27.4 216 0 9.9 49.6 10.5 0.0 0 1 3 0 0
2842.8 -6154.7 -27.6 38 0 13.6 69.6 17.5 3.5 2 1 5 2 2
2877.5 -6049.8 -27.3 354 0 9.9 49.9 10.5 3.5 2 1 3 4 4
2799.5 -6072.1 -27.0 220 0 45.2 11.7 17.5 3.5 2 0 5 4 4
2945.5 -6155.3 -27.6 315 0 13.7 10.6 17.5 3.5 2 0 5 1 1
2933.3 -6094.8 -27.8 113 0 14.3 33.7 17.5 3.5 2 1 5 5 5
2918.8 -6098.3 -27.8 318 0 38.3 9.2 10.5 3.5 2 0 3 3 3
3190.2 -6090.8 -26.7 315 0 52.4 21.1 17.5 3.5 2 0 5 3 3
3264.4 -6334.6 -24.8 93 0 11.6 26.1 14.0 3.5 2 1 4 5 5
2999.6 -5735.5 -27.1 308 0 21.8 13.1 17.5 0.0 0 0 5 1 1
3249.2 -6497.8 -25.9 207 0 38.8 15.3 17.5 3.5 2 0 5 4 4
3239.9 -6359.9 -25.0 4 0 12.5 20.6 14.0 0.0 0 1 4 4 4
3047.3 -6103.8 -27.6 222 0 19.7 10.4 17.5 3.5 2 0 5 4 4
3073.4 -6074.2 -26.6 220 0 37.5 13.5 17.5 3.5 2 0 5 5 5
2966.7 -5696.7 -27.2 218 0 39.5 11.2 17.5 0.0 0 0 5 3 3
3186.7 -5698.1 -28.7 221 0 16.9 27.7 17.5 3.5 2 1 5 5 5
3190.7 -6124.5 -26.8 311 0 13.3 22.3 17.5 0.0 0 1 5 2 2
3104.6 -6467.6 -26.7 130 0 22.3 16.3 14.0 0.0 0 0 4 5 5
3317.1 -6447.1 -25.4 297 0 18.2 27.8 17.5 3.5 2 1 5 3 3
3276.8 -5788.5 -29.0 34 0 22.8 12.0 17.5 0.0 0 0 5 1 1
3020.3 -5760.1 -27.2 226 0 6.5 21.2 10.5 0.0 0 1 3 2 2
3087.2 -5768.3 -27.7 7 0 30.3 11.2 17.5 3.5 2 0 5 0 0
3287.9 -5828.1 -28.5 265 0 15.7 35.0 14.0 0.0 0 1 4 0 0
3149.5 -6076.8 -26.5 347 0 15.7 35.4 17.5 0.0 0 1 5 4 4
3334.9 -6375.4 -24.3 305 0 38.3 15.5 17.5 0.0 0 0 5 2 2
3284.8 -6508.3 -25.7 110 0 21.1 15.4 17.5 3.5 2 0 5 3 3
3387.4 -6569.3 -25.2 109 0 19.9 16.3 17.5 3.5 2 0 5 5 5
3270.3 -6558.5 -25.8 113 0 16.1 15.7 17.5 0.0 0 0 5 5 5
3082.5 -5796.3 -27.5 7 0 11.7 30.2 17.5 3.5 2 1 5 5 5
3332.4 -6525.7 -25.6 24 0 15.7 26.6 17.5 3.5 2 1 5 1 1
3227.5 -6188.4 -25.5 220 0 57.3 32.5 14.0 0.0 0 0 4 4 4
3343.3 -6461.7 -25.4 298 0 14.0 25.2 17.5 3.5 4 1 5 4 4
3150.7 -5904.6 -27.6 342 0 17.4 28.3 17.5 3.5 2 1 5 2 2
3387.6 -5917.9 -27.7 355 0 19.7 17.3 14.0 3.5 2 0 4 1 1
3113.9 -6045.9 -25.3 193 0 17.9 14.4 17.5 3.5 4 0 5 0 0
3091.3 -5835.4 -27.6 186 0 35.8 13.5 17.5 3.5 2 0 5 4 4
3556.7 -6045.7 -26.6 214 0 26.4 15.5 17.5 3.5 2 0 5 4 4
3320.3 -6170.0 -24.9 133 0 19.6 13.9 17.5 3.5 2 0 5 2 2
3271.6 -6064.9 -26.0 125 0 31.0 12.5 14.0 3.5 2 0 4 4 4
3254.7 -5616.5 -29.5 94 0 16.8 23.7 17.5 3.5 2 1 5 2 2
3319.1 -6063.5 -26.3 88 0 8.8 21.7 10.5 0.0 0 1 3 5 5
4156.0 -5865.9 -22.5 272 0 20.9 13.7 17.5 3.5 2 0 5 1 1
3259.9 -6040.8 -26.1 123 0 7.7 11.7 10.5 3.5 2 1 3 0 0
3864.0 -5608.5 -27.8 91 0 18.2 22.1 17.5 0.0 0 1 5 0 0
3676.3 -5732.1 -29.9 130 0 24.6 20.8 17.5 3.5 2 0 5 4 4
3291.8 -5602.2 -29.7 358 0 9.4 24.1 10.5 0.0 0 1 3 4 4
3864.1 -5566.1 -27.2 219 0 20.2 19.7 17.5 0.0 0 0 5 2 2
3361.3 -6148.8 -24.7 311 0 8.0 27.6 10.5 3.5 2 1 3 1 1
3541.3 -5754.7 -29.7 67 0 17.5 30.4 14.0 0.0 0 1 4 2 2
4164.0 -6160.1 -32.0 198 0 9.9 50.1 10.5 0.0 0 1 3 5 5
4183.8 -6189.2 -31.4 198 0 9.9 50.1 10.5 0.0 0 1 3 3 3
3316.6 -6093.9 -26.0 124 0 39.8 12.1 14.0 3.5 2 0 4 4 4
3509.0 -6387.5 -24.9 218 0 15.4 19.2 14.0 3.5 2 1 4 0 0
3784.1 -5785.6 -29.4 199 0 25.6 26.9 17.5 0.0 0 1 5 5 5
3785.2 -5920.1 -28.7 109 0 24.9 71.9 17.5 0.0 0 1 5 0 0
4011.9 -5629.0 -19.2 267 0 12.8 13.1 14.0 3.5 4 1 4 2 2
4341.7 -6372.4 -27.6 32 0 7.9 13.2 10.5 3.5 2 1 3 2 2
3497.0 -6111.8 -25.3 309 0 14.0 19.9 14.0 3.5 2 1 4 5 5
4363.2 -6250.1 -28.1 0 0 20.6 12.4 17.5 0.0 0 0 5 4 4
3347.3 -6134.8 -25.0 311 0 14.9 11.9 17.5 3.5 2 0 5 2 2
4032.8 -5790.9 -20.3 162 0 12.4 16.9 17.5 3.5 4 1 5 0 0
3415.1 -6127.3 -24.9 223 0 30.8 16.1 14.0 3.5 2 0 4 0 0
3573.8 -6269.0 -25.0 205 0 12.0 26.3 14.0 3.5 2 1 4 5 5
3767.9 -6072.0 -26.8 309 0 23.2 41.7 14.0 0.0 0 1 4 0 0
4312.9 -6294.6 -28.8 0 0 7.9 6.2 10.5 3.5 2 0 3 3 3
4274.3 -5430.8 -23.9 174 0 15.9 12.7 14.0 3.5 2 0 4 2 2
4080.8 -5453.6 -24.2 81 0 15.4 40.5 17.5 3.5 2 1 5 4 4
3504.6 -6253.0 -24.6 123 0 17.8 23.0 17.5 3.5 4 1 5 5 5
4384.6 -6546.3 -28.4 270 0 15.4 13.2 17.5 3.5 2 0 5 0 0
3644.8 -5697.4 -30.1 65 0 15.9 9.2 10.5 3.5 2 0 3 3 3
4126.8 -5404.6 -23.6 262 0 14.5 39.8 17.5 3.5 2 1 5 2 2
3542.6 -6347.2 -24.9 217 0 10.9 26.3 17.5 3.5 2 1 5 1 1
4110.9 -5737.1 -14.8 101 0 14.3 20.3 14.0 3.5 4 1 4 5 5
3748.1 -5676.2 -30.3 242 0 12.8 31.0 17.5 3.5 2 1 5 4 4
4073.9 -5402.3 -24.8 169 0 13.8 19.4 17.5 3.5 4 1 5 4 4
4003.0 -5774.3 -21.9 168 0 13.0 20.3 17.5 3.5 2 1 5 5 5
3719.4 -5930.9 -27.9 220 0 38.6 16.7 17.5 3.5 2 0 5 5 5
4167.3 -5742.8 -14.6 88 0 10.9 22.5 14.0 3.5 2 1 4 5 5
3627.9 -5685.8 -30.3 88 0 11.9 19.1 17.5 3.5 2 1 5 4 4
3887.0 -5687.8 -26.1 270 0 8.1 12.3 10.5 3.5 2 1 3 4 4
4195.1 -5452.1 -22.9 326 0 31.0 26.4 17.5 0.0 0 0 5 1 1
3897.3 -5795.3 -27.6 20 0 44.8 35.1 17.5 0.0 0 0 5 2 2
3897.7 -5711.7 -25.7 269 0 13.8 9.1 10.5 3.5 2 0 3 2 2
3485.6 -6198.4 -24.7 40 0 22.2 18.8 14.0 3.5 2 0 4 2 2
4177.0 -5278.4 -24.0 235 0 14.6 28.3 14.0 3.5 2 1 4 5 5
4127.8 -5815.6 -20.0 85 0 19.9 14.9 17.5 3.5 2 0 5 5 5
3597.1 -6146.8 -25.6 191 0 13.2 45.9 17.5 3.5 2 1 5 4 4
4366.7 -6516.4 -28.1 177 0 6.6 37.6 10.5 3.5 2 1 3 5 5
3980.8 -5618.7 -20.8 92 0 14.3 25.4 17.5 0.0 0 1 5 1 1
4388.0 -6317.5 -27.4 4 0 19.4 14.2 17.5 0.0 0 0 5 5 5
3883.7 -5716.5 -26.0 271 0 11.9 17.8 17.5 3.5 2 1 5 3 3
4377.1 -6399.1 -27.1 177 0 19.9 10.8 17.5 3.5 4 0 5 4 4
4378.9 -5399.1 -24.8 6 0 20.8 30.7 14.0 0.0 0 1 4 5 5
4174.2 -5583.0 -18.0 173 0 12.2 35.4 14.0 3.5 2 1 4 1 1
3943.2 -5744.3 -25.0 355 0 6.7 8.9 10.5 3.5 2 1 3 0 0
3524.6 -6364.0 -25.2 214 0 24.3 27.7 14.0 0.0 0 1 4 2 2
4322.4 -6409.4 -27.2 100 0 10.7 12.2 17.5 3.5 2 1 5 4 4
3486.3 -6101.7 -25.7 308 0 11.8 21.0 14.0 3.5 2 1 4 4 4
4025.1 -5811.6 -21.3 180 0 10.2 29.3 17.5 3.5 2 1 5 1 1
4170.6 -5767.8 -18.9 272 0 23.7 36.2 17.5 0.0 0 1 5 2 2
3857.4 -5779.7 -28.7 17 0 27.6 26.9 17.5 0.0 0 0 5 3 3
4063.4 -5262.3 -25.7 340 0 19.2 39.6 17.5 3.5 2 1 5 0 0
3494.9 -6072.1 -26.4 39 0 29.5 12.9 14.0 3.5 2 0 4 1 1
4225.2 -5249.2 -24.2 252 0 42.6 16.0 14.0 3.5 2 0 4 5 5
3783.2 -5839.3 -29.1 110 0 57.7 29.2 17.5 0.0 0 0 5 3 3
3510.7 -6081.8 -26.2 38 0 31.6 12.2 14.0 3.5 2 0 4 3 3
3518.7 -6295.8 -24.5 312 0 64.5 15.6 14.0 3.5 2 0 4 0 0
4323.8 -5351.6 -25.0 265 0 31.5 26.7 14.0 0.0 0 0 4 0 0
3770.4 -5724.1 -29.9 243 0 17.7 10.7 17.5 3.5 2 0 5 0 0
4221.8 -5681.5 -17.0 195 0 10.1 72.0 14.0 3.5 2 1 4 3 3
3910.1 -5752.3 -25.4 0 0 22.0 14.5 17.5 3.5 4 0 5 1 1
3524.3 -6146.3 -24.7 194 0 15.6 18.0 17.5 0.0 0 1 5 3 3
4369.9 -6532.6 -28.2 179 0 7.4 29.8 10.5 3.5 2 1 3 1 1
4276.6 -5638.6 -13.8 269 0 18.8 11.6 14.0 3.5 2 0 4 3 3
3921.9 -5682.1 -25.8 270 0 7.2 18.5 10.5 0.0 0 1 3 0 0
4340.9 -6355.3 -27.9 23 0 8.9 10.5 10.5 3.5 2 1 3 2 2
4214.3 -5361.7 -23.8 159 0 20.0 10.7 14.0 3.5 4 0 4 5 5
3548.7 -6331.1 -24.7 220 0 16.2 29.0 17.5 3.5 2 1 5 4 4
4366.2 -6492.2 -27.8 178 0 8.4 25.7 10.5 0.0 0 1 3 3 3
4328.9 -5405.3 -24.8 84 0 30.8 18.6 14.0 3.5 2 0 4 4 4
4054.0 -5575.4 -18.1 154 0 18.4 34.1 17.5 0.0 0 1 5 4 4
4008.2 -5748.9 -21.2 188 0 11.0 15.8 17.5 0.0 0 1 5 4 4
3513.6 -6348.9 -24.3 38 0 18.7 58.0 14.0 3.5 2 1 4 3 3
3676.8 -6009.2 -27.2 15 0 41.3 9.8 10.5 3.5 4 0 3 2 2
3451.7 -6273.2 -24.1 44 0 19.1 32.1 17.5 0.0 0 1 5 4 4
4033.1 -5760.7 -20.1 250 0 12.1 17.9 17.5 3.5 2 1 5 3 3
3972.2 -5710.7 -23.6 3 0 18.1 12.7 17.5 3.5 2 0 5 5 5
3430.3 -6153.7 -24.7 135 0 18.9 24.9 14.0 3.5 2 1 4 3 3
4086.2 -5818.4 -20.5 93 0 19.4 18.9 17.5 3.5 2 0 5 3 3
3669.9 -6144.0 -26.2 181 0 35.2 16.6 17.5 3.5 2 0 5 5 5
3778.1 -5742.8 -29.7 239 0 12.4 28.6 17.5 3.5 2 1 5 3 3
3592.7 -5563.4 -31.2 336 0 15.2 45.1 17.5 3.5 2 1 5 5 5
4340.1 -5683.9 -19.1 340 0 35.5 13.2 14.0 3.5 2 0 4 3 3
3829.0 -5620.6 -28.2 88 0 16.9 22.7 17.5 3.5 2 1 5 1 1
3962.6 -5809.6 -23.5 275 0 7.1 21.0 10.5 3.5 2 1 3 1 1
4346.2 -6446.5 -27.9 290 0 13.4 20.9 17.5 3.5 2 1 5 4 4
4311.3 3474.4 -16.1 354 0 10.3 7.1 10.5 3.5 2 0 3 1 1
4012.5 3037.1 -24.2 280 0 15.8 10.3 10.5 0.0 0 0 3 3 3
4285.2 3580.5 -19.8 331 0 10.8 10.1 14.0 3.5 2 0 4 5 5
3985.5 3046.6 -24.3 278 0 15.2 17.6 10.5 3.5 2 1 3 3 3
4330.3 3529.6 -20.3 287 0 10.0 11.0 14.0 3.5 2 1 4 1 1
4166.6 3346.8 -10.4 84 0 11.5 13.4 14.0 3.5 2 1 4 5 5
4315.3 3048.3 -20.0 74 0 8.4 15.3 10.5 3.5 2 1 3 4 4
4397.1 3394.8 -19.6 108 0 14.8 9.8 10.5 3.5 2 0 3 4 4
3848.8 2731.9 -24.1 198 0 20.1 19.6 14.0 3.5 2 0 4 0 0
4361.7 3387.6 -17.5 100 0 9.1 10.3 10.5 3.5 2 1 3 5 5
4074.6 3374.9 -7.6 247 0 8.2 12.2 10.5 3.5 2 1 3 1 1
3785.6 3250.6 -22.1 356 0 13.9 12.8 14.0 3.5 4 0 4 3 3
3712.2 3327.2 -21.3 188 0 12.2 10.8 14.0 3.5 4 0 4 3 3
4257.2 3573.7 -17.9 240 0 9.7 12.3 10.5 3.5 2 1 3 0 0
4343.9 3354.2 -16.9 89 0 13.5 8.3 10.5 3.5 2 0 3 5 5
4161.7 2897.2 -22.0 202 0 17.9 26.6 14.0 3.5 4 1 4 1 1
4301.1 3402.2 -14.1 71 0 6.8 13.9 10.5 3.5 2 1 3 4 4
4374.1 3288.1 -17.7 268 0 8.9 16.4 10.5 3.5 2 1 3 2 2
4185.4 3529.2 -10.3 316 0 9.6 15.1 10.5 3.5 2 1 3 0 0
4302.5 -6281.2 -29.2 0 0 13.8 10.2 17.5 3.5 4 0 5 4 4
1661.5 -6498.7 -29.6 229 0 22.4 24.8 17.5 3.5 2 1 5 3 3
3417.3 -6370.0 -23.6 195 0 15.9 28.0 14.0 3.5 2 1 4 0 0
3434.2 -6309.6 -23.9 224 0 13.9 27.1 14.0 3.5 2 1 4 0 0
4011.2 -5713.8 -20.7 93 0 14.4 13.3 17.5 3.5 2 0 5 2 2
1905.4 -6520.8 -29.7 41 0 31.2 18.4 14.0 0.0 0 0 4 4 4
4101.9 -5701.4 -14.9 88 0 17.9 11.0 14.0 3.5 2 0 4 2 2
3954.4 -5715.6 -24.7 337 0 11.2 12.1 17.5 3.5 2 1 5 0 0
3473.2 -6275.1 -24.3 223 0 28.5 8.4 10.5 0.0 0 0 3 4 4
3206.9 -6356.0 -25.7 17 0 12.3 14.4 14.0 3.5 2 1 4 1 1
3326.0 -6226.8 -24.8 317 0 18.8 16.9 14.0 3.5 2 0 4 0 0
3975.9 -5669.1 -23.1 275 0 11.4 20.2 17.5 3.5 2 1 5 2 2
2525.4 -6458.6 -29.9 218 0 22.4 25.0 14.0 0.0 0 1 4 2 2
3965.2 -5689.1 -23.4 274 0 15.9 9.9 10.5 3.5 4 0 3 2 2
2963.0 -5913.1 -27.0 309 0 14.3 12.5 17.5 3.5 2 0 5 2 2
2951.5 -5903.5 -26.9 309 0 12.8 11.1 17.5 3.5 2 0 5 2 2
3887.7 -5651.2 -26.9 270 0 12.8 13.5 17.5 3.5 2 1 5 3 3
3995.4 -5699.5 -21.4 90 0 15.5 9.6 10.5 3.5 4 0 3 0 0
2975.3 -5923.7 -27.1 311 0 14.2 12.4 17.5 3.5 2 0 5 1 1
3932.5 -5757.2 -24.9 1 0 9.6 9.6 10.5 3.5 2 0 3 1 1
4146.1 -5774.3 -18.5 277 0 18.2 23.0 17.5 3.5 2 1 5 4 4
4203.8 -5811.4 -19.3 83 0 19.5 13.4 17.5 3.5 2 0 5 3 3
4295.9 -5649.7 -15.2 271 0 12.8 18.4 14.0 0.0 0 1 4 0 0
4013.0 -5538.1 -22.2 71 0 27.3 49.2 17.5 0.0 0 1 5 2 2
4048.1 -5348.0 -25.9 169 0 19.8 32.9 17.5 0.0 0 1 5 2 2
3468.8 -6258.1 -24.2 41 0 21.6 28.2 17.5 0.0 0 1 5 1 1
4108.3 -5451.7 -23.8 82 0 20.2 40.3 17.5 0.0 0 1 5 1 1
3712.5 -5576.6 -31.3 202 0 11.6 36.7 17.5 0.0 0 1 5 5 5
4012.4 -5664.0 -19.6 92 0 13.0 8.1 10.5 0.0 0 0 3 3 3
4292.7 -5682.5 -15.9 39 0 9.6 10.0 10.5 3.5 2 1 3 0 0
3981.2 -5639.2 -20.8 178 0 4.6 13.6 10.5 3.5 2 1 3 0 0
4221.7 -5768.9 -18.3 271 0 19.1 28.7 17.5 3.5 2 1 5 4 4
1661.4 -6294.6 -31.6 301 0 13.4 15.2 17.5 3.5 2 1 5 2 2
1680.1 -6318.3 -31.3 284 0 15.0 14.0 17.5 0.0 0 0 5 0 0
2106.7 -6393.7 -24.9 132 0 14.7 16.4 14.0 3.5 4 1 4 0 0
4679.0 -6386.1 -21.5 96 0 21.8 58.6 17.5 3.5 2 1 5 3 3
4747.4 -6393.1 -21.1 95 0 69.4 23.7 17.5 0.0 0 0 5 3 3
4782.8 -6346.7 -20.6 26 0 26.6 47.5 17.5 0.0 0 1 5 4 4
2901.2 -6059.4 -27.5 292 0 7.0 47.1 10.5 3.5 2 1 3 2 2
4267.8 3505.2 -15.3 183 0 6.8 8.6 10.5 3.5 2 1 3 4 4
4209.1 2721.7 -20.8 36 0 24.3 19.8 10.5 3.5 2 0 3 3 3
4162.0 3495.4 -7.4 269 0 12.1 28.1 14.0 3.5 2 1 4 2 2
4191.4 3445.5 -8.1 272 0 8.1 7.9 10.5 3.5 2 0 3 3 3
4206.0 2659.2 -20.7 348 0 67.5 20.1 14.0 3.5 2 0 4 3 3
4284.9 3461.9 -14.4 85 0 7.6 13.6 10.5 3.5 2 1 3 5 5
4212.9 3453.2 -9.2 279 0 8.3 11.2 10.5 0.0 0 1 3 4 4
4230.8 3297.5 -14.6 185 0 8.9 10.5 10.5 3.5 2 1 3 1 1
3999.1 2999.8 -24.7 23 0 9.9 36.2 10.5 3.5 2 1 3 1 1
4306.4 2671.7 -18.8 297 0 17.6 6.3 10.5 3.5 2 0 3 4 4
4292.6 2661.9 -19.5 299 0 19.7 26.1 10.5 3.5 2 1 3 5 5
3959.0 3113.9 -23.2 3 0 12.3 10.7 10.5 0.0 0 0 3 3 3
4241.5 2630.8 -19.8 148 0 25.8 24.3 10.5 0.0 0 0 3 3 3
3920.4 3054.9 -24.2 189 0 7.3 10.4 10.5 3.5 2 1 3 5 5
3687.0 3076.7 -25.4 1 0 8.1 11.0 10.5 3.5 2 1 3 3 3
4138.7 3485.5 -5.8 180 0 7.8 11.5 10.5 3.5 2 1 3 1 1
4385.8 -6263.8 -27.7 50 0 10.4 19.7 17.5 3.5 4 1 5 5 5
4270.2 -6301.7 -29.0 179 0 15.7 10.7 17.5 3.5 2 0 5 2 2
4326.4 -6321.2 -28.6 359 0 8.0 16.6 10.5 3.5 2 1 3 0 0
4394.3 -6284.9 -27.3 16 0 20.4 10.3 17.5 3.5 2 0 5 4 4
4303.1 -6294.7 -29.2 1 0 9.7 13.0 10.5 3.5 2 1 3 5 5
3984.8 3244.3 -21.0 271 0 9.4 9.9 10.5 3.5 2 1 3 4 4
3875.0 3104.5 -23.8 280 0 7.9 8.9 10.5 3.5 2 1 3 3 3
3963.0 3248.7 -21.1 284 0 8.5 10.2 10.5 3.5 2 1 3 3 3
3974.0 3238.2 -21.2 282 0 8.9 12.1 10.5 3.5 2 1 3 1 1
3949.6 3259.1 -21.0 278 0 7.4 11.1 10.5 3.5 2 1 3 3 3
3947.1 3284.3 -20.7 266 0 10.8 20.4 14.0 3.5 2 1 4 2 2
3912.5 3230.6 -21.5 193 0 9.1 9.5 10.5 3.5 2 1 3 4 4
3809.7 3356.1 -20.2 236 0 8.3 11.3 10.5 3.5 2 1 3 0 0
3994.7 3244.9 -21.0 273 0 6.6 12.4 10.5 3.5 2 1 3 5 5
4281.5 3340.2 -13.9 274 0 6.4 13.1 10.5 3.5 2 1 3 3 3
4028.3 3267.3 -17.0 272 0 7.9 13.6 10.5 3.5 2 1 3 5 5
4407.2 3228.7 -17.2 359 0 14.9 9.8 10.5 3.5 4 0 3 2 2
3986.7 3199.7 -21.6 99 0 9.3 7.6 10.5 0.0 0 0 3 5 5
3769.4 3201.2 -23.0 2 0 12.5 15.9 14.0 3.5 2 1 4 0 0
4113.6 3426.8 -6.0 186 0 19.7 7.8 10.5 3.5 2 0 3 1 1
3934.1 3295.2 -20.4 266 0 7.2 7.1 10.5 3.5 2 0 3 5 5
3934.8 3195.2 -21.9 106 0 8.2 12.3 10.5 3.5 2 1 3 0 0
4214.0 3487.3 -10.3 283 0 8.3 11.3 10.5 3.5 4 1 3 4 4
4337.5 3425.1 -16.1 91 0 11.5 11.6 14.0 0.0 0 1 4 5 5
4303.3 3336.1 -15.0 273 0 19.3 14.8 14.0 3.5 2 0 4 5 5
3901.5 3247.2 -21.3 180 0 8.5 9.8 10.5 3.5 2 1 3 2 2
4899.4 -6200.2 -16.9 20 0 10.8 23.1 17.5 0.0 0 1 5 4 4
3864.2 -5842.4 -28.7 29 0 43.7 39.2 17.5 0.0 0 0 5 5 5
4100.5 -5674.3 -13.9 175 0 4.9 9.2 10.5 3.5 4 1 3 0 0
4367.2 3337.9 -18.1 98 0 10.0 11.7 14.0 3.5 4 1 4 5 5
4034.1 3347.7 -11.3 177 0 11.1 9.2 10.5 3.5 4 0 3 4 4
4351.9 3341.9 -17.2 97 0 7.2 11.3 10.5 3.5 4 1 3 0 0
4293.7 3297.2 -16.1 296 0 17.9 6.3 10.5 3.5 4 0 3 1 1
3751.5 3273.1 -21.9 3 0 8.7 9.2 10.5 0.0 0 1 3 4 4
3689.5 3086.8 -25.2 1 0 7.6 8.4 10.5 3.5 2 1 3 4 4
3695.8 3218.1 -23.1 200 0 15.2 11.7 14.0 0.0 0 0 4 4 4
4358.9 3326.8 -17.7 278 0 8.2 9.5 10.5 3.5 2 1 3 0 0
4211.8 2803.0 -21.1 271 0 17.6 14.2 14.0 3.5 2 0 4 4 4
4297.2 3255.2 -17.7 92 0 8.5 13.2 10.5 3.5 2 1 3 4 4
3781.1 3179.2 -23.2 359 0 9.0 10.5 10.5 3.5 2 1 3 1 1
4045.3 3346.6 -10.3 189 0 6.9 8.5 10.5 3.5 2 1 3 3 3
3799.3 3193.9 -22.8 2 0 10.5 8.2 10.5 3.5 2 0 3 4 4
4293.3 3319.8 -15.2 269 0 8.2 14.0 10.5 3.5 2 1 3 0 0
4068.3 2706.1 -21.9 1 0 6.3 10.4 10.5 0.0 0 1 3 0 0
4391.9 3091.4 -18.6 12 0 8.1 19.5 10.5 3.5 2 1 3 5 5
4331.3 2673.3 -18.2 120 0 11.5 8.4 10.5 3.5 2 0 3 4 4
4370.6 3350.8 -18.2 96 0 9.4 14.2 10.5 3.5 2 1 3 1 1
4097.5 3404.5 -6.4 170 0 7.5 13.3 10.5 3.5 2 1 3 0 0
4382.9 3085.3 -18.7 3 0 7.1 12.1 10.5 3.5 2 1 3 2 2
4283.1 3348.6 -13.6 90 0 9.1 9.4 10.5 3.5 2 1 3 1 1
4044.8 2703.2 -22.1 91 0 17.2 7.4 10.5 3.5 2 0 3 1 1
4239.6 3361.2 -11.4 95 0 8.2 9.8 10.5 3.5 2 1 3 5 5
4221.1 3330.8 -12.8 261 0 5.0 9.3 10.5 3.5 2 1 3 4 4
3782.8 3204.4 -22.8 359 0 9.0 8.7 10.5 3.5 2 0 3 3 3
3685.1 3184.0 -23.7 188 0 11.6 7.1 10.5 3.5 2 0 3 0 0
3976.8 3281.2 -20.0 115 0 6.7 10.5 10.5 3.5 2 1 3 4 4
4337.5 2690.6 -18.3 179 0 3.9 8.8 10.5 3.5 2 1 3 4 4
4321.4 3296.9 -16.6 269 0 7.6 7.1 10.5 3.5 2 0 3 2 2
4373.5 3379.5 -18.1 279 0 7.3 11.1 10.5 3.5 2 1 3 3 3
4115.5 3405.0 -7.1 258 0 8.1 13.0 10.5 3.5 2 1 3 4 4
4184.8 3478.1 -7.8 357 0 7.3 7.9 10.5 3.5 2 1 3 0 0
4367.5 3059.0 -19.3 78 0 35.6 13.5 14.0 3.5 2 0 4 3 3
4334.4 3245.1 -17.9 89 0 10.4 10.1 14.0 3.5 2 0 4 0 0
4274.6 3251.4 -17.5 112 0 10.3 10.7 14.0 3.5 2 1 4 2 2
3690.9 3204.3 -23.3 198 0 11.4 10.4 14.0 3.5 2 0 4 3 3
4323.1 3310.9 -16.2 269 0 6.2 12.6 10.5 3.5 2 1 3 1 1
4362.4 3311.9 -17.9 268 0 8.4 11.6 10.5 3.5 2 1 3 3 3
3651.9 3133.3 -24.7 179 0 7.7 12.7 10.5 3.5 2 1 3 0 0
4177.8 3415.2 -7.5 91 0 9.2 15.6 10.5 0.0 0 1 3 4 4
4220.6 3338.0 -12.0 87 0 9.8 12.8 10.5 3.5 2 1 3 2 2
4105.1 3357.1 -8.7 1 0 9.3 13.0 10.5 3.5 2 1 3 3 3
4358.9 3339.9 -17.6 97 0 5.5 9.5 10.5 3.5 2 1 3 2 2
4293.3 2819.8 -19.8 218 0 12.3 6.1 10.5 3.5 2 0 3 0 0
4360.4 3333.2 -17.9 273 0 12.0 5.9 10.5 3.5 2 0 3 0 0
4377.1 3336.3 -18.6 99 0 6.3 12.4 10.5 3.5 2 1 3 0 0
4183.8 3380.9 -9.1 79 0 11.6 9.9 10.5 3.5 2 0 3 4 4
4205.3 3439.5 -8.9 276 0 9.0 9.9 10.5 3.5 2 1 3 1 1
4139.8 3424.3 -6.6 200 0 13.5 8.1 10.5 3.5 2 0 3 2 2
4167.9 3440.1 -7.1 184 0 8.4 8.5 10.5 3.5 2 1 3 1 1
4312.4 3429.9 -14.7 88 0 11.2 7.9 10.5 0.0 0 0 3 1 1
3674.9 3117.1 -24.9 359 0 13.7 12.3 14.0 3.5 4 0 4 2 2
4236.8 3423.6 -10.4 2 0 14.9 8.3 10.5 0.0 0 0 3 0 0
3725.8 3283.4 -21.8 188 0 9.3 11.3 10.5 3.5 2 1 3 1 1
4324.1 3378.7 -15.7 271 0 11.2 13.6 14.0 3.5 2 1 4 2 2
4082.9 3288.6 -11.4 86 0 11.2 13.9 14.0 3.5 2 1 4 3 3
3754.2 3347.9 -20.6 173 0 4.2 10.8 10.5 3.5 2 1 3 5 5
3683.6 3219.7 -23.0 117 0 10.9 14.4 14.0 3.5 2 1 4 1 1
3749.8 3368.2 -20.3 207 0 8.2 6.3 10.5 3.5 2 0 3 0 0
3657.0 3276.2 -22.4 208 0 10.8 7.7 10.5 3.5 2 0 3 4 4
3775.5 3225.3 -22.5 9 0 6.7 15.5 10.5 0.0 0 1 3 2 2
4004.3 3194.1 -21.5 107 0 8.4 10.6 10.5 3.5 2 1 3 1 1
4161.4 3427.7 -6.9 182 0 5.9 10.7 10.5 3.5 2 1 3 0 0
4318.2 3253.2 -18.1 93 0 9.8 9.3 10.5 3.5 2 0 3 5 5
3759.6 3286.7 -21.6 21 0 8.8 6.9 10.5 3.5 2 0 3 0 0
4197.5 3261.5 -15.8 267 0 7.1 11.3 10.5 3.5 2 1 3 2 2
3717.5 3308.0 -21.6 272 0 6.6 6.6 10.5 0.0 0 0 3 3 3
4297.9 3451.2 -14.5 86 0 10.8 7.1 10.5 3.5 2 0 3 0 0
4332.3 3256.9 -17.8 92 0 6.6 15.7 10.5 3.5 2 1 3 2 2
4300.2 3593.1 -21.6 350 0 8.0 9.8 10.5 3.5 2 1 3 1 1
3679.8 3212.7 -23.2 194 0 5.2 11.6 10.5 3.5 2 1 3 3 3
3776.0 3092.9 -24.5 92 0 7.6 10.4 10.5 3.5 2 1 3 2 2
4157.2 3274.4 -13.7 9 0 4.7 12.0 10.5 3.5 4 1 3 2 2
3813.8 3103.6 -24.1 89 0 10.8 10.3 14.0 3.5 2 0 4 3 3
4319.5 3238.9 -18.2 87 0 11.3 8.8 10.5 3.5 2 0 3 0 0
3722.5 3206.7 -23.1 182 0 12.4 16.4 14.0 3.5 2 1 4 0 0
4254.6 3469.5 -12.0 293 0 10.8 14.3 14.0 3.5 2 1 4 1 1
4299.1 3438.3 -14.2 88 0 13.0 11.5 14.0 3.5 2 0 4 1 1
3671.4 3284.7 -22.2 198 0 10.8 8.3 10.5 3.5 2 0 3 4 4
3686.6 3297.4 -21.9 196 0 11.3 11.5 14.0 3.5 2 1 4 4 4
4138.9 3306.0 -12.3 266 0 5.6 10.0 10.5 3.5 2 1 3 1 1
3781.0 3137.8 -23.9 26 0 18.6 24.1 14.0 3.5 2 1 4 3 3
4153.4 3317.1 -12.0 240 0 26.5 8.5 10.5 3.5 2 0 3 4 4
4092.7 3021.9 -23.9 359 0 15.2 26.7 10.5 3.5 2 1 3 4 4
3913.1 2930.9 -26.3 354 0 4.5 8.6 10.5 3.5 2 1 3 3 3
3938.4 2905.5 -25.7 358 0 21.7 10.3 14.0 3.5 2 0 4 0 0
3913.9 2923.0 -26.4 357 0 8.7 10.8 10.5 3.5 2 1 3 2 2
1705.2 -6559.1 -29.4 59 0 17.7 26.3 17.5 3.5 2 1 5 0 0
3761.7 -5634.6 -30.9 67 0 53.6 30.6 17.5 0.0 0 0 5 2 2
2941.5 -6219.1 -26.5 221 0 40.8 13.4 17.5 3.5 4 0 5 3 3
2908.3 -6252.7 -27.4 223 0 43.1 18.0 17.5 3.5 2 0 5 4 4
2962.8 -6231.7 -26.3 247 0 14.2 39.0 17.5 3.5 2 1 5 3 3
3386.8 -6288.3 -24.2 306 0 13.8 20.9 17.5 3.5 2 1 5 0 0
3661.6 -5641.6 -30.6 246 0 22.8 10.5 17.5 3.5 2 0 5 3 3
2389.7 -6293.6 -23.7 217 0 25.4 15.1 17.5 3.5 2 0 5 0 0
4062.7 -5721.8 -17.6 98 0 16.2 12.5 14.0 3.5 2 0 4 3 3
4128.6 -5711.3 -13.1 87 0 9.8 12.2 10.5 3.5 4 1 3 5 5
3696.2 -5630.4 -30.8 246 0 42.0 8.8 10.5 3.5 2 0 3 1 1
4210.4 -5744.2 -16.9 91 0 33.3 14.6 14.0 0.0 0 0 4 0 0
3227.0 -6438.4 -25.7 37 0 17.0 13.8 14.0 0.0 0 0 4 2 2
3566.3 -6024.8 -26.8 215 0 16.8 10.1 17.5 3.5 2 0 5 4 4
2923.5 -6285.4 -27.3 131 0 15.5 27.9 17.5 3.5 2 1 5 4 4
3053.5 -5987.1 -26.4 349 0 9.2 14.3 10.5 3.5 2 1 3 5 5
2465.8 -6284.7 -26.1 311 0 9.7 12.1 10.5 0.0 0 1 3 0 0
2369.2 -6302.1 -22.6 220 0 15.5 14.9 17.5 3.5 2 0 5 1 1
3766.9 -6188.3 -24.9 214 0 20.9 15.5 17.5 0.0 0 0 5 4 4
3823.4 -6139.5 -24.7 122 0 31.1 15.0 17.5 3.5 4 0 5 5 5
4308.2 -6399.9 -27.5 103 0 14.2 14.3 17.5 3.5 2 1 5 1 1
4408.5 -5917.4 -24.6 87 0 14.6 20.2 17.5 0.0 0 1 5 2 2
3792.3 -6167.3 -25.0 305 0 14.9 19.3 17.5 3.5 2 1 5 4 4
3865.8 -6163.8 -24.1 123 0 34.6 11.4 17.5 3.5 2 0 5 3 3
4390.2 -6379.7 -26.9 178 0 18.7 35.1 17.5 3.5 2 1 5 3 3
5575.1 -6568.7 -15.8 115 0 23.0 24.9 14.0 0.0 0 1 4 0 0
4693.6 -5854.9 -24.2 81 0 23.8 55.1 14.0 3.5 2 1 4 5 5
4709.7 -6243.1 -21.4 0 0 12.5 7.1 10.5 3.5 2 0 3 4 4
4716.5 -6187.8 -21.5 136 0 18.1 14.9 17.5 0.0 0 0 5 1 1
5057.3 -5877.3 -4.0 76 0 13.4 24.3 14.0 3.5 2 1 4 1 1
5061.1 -5912.5 -3.4 351 0 19.1 21.0 17.5 3.5 2 1 5 2 2
4559.7 -5657.4 -14.3 247 0 19.3 23.8 14.0 3.5 2 1 4 4 4
4559.8 -5967.7 -25.0 59 0 15.2 17.3 17.5 3.5 2 1 5 1 1
4643.3 -5284.7 -14.4 121 0 8.2 9.5 10.5 3.5 2 1 3 1 1
4726.2 -5805.4 -23.7 353 0 21.6 15.8 14.0 3.5 2 0 4 4 4
4718.5 -5846.9 -23.9 47 0 7.8 5.4 10.5 3.5 2 0 3 3 3
5033.7 -5907.0 -3.8 263 0 9.0 22.6 10.5 3.5 2 1 3 4 4
5507.4 -6034.2 -8.2 92 0 11.5 12.7 5.0 2.5 2 1 2 3 3
4580.0 -5703.1 -17.0 64 0 21.7 21.8 14.0 3.5 2 1 4 0 0
4534.6 -5981.8 -25.4 70 0 11.7 11.1 17.5 3.5 2 0 5 0 0
5101.2 -6553.8 -19.8 84 0 32.6 17.6 10.5 3.5 2 0 3 3 3
4479.6 1491.3 7.9 344 0 13.3 12.5 14.0 3.5 2 0 4 4 4
4418.1 1518.6 6.7 348 0 15.8 13.0 14.0 3.5 2 0 4 2 2
4422.3 1539.6 5.5 349 0 12.9 20.3 14.0 3.5 2 1 4 5 5
4407.5 1561.7 5.0 348 0 15.8 13.0 14.0 3.5 2 0 4 1 1
4537.7 1347.2 4.6 344 0 13.3 12.5 14.0 0.0 0 0 4 0 0
4485.9 1413.5 6.4 74 0 12.5 13.3 14.0 3.5 2 1 4 0 0
4313.5 1598.4 7.6 290 0 12.5 10.9 14.0 3.5 2 0 4 3 3
4339.0 1591.4 6.8 288 0 12.5 10.9 14.0 3.5 2 0 4 2 2
4199.0 1581.6 7.8 110 0 12.5 10.9 14.0 3.5 4 0 4 4 4
4231.9 1568.3 10.6 110 0 12.5 10.9 14.0 3.5 2 0 4 2 2
4256.4 1568.6 11.2 110 0 12.5 10.9 14.0 3.5 2 0 4 5 5
4151.1 1595.8 3.6 110 0 12.5 10.9 14.0 0.0 0 0 4 3 3
4109.0 1577.7 -0.1 200 0 10.9 12.5 14.0 3.5 2 1 4 2 2
4263.0 1533.0 6.5 287 0 12.5 11.6 14.0 3.5 2 0 4 5 5
4296.2 1453.7 -0.5 137 0 12.4 11.6 14.0 3.5 2 0 4 1 1
4357.4 1553.0 7.1 78 0 13.0 15.8 14.0 3.5 2 1 4 4 4
4353.8 1530.1 8.4 168 0 15.8 13.0 14.0 3.5 2 0 4 4 4
4358.9 1497.2 6.1 168 0 15.8 13.0 14.0 3.5 2 0 4 2 2
4362.3 1465.6 2.6 168 0 15.8 13.0 14.0 3.5 2 0 4 0 0
4371.9 1435.6 1.5 168 0 15.8 13.0 14.0 3.5 4 0 4 1 1
4383.8 1397.4 -0.0 78 0 13.0 15.8 14.0 3.5 4 1 4 5 5
4343.1 1415.0 -2.1 258 0 13.0 15.8 14.0 3.5 2 1 4 4 4
4309.9 1420.4 -3.8 258 0 13.0 15.8 14.0 0.0 0 1 4 4 4
4286.9 1414.6 -5.7 285 0 15.7 13.1 14.0 0.0 0 0 4 0 0
4266.8 1430.5 -5.5 316 0 15.7 13.0 14.0 3.5 2 0 4 2 2
4248.2 1452.3 -3.6 316 0 15.7 13.0 14.0 3.5 2 0 4 0 0
4224.3 1475.3 -1.8 299 0 15.7 13.0 14.0 0.0 0 0 4 3 3
4201.4 1494.0 -0.6 295 0 15.7 13.1 14.0 3.5 2 0 4 5 5
4172.6 1512.9 0.3 295 0 15.7 13.1 14.0 3.5 2 0 4 0 0
4139.8 1529.4 0.8 287 0 15.7 13.1 14.0 3.5 2 0 4 1 1
4100.8 1534.6 -2.2 277 0 15.7 13.1 14.0 3.5 2 0 4 5 5
4051.8 1530.7 -6.3 260 0 12.2 10.6 14.0 3.5 4 0 4 4 4
3987.2 1543.5 -5.5 268 0 15.7 13.1 14.0 3.5 2 0 4 2 2
4053.7 1468.3 -5.4 7 0 10.6 12.2 14.0 3.5 2 1 4 3 3
3985.1 1474.7 -2.3 168 0 15.8 13.0 14.0 3.5 4 0 4 1 1
4014.0 1490.9 -3.6 258 0 13.0 15.8 14.0 3.5 2 1 4 4 4
4075.5 1433.0 -5.6 187 0 15.8 13.0 10.5 3.5 2 0 3 4 4
4077.7 1454.4 -5.9 187 0 15.8 13.0 10.5 3.5 2 0 3 2 2
4087.3 1482.0 -5.9 277 0 13.0 15.8 10.5 3.5 2 1 3 5 5
4114.1 1481.0 -6.2 277 0 13.0 15.8 10.5 3.5 2 1 3 2 2
4107.8 1419.7 -6.0 97 0 13.0 15.8 10.5 3.5 2 1 3 5 5
4112.4 1460.2 -6.3 277 0 13.0 15.8 10.5 0.0 0 1 3 2 2
4087.3 1492.4 -4.2 99 0 13.0 15.8 14.0 3.5 2 1 4 5 5
4120.2 1490.4 -3.0 99 0 13.0 15.8 14.0 3.5 2 1 4 3 3
4141.6 1486.9 -2.6 130 0 15.7 13.0 14.0 0.0 0 0 4 2 2
4168.5 1462.5 -4.4 136 0 15.7 13.0 14.0 0.0 0 0 4 1 1
4181.3 1451.1 -5.1 135 0 15.7 13.0 14.0 0.0 0 0 4 5 5
4194.5 1437.7 -6.0 133 0 15.7 13.0 14.0 3.5 2 0 4 2 2
4208.5 1424.2 -7.0 133 0 15.7 13.0 14.0 3.5 2 0 4 2 2
4222.5 1411.3 -7.5 133 0 15.7 13.0 14.0 3.5 2 0 4 1 1
4156.9 1457.6 -6.7 313 0 15.7 13.0 10.5 3.5 2 0 3 3 3
4170.8 1443.1 -6.8 313 0 15.7 13.0 10.5 3.5 2 0 3 4 4
4186.2 1429.8 -7.1 313 0 15.7 13.0 10.5 0.0 0 0 3 2 2
4202.8 1414.9 -7.3 313 0 15.7 13.0 10.5 3.5 2 0 3 0 0
4167.4 1421.2 -6.8 313 0 15.7 13.0 10.5 3.5 2 0 3 5 5
4154.2 1432.8 -6.7 313 0 15.7 13.0 10.5 3.5 2 0 3 1 1
4141.4 1443.8 -6.6 313 0 15.7 13.0 10.5 3.5 2 0 3 5 5
4262.1 1382.9 -7.2 43 0 13.0 15.7 14.0 3.5 2 1 4 0 0
4225.5 1396.1 -7.9 223 0 13.0 15.7 14.0 3.5 2 1 4 4 4
4292.6 1372.4 -6.6 95 0 13.0 15.8 14.0 3.5 2 1 4 3 3
4312.5 1371.6 -5.6 95 0 13.0 15.8 14.0 3.5 2 1 4 0 0
4333.3 1370.0 -4.5 95 0 13.0 15.8 14.0 3.5 2 1 4 0 0
4352.8 1368.7 -3.4 95 0 13.0 15.8 14.0 0.0 0 1 4 5 5
4372.7 1366.7 -2.3 95 0 13.0 15.8 14.0 3.5 2 1 4 1 1
4386.1 1374.3 -1.2 185 0 15.8 13.0 14.0 3.5 2 0 4 3 3
5668.5 5221.1 -32.6 112 0 9.8 21.9 5.0 2.5 2 1 2 4 4
5653.1 5227.3 -32.8 107 0 5.4 19.7 2.5 2.5 2 1 1 5 5
5704.6 5258.3 -33.2 18 0 31.7 6.1 7.5 2.5 2 0 3 5 5
5697.6 5259.6 -33.3 18 0 31.2 7.8 5.0 2.5 2 0 2 3 3
5695.0 5223.5 -32.3 20 0 18.9 6.1 2.5 2.5 2 0 1 3 3
5686.9 5225.6 -32.4 22 0 19.9 5.6 2.5 2.5 2 0 1 4 4
5706.3 5257.9 -33.1 198 0 34.1 7.1 10.5 3.5 2 0 3 0 0
5703.5 5220.1 -32.1 200 0 19.0 6.1 10.5 3.5 2 0 3 5 5
5645.1 5276.0 -33.6 288 0 6.5 10.7 7.5 2.5 2 1 3 5 5
5596.8 5257.3 -33.6 198 0 17.3 8.0 7.5 2.5 2 0 3 0 0
5686.5 5255.7 -33.1 18 0 14.7 7.1 7.5 2.5 2 0 3 4 4
-1873.4 -4660.7 -24.7 281 0 21.1 32.8 14.0 0.0 0 1 4 0 0
-161.7 556.5 -11.9 78 0 7.3 12.5 10.5 3.5 2 1 3 5 5
4530.5 -6365.1 -24.5 93 0 12.5 31.5 17.5 3.5 2 1 5 3 3
922.0 5115.2 1.1 86 0 53.6 67.2 12.5 0.0 0 1 5 5 5
1564.8 4913.1 -23.8 123 0 5.6 38.8 10.5 3.5 4 1 3 0 0
5879.3 3801.1 -15.3 338 0 15.2 24.0 14.0 3.5 2 1 4 2 2
5779.3 3759.5 -16.8 52 0 11.1 25.7 14.0 0.0 0 1 4 3 3
4647.3 2797.5 -16.7 249 0 15.8 23.5 14.0 0.0 0 1 4 4 4
4620.1 2811.1 -17.8 236 0 16.5 19.5 14.0 3.5 2 1 4 2 2
4660.6 2629.1 -16.4 99 0 7.5 32.3 10.5 0.0 0 1 3 3 3
4137.3 2525.8 -19.7 70 0 20.0 22.9 10.5 3.5 4 1 3 1 1
4149.4 2570.7 -20.7 259 0 16.0 23.6 10.5 3.5 2 1 3 5 5
4181.7 2541.0 -20.3 67 0 13.6 20.2 10.5 3.5 2 1 3 0 0
4123.7 2465.6 -19.1 103 0 9.7 20.9 10.5 0.0 0 1 3 0 0
4097.8 2853.9 -22.5 187 0 14.6 33.4 14.0 3.5 2 1 4 3 3
4481.3 2465.7 -16.2 359 0 11.3 39.2 14.0 3.5 2 1 4 2 2
4297.8 2389.0 -17.8 149 0 16.6 29.9 14.0 0.0 0 1 4 1 1
4417.2 2228.6 -15.3 177 0 18.4 23.7 14.0 3.5 2 1 4 3 3
5083.2 2709.3 -14.6 285 0 37.5 12.2 14.0 3.5 2 0 4 0 0
5353.4 2407.5 -13.2 189 0 14.7 19.2 14.0 3.5 2 1 4 1 1
5580.5 2069.6 6.1 202 0 20.0 38.8 14.0 0.0 0 1 4 5 5
5645.3 2086.2 7.0 292 0 18.8 35.9 14.0 0.0 0 1 4 0 0
6027.7 2664.9 -10.9 191 0 17.8 68.1 14.0 0.0 0 1 4 2 2
6084.5 4525.1 -7.3 266 0 10.6 13.4 3.5 3.5 2 1 1 5 5
6060.5 5319.4 -33.1 236 0 62.2 27.6 14.0 0.0 0 0 4 5 5
6162.3 5302.2 -33.3 336 0 28.3 24.4 14.0 0.0 0 0 4 2 2
6174.4 5274.5 -33.1 336 0 32.1 24.4 14.0 0.0 0 0 4 1 1
6471.0 4599.1 -24.1 34 0 22.0 21.1 14.0 3.5 2 0 4 0 0
6853.7 4545.1 -24.3 297 0 15.1 37.1 14.0 3.5 4 1 4 4 4
5819.4 2039.9 5.8 308 0 19.3 35.5 14.0 0.0 0 1 4 5 5
5826.9 5020.2 -29.1 120 0 12.9 24.0 14.0 0.0 0 1 4 2 2
5806.2 5006.7 -29.0 119 0 22.3 23.9 14.0 0.0 0 1 4 5 5
6104.2 4622.2 -17.9 199 0 5.9 8.4 10.5 0.0 0 1 3 1 1
6004.4 4337.3 -12.6 117 0 11.5 13.4 42.0 0.0 0 1 12 1 1
5923.5 4411.0 -16.4 117 0 11.5 13.4 42.0 0.0 0 0 12 3 3
6243.7 4536.5 -16.9 303 0 6.0 7.8 10.5 0.0 0 0 3 2 2
4174.5 -6206.9 -31.4 280 0 14.6 28.5 31.5 0.0 0 1 9 0 0
2859.9 -3810.6 -26.3 264 0 38.5 58.7 14.0 0.0 0 1 4 2 2
2815.1 -3802.2 -26.2 264 0 38.3 82.8 14.0 0.0 0 1 4 3 3
1846.1 -5125.5 -15.7 355 0 11.4 43.9 17.5 3.5 2 1 5 5 5
3280.6 -6347.6 -25.9 8 0 70.4 84.5 14.0 0.0 0 1 4 5 5
6345.1 5028.7 -30.5 203 0 7.2 12.3 10.5 0.0 0 1 3 4 4
