-6853.2 2767.6 3.1 110 0 16.9 12.0 4.0 2.5 2 0 1 4 4
-6883.4 2702.6 4.3 178 0 32.8 13.1 7.5 2.5 2 0 3 1 1
-6879.0 2742.8 4.2 351 0 16.7 20.6 7.5 0.0 0 1 3 1 1
-6805.2 3195.9 2.3 263 0 11.5 11.4 2.5 0.0 0 0 1 2 2
-6803.9 3063.3 0.2 185 0 16.2 14.3 2.5 2.5 2 0 1 1 1
-6740.8 3118.3 0.7 353 0 11.5 12.0 2.5 0.0 0 1 1 4 4
-1397.2 4767.0 6.9 286 0 122.9 22.1 12.5 0.0 0 0 5 4 4
-690.7 5684.0 1.7 86 0 77.1 25.3 12.5 0.0 0 0 5 0 0
-246.5 6232.5 8.1 327 0 36.9 83.5 17.5 0.0 0 1 7 4 4
-4681.3 6548.8 0.4 83 0 16.4 34.0 7.5 2.5 2 1 3 2 2
-2232.9 5479.6 -7.9 292 0 12.3 52.6 10.0 2.5 2 1 4 3 3
-5565.1 1795.9 -7.3 79 0 10.4 10.9 5.0 2.5 2 1 2 0 0
-5598.2 1832.3 -7.1 4 0 11.1 8.5 2.5 2.5 2 0 1 0 0
-3561.5 3488.7 -13.1 253 0 11.6 28.5 10.0 2.5 2 1 4 2 2
-1686.1 -2941.7 -7.7 247 0 24.1 47.0 7.5 2.5 2 1 3 2 2
-1724.6 -3099.3 -12.0 303 0 29.9 15.3 10.0 2.5 2 0 4 1 1
-3031.8 3197.2 -2.5 21 0 50.0 13.3 7.5 2.5 2 0 3 0 0
-3011.5 3250.4 -3.2 21 0 50.1 12.0 7.5 2.5 2 0 3 1 1
-3021.4 3316.6 -4.2 266 0 12.8 16.3 7.5 2.5 2 1 3 4 4
