4966.4 5514.9 2.6 264 0 18.1 12.1 4.0 2.5 2 0 1 4 4
5072.4 6080.9 -14.9 345 0 43.3 10.4 12.5 2.5 2 0 5 2 2
2392.0 5713.2 9.1 266 0 9.0 15.5 5.0 0.0 0 1 2 5 5
4778.9 5553.0 -0.3 88 0 40.2 16.6 10.0 2.5 2 0 4 2 2
4988.2 6274.9 -16.2 13 0 9.3 8.9 5.0 0.0 0 0 2 0 0
5084.5 6097.5 -14.7 257 0 11.4 62.1 15.0 2.5 2 1 6 2 2
5100.6 6102.9 -14.7 257 0 9.8 71.4 7.5 0.0 0 1 3 3 3
4885.1 5553.2 0.2 88 0 57.6 13.1 10.0 2.5 2 0 4 1 1
823.5 4375.7 6.1 251 0 9.9 11.7 2.5 2.5 2 1 1 3 3
6429.7 2649.4 -8.4 88 0 11.9 12.8 2.5 2.5 2 1 1 0 0
6448.8 2643.5 -8.6 177 0 10.7 12.3 5.0 2.5 2 1 2 5 5
6871.4 3175.9 -16.6 262 0 7.8 9.2 5.0 2.5 2 1 2 5 5
6871.6 3147.1 -16.5 90 0 12.7 13.3 5.0 2.5 2 1 2 2 2
6813.4 3158.9 -16.2 187 0 10.6 12.3 2.5 2.5 2 1 1 4 4
6841.0 3176.1 -16.4 274 0 22.2 10.9 5.0 2.5 2 0 2 1 1
