-3447.3 5592.9 -192.1 85 0 14.3 13.0 7.5 2.5 2 0 3 0 0
-3493.6 5658.1 -195.3 95 0 10.7 9.1 7.5 2.5 2 0 3 3 3
-3448.8 5714.8 -197.9 11 0 12.2 7.2 5.0 2.5 2 0 2 4 4
-3482.1 5737.7 -200.2 179 0 15.5 24.1 12.5 2.5 2 1 5 2 2
-3525.0 5797.3 -203.0 199 0 18.7 13.4 15.0 0.0 0 0 6 1 1
4223.6 -3619.9 -208.2 61 0 9.6 24.2 2.5 0.0 0 1 1 3 3
1231.3 2778.0 112.6 65 0 7.3 11.5 2.5 2.5 2 0 1 0 0
1225.0 2639.9 103.6 259 0 10.4 12.2 7.5 2.5 2 1 3 2 2
1232.1 2766.9 112.3 336 0 8.2 11.6 7.5 2.5 2 1 3 1 1
1235.6 2745.9 111.8 60 0 11.6 12.8 5.0 2.5 2 1 2 0 0
1160.7 1476.5 139.8 3 0 17.2 11.8 7.5 2.5 4 0 3 2 2
1058.5 -3300.8 -36.8 88 0 9.1 8.3 7.5 2.5 4 0 3 0 0
3908.9 -5641.6 -201.5 347 0 12.0 6.3 7.5 0.0 0 0 3 5 5
3913.0 -5660.0 -202.9 351 0 10.2 8.4 5.0 2.5 2 0 2 5 5
3944.3 -5541.2 -203.9 90 0 9.8 20.2 5.0 2.5 2 1 2 2 2
3836.6 -5541.4 -198.1 8 0 7.6 5.0 7.5 2.5 2 0 3 1 1
3842.0 -5553.8 -198.0 6 0 12.5 12.5 2.5 0.0 0 0 1 1 1
3838.0 -5569.3 -197.3 358 0 11.8 15.0 5.0 0.0 0 1 2 0 0
3823.1 -5534.3 -198.1 183 0 13.4 6.4 7.5 2.5 2 0 3 2 2
3771.0 -5541.5 -196.1 85 0 7.4 6.6 7.5 2.5 2 0 3 3 3
3799.3 -5523.3 -197.4 85 0 5.5 9.1 7.5 2.5 2 1 3 5 5
3791.9 -5523.9 -197.1 83 0 6.7 11.1 2.5 2.5 2 1 1 1 1
3762.4 -5554.5 -195.8 0 0 8.7 8.9 7.5 2.5 2 1 3 5 5
3728.8 -5524.6 -196.9 272 0 6.7 13.8 7.5 2.5 2 1 3 3 3
3717.7 -5552.8 -196.5 90 0 7.8 10.7 7.5 2.5 2 1 3 3 3
3701.4 -5554.4 -196.7 81 0 13.8 12.4 7.5 2.5 2 0 3 4 4
800.4 -1771.8 -123.9 180 0 15.2 13.3 7.5 2.5 4 0 3 0 0
824.3 -1835.8 -113.0 273 0 7.8 5.9 5.0 0.0 0 0 2 0 0
842.1 -1846.5 -113.5 329 0 7.1 9.7 5.0 0.0 0 1 2 0 0
851.1 -1831.4 -119.4 124 0 12.3 8.0 5.0 2.5 2 0 2 2 2
863.7 -1838.3 -120.2 157 0 13.0 7.0 7.5 2.5 2 0 3 1 1
879.8 -1809.6 -125.7 311 0 8.7 14.6 7.5 2.5 2 1 3 1 1
878.3 -1831.9 -124.1 174 0 11.4 10.5 5.0 2.5 2 0 2 4 4
923.3 -1883.7 -123.9 24 0 6.7 7.3 5.0 2.5 2 1 2 5 5
891.6 -1876.9 -121.3 126 0 18.0 14.8 12.5 2.5 4 0 5 4 4
941.5 -2018.5 -117.7 77 0 10.2 15.6 10.0 2.5 4 1 4 4 4
952.4 -2030.0 -117.2 354 0 10.9 13.5 5.0 2.5 2 1 2 3 3
978.3 -1970.8 -124.2 280 0 6.8 5.8 5.0 2.5 2 0 2 0 0
987.3 -1974.2 -125.0 281 0 7.8 7.6 5.0 2.5 2 0 2 2 2
1017.9 -2022.1 -125.3 2 0 11.7 8.9 5.0 2.5 2 0 2 1 1
1002.1 -2024.3 -124.2 108 0 5.8 10.7 2.5 2.5 2 1 1 2 2
1001.0 -1997.6 -125.0 6 0 9.9 11.3 7.5 2.5 4 1 3 0 0
1011.8 -2000.3 -126.0 4 0 9.2 9.6 2.5 2.5 4 1 1 0 0
1010.3 -1947.6 -129.4 270 0 6.0 7.6 7.5 2.5 2 1 3 1 1
1019.8 -1989.0 -128.9 182 0 18.2 8.0 2.5 2.5 2 0 1 3 3
1033.4 -1997.0 -129.6 92 0 7.5 11.8 7.5 2.5 2 1 3 5 5
1019.5 -1956.5 -130.3 250 0 12.1 8.9 7.5 2.5 2 0 3 4 4
1064.6 -1975.8 -133.3 348 0 6.1 8.1 2.5 2.5 2 1 1 3 3
1047.7 -1943.7 -133.0 270 0 13.2 12.2 5.0 2.5 2 0 2 0 0
1068.0 -1942.2 -134.0 266 0 5.0 9.1 2.5 2.5 2 1 1 0 0
1071.6 -2013.6 -132.5 203 0 6.7 7.3 7.5 2.5 2 1 3 3 3
1025.1 -2104.1 -117.2 107 0 5.7 8.4 5.0 2.5 2 1 2 4 4
1019.8 -2114.8 -115.5 102 0 6.4 10.0 5.0 2.5 4 1 2 4 4
1097.0 -2077.3 -126.4 115 0 4.7 7.5 5.0 2.5 2 1 2 0 0
1092.0 -2110.6 -120.7 90 0 4.8 6.9 5.0 0.0 0 1 2 5 5
1086.0 -2093.1 -121.9 282 0 5.7 7.6 7.5 2.5 2 1 3 4 4
1213.2 -3163.4 -75.8 198 0 11.2 23.4 12.5 2.5 2 1 5 4 4
1270.1 -3150.8 -85.4 317 0 8.5 7.6 2.5 2.5 2 0 1 1 1
1273.1 -3169.6 -83.4 359 0 6.5 6.7 2.5 2.5 2 1 1 5 5
1276.3 -3181.3 -81.9 336 0 11.0 10.7 5.0 0.0 0 0 2 1 1
1270.2 -3201.2 -78.1 4 0 13.7 20.0 12.5 2.5 2 1 5 2 2
1135.6 -3217.6 -54.2 289 0 7.9 14.3 5.0 2.5 2 1 2 3 3
1120.1 -3213.1 -57.3 196 0 23.6 10.1 5.0 2.5 2 0 2 0 0
1096.4 -3238.9 -49.3 183 0 8.0 7.1 5.0 2.5 2 0 2 4 4
687.4 -3232.9 -38.3 285 0 15.3 14.1 2.5 2.5 2 0 1 2 2
663.1 -3224.4 -33.2 292 0 8.4 9.9 5.0 2.5 4 1 2 1 1
639.1 -3227.2 -34.7 98 0 14.5 11.9 5.0 2.5 2 0 2 4 4
635.8 -3196.0 -40.6 186 0 10.6 20.9 7.5 2.5 2 1 3 3 3
436.1 -3391.3 16.9 232 0 7.0 9.3 5.0 2.5 2 1 2 1 1
395.4 -2971.3 -39.5 157 0 10.8 18.1 2.5 2.5 2 1 1 5 5
413.7 -2994.2 -43.2 168 0 13.1 9.7 5.0 2.5 2 0 2 5 5
428.3 -3018.0 -47.0 78 0 5.6 9.5 2.5 0.0 0 1 1 0 0
414.0 -3017.0 -44.5 168 0 12.5 7.6 7.5 2.5 2 0 3 4 4
223.9 -2759.5 -37.4 301 0 6.4 7.5 7.5 2.5 2 1 3 2 2
246.6 -2768.1 -40.8 286 0 8.1 8.9 5.0 0.0 0 1 2 0 0
245.9 -2756.8 -44.3 268 0 11.4 8.7 2.5 2.5 4 0 1 4 4
258.4 -2775.3 -43.1 15 0 13.2 8.4 5.0 2.5 2 0 2 4 4
4298.2 -577.9 -185.4 319 0 7.1 5.3 5.0 2.5 2 0 2 4 4
4283.8 -559.9 -186.1 290 0 11.9 5.8 7.5 2.5 2 0 3 4 4
4221.8 -531.3 -184.3 286 0 8.9 12.5 2.5 2.5 2 1 1 4 4
4171.0 -481.8 -188.1 117 0 8.3 4.6 5.0 2.5 2 0 2 0 0
4173.2 -476.6 -189.3 115 0 14.9 11.2 5.0 2.5 2 0 2 3 3
4026.4 -485.4 -182.3 263 0 12.9 8.5 5.0 2.5 2 0 2 3 3
3629.3 -348.5 -174.2 271 0 8.8 14.7 5.0 2.5 2 1 2 0 0
3620.9 -351.1 -173.2 271 0 6.6 7.7 7.5 2.5 2 1 3 5 5
3586.8 -351.8 -170.9 92 0 9.3 9.0 5.0 2.5 2 0 2 3 3
3578.1 -359.4 -167.9 269 0 9.8 10.2 7.5 2.5 2 1 3 2 2
3564.5 -360.0 -166.7 264 0 13.9 11.7 5.0 2.5 2 0 2 2 2
3476.8 -447.7 -147.8 93 0 14.3 11.4 7.5 2.5 4 0 3 5 5
3469.7 -378.5 -160.8 268 0 16.4 13.4 5.0 2.5 2 0 2 0 0
3478.9 -358.7 -165.0 282 0 7.8 6.2 7.5 2.5 2 0 3 2 2
3455.5 -348.0 -168.3 270 0 7.4 11.9 7.5 2.5 2 1 3 0 0
3447.4 -341.9 -171.8 91 0 6.9 7.9 7.5 2.5 2 1 3 2 2
3313.0 -95.1 -163.1 278 0 7.0 11.7 7.5 2.5 2 1 3 1 1
3307.6 -115.5 -163.6 107 0 8.8 5.8 7.5 2.5 2 0 3 5 5
3275.6 -77.9 -163.6 272 0 11.6 10.7 7.5 2.5 2 0 3 5 5
3266.2 -75.5 -163.9 281 0 5.8 15.2 7.5 0.0 0 1 3 5 5
3262.6 -104.7 -164.5 100 0 7.5 9.8 5.0 2.5 2 1 2 0 0
3253.5 -98.2 -164.7 190 0 8.5 5.0 7.5 2.5 2 0 3 4 4
3298.8 -302.8 -172.1 290 0 6.4 13.7 5.0 2.5 2 1 2 5 5
3309.5 -301.1 -171.7 292 0 9.1 10.0 5.0 2.5 2 1 2 2 2
3284.7 -307.4 -171.7 280 0 8.4 8.1 5.0 2.5 4 0 2 1 1
3279.7 -320.4 -170.5 281 0 13.0 12.9 5.0 2.5 2 0 2 0 0
3233.1 -291.0 -166.3 276 0 4.8 10.6 7.5 2.5 4 1 3 2 2
3228.4 -290.4 -165.7 278 0 3.3 9.5 5.0 2.5 2 1 2 4 4
3223.1 -288.0 -165.3 279 0 5.2 16.3 7.5 2.5 2 1 3 2 2
3212.8 -274.8 -165.5 89 0 5.9 7.4 7.5 2.5 2 1 3 5 5
3201.3 -289.2 -163.5 275 0 11.8 12.6 2.5 2.5 2 1 1 1 1
2398.6 -1507.8 -97.2 95 0 8.0 12.0 2.5 2.5 2 1 1 5 5
2165.6 -1251.0 -68.2 247 0 7.3 6.9 7.5 0.0 0 0 3 3 3
2149.0 -1273.7 -70.5 100 0 11.0 5.1 2.5 2.5 2 0 1 5 5
2044.4 -1327.8 -51.3 347 0 10.7 10.7 7.5 0.0 0 0 3 3 3
2023.5 -1343.3 -47.4 168 0 13.3 9.1 2.5 2.5 2 0 1 5 5
2057.8 -1338.4 -53.1 0 0 11.9 9.5 5.0 2.5 2 0 2 1 1
2162.7 -1688.1 -92.8 273 0 7.8 5.0 2.5 2.5 2 0 1 1 1
2147.9 -1700.4 -91.5 252 0 15.2 8.5 7.5 2.5 4 0 3 0 0
2161.8 -1699.4 -93.0 242 0 10.7 6.5 2.5 2.5 4 0 1 5 5
2167.8 -1726.4 -93.2 68 0 12.2 9.5 5.0 2.5 2 0 2 3 3
2144.9 -1751.8 -90.1 108 0 6.6 7.3 5.0 0.0 0 1 2 0 0
2145.5 -1714.2 -90.6 260 0 10.4 12.8 7.5 2.5 4 1 3 2 2
2132.8 -1717.1 -88.8 271 0 9.1 12.4 7.5 0.0 0 1 3 1 1
2084.6 -1943.8 -82.1 76 0 5.9 10.6 5.0 2.5 2 1 2 0 0
2062.3 -1948.0 -80.2 153 0 13.0 5.3 5.0 2.5 2 0 2 1 1
2091.3 -1985.0 -82.8 94 0 8.0 13.1 5.0 2.5 2 1 2 0 0
-2432.7 6035.4 -171.5 91 0 6.7 8.5 2.5 2.5 2 1 1 2 2
-2560.1 6050.2 -184.6 188 0 9.4 12.3 7.5 2.5 2 1 3 2 2
-2444.2 6047.4 -173.4 100 0 8.4 7.6 7.5 2.5 2 0 3 4 4
-2486.2 6006.3 -175.2 93 0 9.7 11.6 7.5 2.5 4 1 3 3 3
-2528.6 6064.0 -182.6 270 0 8.5 8.1 7.5 2.5 2 0 3 4 4
-2505.9 6087.8 -180.3 273 0 5.2 12.1 7.5 2.5 2 1 3 3 3
-2503.8 6071.4 -180.4 269 0 10.0 11.1 7.5 2.5 2 1 3 2 2
-2498.0 6040.7 -178.1 90 0 6.2 4.9 5.0 2.5 2 0 2 0 0
-2493.9 6028.7 -177.5 89 0 9.7 11.3 5.0 2.5 2 1 2 5 5
-2483.7 6029.3 -176.4 90 0 8.2 11.3 7.5 0.0 0 1 3 1 1
-2481.7 6043.4 -176.7 90 0 6.3 4.8 5.0 0.0 0 0 2 2 2
-2450.1 6058.7 -174.5 100 0 10.9 11.3 10.0 2.5 2 1 4 2 2
-2448.2 6071.1 -173.7 101 0 8.0 10.9 5.0 2.5 2 1 2 0 0
-2474.1 6109.8 -175.6 272 0 7.7 9.8 7.5 2.5 4 1 3 5 5
-2459.4 6186.6 -176.2 278 0 23.2 7.5 5.0 2.5 2 0 2 2 2
-2457.9 6114.2 -173.1 183 0 7.1 8.3 5.0 2.5 2 1 2 2 2
-2461.9 6104.9 -173.7 184 0 10.5 16.8 7.5 2.5 2 1 3 0 0
-2408.6 6070.2 -170.9 4 0 12.7 17.1 5.0 2.5 2 1 2 2 2
-2403.8 6135.4 -171.7 268 0 13.4 19.2 15.0 0.0 0 1 6 3 3
-2339.0 6076.2 -167.2 162 0 10.9 8.6 5.0 2.5 2 0 2 3 3
-2317.9 6069.9 -166.8 71 0 9.4 15.0 5.0 2.5 2 1 2 5 5
-2309.2 6110.5 -167.1 235 0 4.7 6.4 7.5 2.5 2 1 3 3 3
-2305.5 6075.3 -166.4 71 0 15.3 10.3 5.0 2.5 2 0 2 3 3
-2298.7 6053.0 -165.9 72 0 14.2 17.0 5.0 2.5 2 1 2 2 2
-2253.4 6110.4 -165.3 242 0 9.6 10.2 7.5 0.0 0 1 3 1 1
-2232.1 6119.0 -164.8 242 0 8.4 11.6 7.5 2.5 2 1 3 3 3
-2163.6 6111.9 -164.1 88 0 13.7 51.0 12.5 2.5 2 1 5 5 5
-2037.8 6002.8 -151.9 116 0 4.7 9.3 5.0 2.5 2 1 2 3 3
-2020.9 5989.7 -150.1 102 0 8.2 12.5 7.5 2.5 2 1 3 2 2
-1990.7 5970.4 -147.2 92 0 5.4 8.7 2.5 2.5 2 1 1 4 4
-1999.9 5971.0 -147.2 94 0 10.6 8.4 2.5 2.5 2 0 1 2 2
-2009.9 6032.8 -151.9 293 0 15.3 9.0 5.0 2.5 2 0 2 0 0
-2024.3 6054.7 -154.8 305 0 14.5 27.4 12.5 2.5 2 1 5 5 5
-3096.2 1046.2 99.4 336 0 4.0 9.6 5.0 2.5 2 1 2 3 3
-3077.5 1035.2 99.9 90 0 6.3 12.8 7.5 2.5 2 1 3 0 0
-3122.1 1023.1 99.6 67 0 15.4 11.8 5.0 2.5 2 0 2 3 3
-3133.3 1018.2 99.6 70 0 5.8 13.6 7.5 2.5 2 1 3 4 4
-3160.9 1025.6 98.4 72 0 7.0 10.1 2.5 2.5 2 1 1 1 1
-3113.6 1061.2 98.5 336 0 12.2 6.6 5.0 2.5 2 0 2 4 4
-3135.4 1069.6 100.2 152 0 12.0 17.9 5.0 2.5 4 1 2 2 2
-2401.9 -5042.4 203.4 97 0 29.1 14.0 12.5 2.5 2 0 5 2 2
