-2585.3 -1847.9 15.6 264 0 7.9 19.5 2.5 2.5 2 1 1 1 1
-2610.3 -1647.5 5.9 83 0 16.1 17.0 12.5 2.5 2 1 5 0 0
798.7 -6012.3 -8.4 261 0 9.0 15.3 10.5 3.5 2 1 3 5 5
678.7 -6163.4 -11.0 96 0 10.4 8.5 10.5 3.5 2 0 3 3 3
699.1 -6166.2 -11.0 93 0 11.6 9.9 10.5 3.5 2 0 3 0 0
-824.8 -5942.9 -7.4 16 0 6.7 9.7 7.5 2.5 2 1 3 2 2
481.5 -5482.9 -5.1 270 0 10.9 10.2 7.5 2.5 2 0 3 1 1
-878.2 -5926.5 -6.7 194 0 6.0 8.1 2.5 2.5 2 1 1 0 0
808.8 -5579.8 -6.8 97 0 9.1 18.0 7.5 2.5 2 1 3 1 1
4665.7 -6511.0 -14.6 306 0 38.3 12.8 10.0 0.0 0 0 4 0 0
5309.9 -6396.9 -9.5 158 0 40.0 10.5 7.5 2.5 2 0 3 2 2
5370.5 -6334.8 -7.9 339 0 11.5 50.1 7.5 2.5 2 1 3 2 2
5279.7 -6384.6 -9.7 160 0 28.3 13.2 10.0 2.5 2 0 4 4 4
5349.5 -6291.4 -6.6 334 0 10.3 16.1 5.0 2.5 2 1 2 3 3
5375.1 -6346.4 -8.4 337 0 10.9 50.2 17.5 0.0 0 1 7 4 4
5399.9 -6353.3 -8.0 155 0 49.6 11.8 10.0 2.5 2 0 4 3 3
5342.5 -6272.6 -6.6 315 0 7.4 40.3 7.5 0.0 0 1 3 2 2
1322.1 -5846.9 -6.2 197 0 8.5 11.1 10.5 3.5 2 1 3 0 0
1399.0 -5915.5 -8.1 356 0 7.8 11.1 10.5 3.5 2 1 3 5 5
1198.1 -5737.1 -1.3 88 0 10.0 8.2 10.5 3.5 4 0 3 1 1
674.7 -6195.9 -11.3 91 0 8.1 13.8 10.5 3.5 2 1 3 2 2
1420.4 -6408.3 -19.8 57 0 13.8 14.8 7.5 2.5 2 1 3 2 2
823.0 -6117.1 -8.8 2 0 14.4 7.4 10.5 3.5 2 0 3 0 0
1544.7 -5314.6 -0.8 83 0 7.4 11.4 5.0 2.5 2 1 2 5 5
1422.9 -5807.5 -8.5 3 0 11.1 9.8 10.5 3.5 2 0 3 2 2
609.0 -6083.9 -10.2 195 0 8.8 6.0 10.5 3.5 2 0 3 2 2
658.2 -6220.5 -11.5 92 0 8.7 12.4 10.5 3.5 2 1 3 0 0
656.9 -6232.5 -11.6 91 0 8.5 8.2 10.5 3.5 2 0 3 2 2
574.3 -6103.3 -10.4 177 0 11.7 22.8 14.0 3.5 2 1 4 3 3
1180.1 -5693.6 -0.7 276 0 20.5 18.3 14.0 0.0 0 0 4 3 3
1089.2 -5809.5 -3.6 259 0 10.9 9.4 10.5 3.5 2 0 3 5 5
735.0 -6122.1 -10.7 20 0 8.4 10.5 10.5 3.5 2 1 3 3 3
1368.9 -5784.9 -7.2 168 0 9.1 7.0 10.5 3.5 2 0 3 3 3
574.9 -5821.7 -9.9 100 0 9.4 21.3 10.5 3.5 2 1 3 2 2
-591.2 -5325.3 1.7 82 0 12.7 26.9 10.0 2.5 2 1 4 1 1
-153.1 -5993.2 -10.3 179 0 3.8 14.9 2.5 2.5 2 1 1 3 3
-119.9 -6120.1 -11.1 181 0 9.1 10.8 7.5 0.0 0 1 3 5 5
-826.4 -5289.2 -2.6 87 0 7.7 9.5 5.0 2.5 4 1 2 3 3
543.6 -6395.5 -10.1 100 0 10.5 12.3 10.0 2.5 2 1 4 2 2
692.5 -5849.9 -8.4 178 0 5.8 8.5 10.5 3.5 4 1 3 4 4
546.3 -5612.9 -6.4 346 0 9.9 9.1 5.0 2.5 2 0 2 2 2
-249.1 -5251.7 -3.7 266 0 10.6 51.8 10.0 2.5 2 1 4 0 0
382.5 -5610.1 -4.7 91 0 5.5 12.8 2.5 2.5 2 1 1 5 5
1386.9 -5719.7 -7.4 93 0 8.3 7.7 10.5 3.5 2 0 3 3 3
581.6 -5621.7 -6.3 168 0 11.2 12.2 2.5 2.5 2 1 1 0 0
-1032.7 -5871.3 -4.2 233 0 5.5 14.4 5.0 2.5 2 1 2 3 3
1502.5 -5659.7 -9.5 195 0 5.3 15.6 7.5 2.5 4 1 3 4 4
1207.4 -5615.2 -0.5 177 0 6.8 10.7 10.5 3.5 2 1 3 1 1
1262.4 -5781.1 -4.3 247 0 8.7 7.6 7.5 2.5 2 0 3 4 4
2698.5 -6493.3 -11.5 198 0 15.1 14.3 14.0 0.0 0 0 4 2 2
2634.9 -6422.5 -14.1 199 0 11.4 19.2 14.0 0.0 0 1 4 2 2
2839.0 -6574.2 -12.8 148 0 10.2 36.2 10.5 3.5 2 1 3 0 0
2629.2 -6443.4 -12.9 199 0 7.1 21.6 10.5 3.5 2 1 3 0 0
2666.4 -6535.3 -11.8 267 0 19.4 15.0 14.0 0.0 0 0 4 2 2
2606.7 -6545.9 -11.7 185 0 15.0 19.4 14.0 0.0 0 1 4 5 5
2665.6 -6563.0 -12.0 177 0 15.1 19.4 14.0 0.0 0 1 4 2 2
2687.0 -6446.5 -10.9 191 0 9.5 33.5 10.5 3.5 2 1 3 2 2
2744.0 -6450.8 -11.4 281 0 10.4 47.7 14.0 0.0 0 1 4 3 3
2682.2 -6462.4 -10.9 191 0 9.5 33.5 10.5 3.5 2 1 3 4 4
3240.5 -6571.2 -14.3 122 0 23.7 18.9 14.0 0.0 0 0 4 5 5
3312.5 -6552.1 -13.9 17 0 13.0 14.9 14.0 0.0 0 1 4 3 3
2767.8 -6542.5 -12.1 85 0 22.0 11.0 14.0 3.5 2 0 4 1 1
2661.2 -6479.8 -11.2 17 0 11.1 10.1 14.0 3.5 2 0 4 5 5
2814.2 -6508.9 -11.9 350 0 10.2 23.0 14.0 3.5 2 1 4 3 3
2825.1 -6490.8 -11.8 168 0 11.1 24.4 14.0 3.5 2 1 4 2 2
3108.3 -6557.5 -13.3 103 0 21.1 13.1 10.5 0.0 0 0 3 3 3
3031.0 -6438.5 -12.0 272 0 17.4 13.1 14.0 3.5 2 0 4 0 0
2848.8 -6468.3 -11.6 350 0 13.5 9.2 10.5 3.5 2 0 3 5 5
2737.3 -6516.2 -11.7 88 0 11.4 12.5 14.0 3.5 4 1 4 2 2
2667.2 -6461.4 -11.2 18 0 14.1 15.0 14.0 3.5 2 1 4 4 4
3082.3 -6464.6 -12.4 3 0 11.7 23.7 14.0 3.5 2 1 4 3 3
2972.3 -6535.9 -12.7 265 0 21.0 10.6 10.5 3.5 2 0 3 2 2
2841.5 -6528.2 -12.2 81 0 19.7 19.4 14.0 3.5 2 0 4 5 5
2645.0 -6411.3 -15.0 114 0 7.9 12.4 10.5 3.5 2 1 3 0 0
2821.2 -6471.7 -11.6 171 0 14.4 14.4 14.0 3.5 4 1 4 0 0
2758.3 -6440.0 -10.8 107 0 29.1 16.4 14.0 3.5 2 0 4 5 5
2674.6 -6489.6 -11.2 191 0 10.7 13.9 14.0 3.5 2 1 4 5 5
2657.0 -6416.5 -14.1 113 0 13.6 10.8 14.0 3.5 2 0 4 3 3
2769.4 -6455.2 -11.2 283 0 24.7 14.8 14.0 3.5 2 0 4 2 2
2889.4 -6573.6 -13.0 157 0 14.1 17.4 10.5 3.5 2 1 3 4 4
3148.9 -6530.9 -13.3 276 0 21.8 8.4 10.5 3.5 2 0 3 5 5
2574.5 -6407.1 -13.9 179 0 15.0 16.8 14.0 3.5 2 1 4 5 5
2812.0 -6486.4 -11.7 350 0 12.9 20.5 14.0 3.5 2 1 4 1 1
2698.9 -6481.3 -11.2 192 0 9.5 14.9 10.5 0.0 0 1 3 0 0
2679.2 -6475.4 -11.0 192 0 11.0 12.2 14.0 3.5 2 1 4 1 1
2760.7 -6564.5 -12.3 145 0 15.5 25.2 14.0 0.0 0 1 4 4 4
3056.2 -6533.7 -13.0 194 0 14.8 16.3 10.5 3.5 2 1 3 5 5
2604.3 -6381.0 -14.8 5 0 9.8 11.2 10.5 3.5 2 1 3 3 3
3084.7 -6551.0 -13.2 105 0 19.3 16.1 10.5 3.5 2 0 3 0 0
2827.8 -6504.4 -12.0 173 0 8.3 20.7 10.5 0.0 0 1 3 1 1
2776.0 -6512.3 -11.9 360 0 14.0 10.9 14.0 3.5 2 0 4 0 0
3032.3 -6503.0 -12.5 70 0 17.0 41.7 14.0 0.0 0 1 4 1 1
2562.2 -6535.6 -11.5 14 0 9.4 24.7 10.5 3.5 2 1 3 5 5
2797.0 -5880.4 -15.8 234 0 5.8 10.3 7.5 2.5 2 1 3 2 2
3006.3 -5811.3 -12.4 195 0 14.2 14.5 14.0 3.5 2 1 4 2 2
2385.2 -5902.5 -15.9 43 0 19.8 13.2 7.5 2.5 2 0 3 3 3
3141.7 -5607.5 -8.0 217 0 9.8 14.9 10.5 3.5 2 1 3 4 4
4351.0 -6308.3 -16.8 158 0 12.6 19.6 14.0 3.5 2 1 4 0 0
3037.8 -5729.0 -10.4 218 0 15.8 14.2 14.0 3.5 2 0 4 4 4
4339.2 -6310.0 -16.7 254 0 19.1 11.2 14.0 3.5 2 0 4 1 1
3022.5 -5466.5 -10.5 295 0 7.2 10.7 2.5 0.0 0 1 1 5 5
3174.9 -5643.9 -9.5 127 0 5.4 16.2 10.5 3.5 2 1 3 3 3
2984.9 -5499.4 -10.0 192 0 18.6 11.5 7.5 2.5 2 0 3 2 2
2604.4 -5820.1 -12.6 313 0 17.5 10.0 2.5 2.5 2 0 1 2 2
2330.5 -5835.5 -15.5 321 0 16.1 18.0 14.0 3.5 2 1 4 3 3
3010.8 -5848.2 -13.3 180 0 9.1 17.0 10.5 3.5 4 1 3 0 0
2811.8 -5884.3 -15.9 323 0 18.8 5.8 7.5 2.5 2 0 3 4 4
3056.9 -5834.0 -13.6 98 0 9.0 12.0 10.5 3.5 2 1 3 1 1
2238.0 -5494.5 -9.9 84 0 8.1 9.4 7.5 2.5 2 1 3 4 4
2728.4 -5886.3 -17.0 235 0 10.3 31.5 10.0 2.5 2 1 4 2 2
3005.9 -5461.5 -10.3 288 0 12.8 6.1 7.5 2.5 2 0 3 3 3
1874.1 -5678.5 -9.4 90 0 5.6 12.5 10.5 3.5 2 1 3 2 2
3025.3 -5690.9 -8.1 305 0 13.6 4.7 10.5 3.5 2 0 3 5 5
2311.8 -5789.8 -15.3 320 0 13.5 37.7 14.0 3.5 2 1 4 2 2
2583.9 -5823.7 -12.4 223 0 10.2 20.5 5.0 2.5 2 1 2 1 1
2768.9 -5914.3 -17.2 96 0 12.5 16.8 7.5 2.5 2 1 3 0 0
3069.9 -6499.9 -12.7 103 0 34.9 18.8 14.0 0.0 0 0 4 0 0
3475.1 -6391.7 -12.9 179 0 10.5 10.0 5.0 2.5 2 0 2 5 5
2238.5 -6554.6 -10.8 90 0 10.7 20.8 10.5 3.5 2 1 3 1 1
3558.4 -6350.7 -15.1 235 0 5.4 10.6 5.0 2.5 2 1 2 3 3
3874.7 -5802.0 -13.9 100 0 12.7 14.5 10.0 2.5 2 1 4 4 4
3724.3 -5946.2 -12.6 93 0 8.6 12.2 5.0 2.5 2 1 2 3 3
3571.2 -6342.3 -16.1 231 0 6.6 11.4 7.5 2.5 2 1 3 4 4
4286.1 -5790.4 -15.1 87 0 11.7 13.6 5.0 2.5 2 1 2 0 0
726.7 -6087.4 -10.5 273 0 11.1 17.6 14.0 3.5 4 1 4 2 2
4894.6 -6551.5 -14.3 86 0 8.1 11.1 10.5 3.5 2 1 3 2 2
4655.1 -5681.8 -14.2 149 0 6.0 9.8 2.5 2.5 4 1 1 5 5
4978.9 -6543.4 -14.7 67 0 10.8 15.0 10.5 3.5 2 1 3 3 3
4930.1 -6550.5 -14.4 49 0 8.1 7.4 10.5 3.5 2 0 3 1 1
700.2 -6252.7 -11.8 91 0 12.6 11.5 14.0 3.5 2 0 4 4 4
-933.1 -5756.5 -5.6 186 0 7.9 26.9 5.0 2.5 2 1 2 2 2
-970.4 -5986.7 -5.4 115 0 8.6 8.5 5.0 2.5 2 0 2 5 5
-1024.9 -5957.3 -4.6 218 0 7.9 9.2 2.5 2.5 2 1 1 3 3
-354.0 -6179.3 -15.0 273 0 11.4 10.5 7.5 2.5 2 0 3 1 1
-332.6 -6231.3 -15.7 91 0 10.5 8.7 7.5 0.0 0 0 3 0 0
-874.9 -5726.7 -5.9 20 0 11.4 9.6 7.5 2.5 4 0 3 1 1
-403.1 -6222.6 -14.8 94 0 8.2 9.1 2.5 2.5 2 1 1 0 0
-301.7 -6233.3 -15.9 89 0 10.0 12.9 7.5 2.5 4 1 3 3 3
-567.3 -5350.8 -1.3 249 0 6.3 7.0 5.0 2.5 2 1 2 1 1
581.1 -5674.4 -6.7 346 0 16.0 26.7 7.5 2.5 2 1 3 5 5
352.7 -5993.9 -9.9 4 0 6.9 9.3 5.0 2.5 4 1 2 3 3
-385.7 -6081.2 -13.6 269 0 9.4 11.0 5.0 2.5 2 1 2 0 0
-1010.4 -5784.5 -4.1 356 0 6.7 6.0 7.5 2.5 2 0 3 5 5
-349.9 -6197.9 -15.3 273 0 10.2 10.7 5.0 2.5 2 1 2 2 2
-354.2 -6116.2 -14.1 0 0 8.0 9.8 5.0 2.5 2 1 2 5 5
6201.8 -5866.1 -4.1 188 0 10.1 10.3 2.5 2.5 2 1 1 2 2
4448.2 -6479.5 -15.3 87 0 8.3 16.6 10.5 3.5 2 1 3 5 5
6146.7 -5771.1 -8.0 200 0 7.5 7.5 7.5 2.5 2 0 3 0 0
5619.6 -5936.5 -15.8 81 0 7.7 10.5 2.5 2.5 4 1 1 4 4
5327.2 -6391.1 -9.3 68 0 8.6 40.4 7.5 2.5 4 1 3 4 4
5926.4 -5802.0 -13.4 174 0 9.2 10.4 5.0 2.5 2 1 2 2 2
5362.8 -6265.3 -3.7 142 0 10.4 30.0 10.0 0.0 0 1 4 2 2
4410.0 -6246.4 -17.9 154 0 8.5 33.5 7.5 2.5 2 1 3 1 1
5925.9 -5652.1 -14.2 216 0 6.3 11.8 5.0 2.5 2 1 2 5 5
6157.5 -5830.5 -7.3 358 0 12.3 8.3 7.5 0.0 0 0 3 5 5
4466.1 -6416.3 -16.1 266 0 12.8 45.1 10.5 3.5 2 1 3 5 5
6332.6 -6069.4 -3.0 30 0 9.4 10.6 5.0 2.5 2 1 2 5 5
5368.1 -6279.3 -5.3 138 0 6.8 13.3 5.0 2.5 2 1 2 1 1
694.3 -6056.0 -10.1 264 0 9.4 13.9 10.5 3.5 4 1 3 2 2
716.4 -6202.3 -11.4 94 0 7.2 10.9 10.5 0.0 0 1 3 4 4
611.7 -6144.4 -10.8 183 0 9.6 12.0 10.5 0.0 0 1 3 1 1
933.3 -6206.2 -9.8 356 0 7.4 7.3 10.5 3.5 2 0 3 0 0
726.2 -6059.8 -10.2 263 0 7.4 13.4 10.5 3.5 2 1 3 1 1
565.8 -6062.4 -10.0 187 0 9.1 15.6 10.5 3.5 2 1 3 1 1
946.8 -6260.6 -11.5 353 0 8.7 18.3 10.5 0.0 0 1 3 1 1
833.1 -6490.2 -10.6 89 0 9.8 9.9 2.5 2.5 2 1 1 3 3
763.7 -6121.7 -10.7 13 0 8.6 9.3 10.5 3.5 2 1 3 0 0
616.5 -6120.9 -10.6 183 0 10.1 10.7 14.0 3.5 2 1 4 2 2
-141.3 -6221.2 -13.5 86 0 9.1 8.7 7.5 2.5 2 0 3 4 4
688.9 -6077.8 -10.3 269 0 10.2 9.6 10.5 3.5 2 0 3 4 4
-462.5 -5871.8 -10.3 85 0 10.3 11.6 2.5 2.5 2 1 1 2 2
637.7 -5954.3 -10.1 5 0 7.6 14.9 10.5 3.5 2 1 3 3 3
931.4 -6118.7 -7.7 359 0 9.7 8.5 10.5 3.5 2 0 3 4 4
552.1 -5842.2 -10.6 99 0 8.0 16.9 10.5 3.5 2 1 3 1 1
791.3 -6112.7 -9.8 10 0 10.7 13.0 14.0 3.5 2 1 4 4 4
679.0 -6061.7 -10.1 277 0 14.2 11.9 14.0 3.5 2 0 4 0 0
434.1 -5593.5 -5.2 289 0 12.8 5.0 5.0 2.5 2 0 2 0 0
948.2 -6174.7 -9.2 175 0 11.7 8.9 10.5 3.5 2 0 3 2 2
748.9 -6226.0 -11.6 93 0 14.2 9.8 10.5 3.5 2 0 3 3 3
926.6 -6083.0 -7.4 175 0 9.7 15.3 10.5 3.5 2 1 3 5 5
-612.7 -5357.8 -0.6 1 0 5.4 8.9 5.0 2.5 4 1 2 5 5
612.7 -6166.2 -11.0 183 0 7.8 10.7 10.5 3.5 2 1 3 3 3
965.7 -6292.0 -12.8 255 0 13.9 7.5 10.5 3.5 4 0 3 4 4
788.8 -6191.3 -11.4 3 0 12.6 7.5 10.5 3.5 2 0 3 3 3
661.2 -5943.2 -9.7 3 0 8.1 8.2 10.5 3.5 2 1 3 3 3
503.7 -6471.8 -11.8 92 0 11.5 11.3 5.0 0.0 0 0 2 4 4
947.7 -6271.6 -11.8 355 0 10.1 14.9 10.5 3.5 2 1 3 0 0
630.4 -6068.8 -10.2 198 0 11.0 13.7 14.0 3.5 2 1 4 1 1
555.6 -5628.3 -6.4 344 0 7.8 13.6 7.5 2.5 2 1 3 2 2
742.3 -6132.7 -10.8 18 0 18.5 8.3 10.5 3.5 4 0 3 5 5
575.8 -5787.7 -9.3 190 0 16.7 9.9 10.5 3.5 2 0 3 0 0
-537.7 -5532.2 -5.6 94 0 11.6 10.6 5.0 2.5 2 0 2 3 3
793.5 -6173.3 -11.2 4 0 9.0 12.7 10.5 3.5 2 1 3 3 3
943.3 -6216.1 -10.2 357 0 7.2 8.0 10.5 3.5 2 1 3 5 5
779.1 -6191.3 -11.4 9 0 13.9 7.1 10.5 3.5 2 0 3 4 4
586.8 -6230.2 -11.3 93 0 7.0 8.9 10.5 3.5 4 1 3 2 2
975.5 -6259.5 -11.8 173 0 10.5 8.1 10.5 3.5 2 0 3 1 1
647.7 -6129.0 -10.7 184 0 9.4 7.4 10.5 3.5 2 0 3 4 4
913.6 -6337.5 -13.5 170 0 19.5 19.1 10.5 3.5 2 0 3 5 5
933.2 -6131.8 -7.8 1 0 11.3 10.0 10.5 0.0 0 0 3 4 4
725.4 -6074.5 -10.3 264 0 9.9 9.4 10.5 0.0 0 0 3 1 1
805.2 -6194.0 -11.4 8 0 13.2 7.8 10.5 3.5 2 0 3 1 1
946.3 -6149.2 -8.5 179 0 11.6 10.3 10.5 3.5 2 0 3 3 3
4531.2 -6428.3 -16.1 275 0 41.0 13.1 10.5 3.5 2 0 3 4 4
5522.3 -6466.3 -10.5 112 0 9.8 25.8 7.5 2.5 2 1 3 0 0
5507.1 -6468.0 -10.6 112 0 10.3 26.1 10.0 2.5 2 1 4 0 0
5463.2 -6389.6 -9.8 245 0 11.4 49.7 12.5 2.5 2 1 5 4 4
5475.7 -6383.8 -9.8 245 0 11.4 49.7 10.0 2.5 2 1 4 1 1
5488.2 -6441.1 -10.0 155 0 11.0 30.5 7.5 2.5 2 1 3 2 2
5488.8 -6377.8 -9.5 245 0 11.4 49.7 12.5 0.0 0 1 5 1 1
5518.6 -6362.6 -6.8 245 0 20.8 8.3 7.5 0.0 0 0 3 1 1
5550.5 -6347.0 -2.8 245 0 39.9 8.9 7.5 2.5 2 0 3 2 2
5587.2 -6377.3 -10.1 335 0 51.0 10.7 12.5 2.5 2 0 5 5 5
5538.5 -6367.5 -8.3 245 0 52.8 11.2 10.0 0.0 0 0 4 1 1
5570.4 -6374.1 -8.5 335 0 11.2 52.8 10.0 0.0 0 1 4 2 2
5576.6 -6387.3 -8.9 335 0 11.2 52.8 10.0 2.5 2 1 4 4 4
5582.7 -6401.3 -9.5 335 0 11.2 52.8 10.0 2.5 2 1 4 2 2
5453.2 -6329.7 -7.6 336 0 50.7 11.1 12.5 2.5 2 0 5 0 0
5424.2 -6314.7 -7.7 246 0 11.1 50.7 7.5 2.5 2 1 3 2 2
