1853.3 -826.5 -2.2 270 0 42.6 39.5 5.0 0.0 0 0 2 3 3
4562.5 -5826.0 -19.0 93 0 11.8 6.5 10.5 3.5 2 0 3 5 5
4472.1 -5831.0 -17.9 94 0 11.0 12.3 14.0 3.5 2 1 4 4 4
4636.1 -5401.8 -18.8 301 0 8.0 8.8 10.5 3.5 2 1 3 3 3
4768.5 -5711.3 -20.1 117 0 9.7 11.4 10.5 3.5 2 1 3 4 4
4780.3 -5390.4 -19.8 275 0 14.8 13.9 14.0 3.5 2 0 4 5 5
6676.6 -5356.0 -20.0 71 0 99.9 55.5 14.0 0.0 0 0 4 1 1
4446.3 -6159.2 -17.2 167 0 10.5 12.0 14.0 3.5 2 1 4 1 1
4833.2 -5462.7 -20.1 88 0 6.5 12.6 10.5 3.5 2 1 3 5 5
4872.2 -5456.6 -20.2 79 0 13.1 11.5 14.0 0.0 0 0 4 4 4
4595.5 -5761.2 -19.1 1 0 14.9 11.7 14.0 3.5 2 0 4 0 0
4537.3 -5726.9 -18.6 191 0 8.5 6.9 10.5 3.5 2 0 3 4 4
4731.5 -5466.6 -19.8 16 0 10.9 15.6 14.0 3.5 2 1 4 3 3
4508.6 -5740.7 -18.3 267 0 9.6 8.2 10.5 3.5 2 0 3 4 4
4547.0 -5545.2 -18.3 187 0 13.8 11.8 14.0 3.5 4 0 4 5 5
4765.3 -5352.0 -19.8 282 0 14.2 8.8 10.5 3.5 2 0 3 2 2
4425.7 -6214.3 -15.2 205 0 9.0 7.4 10.5 3.5 2 0 3 0 0
4411.0 -6087.0 -16.8 168 0 8.6 11.0 10.5 0.0 0 1 3 4 4
4761.3 -5488.9 -19.9 94 0 12.9 7.6 10.5 3.5 2 0 3 0 0
4851.0 -5482.1 -20.2 254 0 15.1 10.3 14.0 3.5 2 0 4 0 0
4730.7 -5428.8 -19.7 274 0 13.0 16.6 14.0 3.5 4 1 4 4 4
6911.3 -5483.9 -22.4 250 0 59.8 60.2 14.0 0.0 0 1 4 4 4
4699.4 -5417.0 -19.4 281 0 11.7 11.3 14.0 3.5 2 0 4 1 1
4417.4 -5713.4 -17.5 187 0 8.0 19.6 10.5 3.5 2 1 3 4 4
4603.9 -5517.2 -18.7 22 0 11.8 13.0 14.0 3.5 2 1 4 4 4
6777.0 -5472.5 -20.7 161 0 29.2 38.9 10.5 0.0 0 1 3 1 1
4762.3 -5411.6 -19.8 270 0 9.9 13.5 10.5 3.5 2 1 3 1 1
6913.8 -5261.9 -21.8 251 0 59.1 57.7 14.0 0.0 0 0 4 2 2
5170.2 -5384.6 -21.0 89 0 16.9 26.4 10.0 2.5 2 1 4 4 4
6850.6 -5502.1 -20.6 251 0 61.5 61.5 14.0 0.0 0 0 4 3 3
4631.1 -5599.1 -19.1 42 0 11.2 14.9 14.0 3.5 4 1 4 0 0
6768.3 -5306.0 -19.9 70 0 89.2 54.1 14.0 0.0 0 0 4 5 5
4531.5 -5705.3 -18.4 36 0 15.9 6.2 10.5 3.5 2 0 3 1 1
4809.1 -5466.4 -20.0 87 0 8.5 10.0 10.5 3.5 2 1 3 5 5
4870.6 -5422.1 -20.1 88 0 9.9 8.2 10.5 3.5 2 0 3 4 4
6795.6 -5379.3 -20.4 250 0 92.0 25.1 14.0 0.0 0 0 4 3 3
4416.8 -5936.7 -17.1 219 0 9.6 10.6 10.5 3.5 2 1 3 0 0
6718.4 -5414.0 -20.3 71 0 53.6 26.5 14.0 3.5 2 0 4 4 4
4719.4 -5556.1 -19.8 244 0 24.2 8.1 10.5 0.0 0 0 3 3 3
4770.4 -5537.9 -20.0 273 0 15.8 13.0 14.0 0.0 0 0 4 0 0
4517.3 -5777.9 -18.5 271 0 8.6 7.8 10.5 3.5 2 0 3 3 3
4524.0 -5599.4 -18.2 292 0 11.2 15.1 14.0 3.5 2 1 4 1 1
4578.5 -5459.9 -18.4 261 0 7.0 13.6 10.5 3.5 2 1 3 4 4
6929.5 -5639.6 -22.0 340 0 32.8 113.5 10.5 0.0 0 1 3 3 3
4914.8 -5431.1 -20.3 86 0 10.4 10.8 14.0 0.0 0 1 4 3 3
6815.6 -5432.3 -20.6 70 0 86.7 28.6 14.0 0.0 0 0 4 4 4
4537.3 -5648.8 -18.4 32 0 9.9 25.3 10.5 3.5 2 1 3 0 0
4631.0 -5790.8 -19.5 4 0 18.7 10.9 14.0 3.5 2 0 4 4 4
4409.0 -5741.8 -17.3 188 0 10.4 9.7 10.5 3.5 2 0 3 3 3
4435.0 -5962.1 -17.2 242 0 6.0 8.4 10.5 3.5 2 1 3 5 5
4759.2 -5651.4 -20.0 21 0 11.7 12.2 14.0 3.5 2 1 4 2 2
5469.0 -5289.9 -21.5 1 0 15.6 13.3 14.0 3.5 2 0 4 5 5
4431.0 -5822.8 -17.4 264 0 12.0 14.2 14.0 3.5 2 1 4 0 0
4475.6 -6137.4 -17.2 348 0 8.9 12.2 10.5 3.5 2 1 3 3 3
4567.1 -5605.4 -18.6 28 0 12.5 15.1 14.0 3.5 2 1 4 2 2
4831.2 -5444.2 -20.0 101 0 11.2 11.6 14.0 0.0 0 1 4 0 0
5345.2 -5317.1 -21.3 86 0 12.7 11.6 14.0 3.5 2 0 4 5 5
4643.4 -5515.4 -19.1 70 0 10.2 11.7 14.0 3.5 2 1 4 1 1
4851.8 -5421.9 -20.1 99 0 7.8 6.6 10.5 3.5 2 0 3 4 4
4582.0 -5742.8 -19.0 267 0 8.2 8.2 10.5 3.5 2 1 3 0 0
4588.7 -5822.5 -19.2 90 0 8.8 8.4 10.5 3.5 4 0 3 0 0
4435.2 -5982.0 -17.1 66 0 6.3 11.1 10.5 3.5 2 1 3 3 3
4504.0 -5755.1 -18.4 176 0 8.9 18.5 10.5 3.5 2 1 3 2 2
4704.3 -5499.1 -19.6 11 0 8.9 10.7 10.5 3.5 2 1 3 5 5
4816.5 -5513.1 -20.1 261 0 10.0 11.8 14.0 3.5 2 1 4 0 0
4733.4 -5378.2 -19.7 186 0 12.6 11.9 14.0 3.5 4 0 4 4 4
4423.9 -6225.2 -14.8 210 0 10.2 7.5 10.5 3.5 2 0 3 0 0
4884.5 -5360.4 -20.1 4 0 7.3 6.5 10.5 3.5 2 0 3 0 0
4436.6 -6120.8 -17.0 166 0 9.3 10.4 10.5 3.5 2 1 3 3 3
4656.6 -5487.8 -19.2 87 0 10.8 12.1 14.0 3.5 2 1 4 0 0
4430.0 -5458.0 -17.5 212 0 6.5 11.7 10.5 3.5 2 1 3 2 2
4751.5 -5386.4 -19.8 185 0 9.7 10.7 10.5 3.5 2 1 3 3 3
4573.0 -5623.0 -18.6 21 0 9.5 12.5 10.5 3.5 2 1 3 1 1
4840.8 -5567.9 -20.2 88 0 14.0 14.5 14.0 0.0 0 1 4 1 1
4434.1 -5737.0 -17.6 117 0 7.5 13.0 10.5 3.5 2 1 3 5 5
6846.0 -5288.6 -20.2 251 0 55.5 55.3 14.0 0.0 0 0 4 5 5
4475.1 -5970.3 -17.7 79 0 8.5 8.1 10.5 3.5 4 0 3 5 5
5274.3 -5252.6 -21.2 89 0 18.2 11.3 14.0 3.5 2 0 4 3 3
6885.1 -5413.3 -20.8 251 0 65.5 31.6 10.5 0.0 0 0 3 2 2
4639.0 -5549.3 -19.1 77 0 11.5 11.5 14.0 3.5 2 1 4 3 3
4529.7 -5431.2 -17.9 276 0 12.7 13.0 14.0 3.5 2 1 4 3 3
4823.6 -5478.8 -20.1 68 0 14.5 9.0 10.5 3.5 2 0 3 3 3
6791.6 -5368.9 -20.3 71 0 88.6 23.6 14.0 0.0 0 0 4 3 3
4428.7 -5998.1 -17.1 73 0 12.5 10.1 14.0 3.5 2 0 4 0 0
4442.3 -6219.5 -16.6 207 0 8.9 8.1 10.5 3.5 2 0 3 5 5
6916.7 -5605.1 -21.4 341 0 30.1 104.2 10.5 0.0 0 1 3 5 5
4554.0 -5622.9 -18.5 43 0 9.4 13.5 10.5 0.0 0 1 3 4 4
4553.3 -5524.7 -18.3 188 0 12.5 9.7 10.5 3.5 2 0 3 1 1
4512.3 -5716.5 -18.3 18 0 5.0 10.8 10.5 3.5 2 1 3 5 5
4441.5 -5958.5 -17.3 238 0 6.8 7.9 10.5 3.5 2 1 3 2 2
4413.4 -5725.6 -17.4 205 0 13.9 14.8 14.0 3.5 4 1 4 0 0
4731.8 -5612.3 -19.9 354 0 14.3 6.5 10.5 3.5 2 0 3 1 1
4411.2 -5612.9 -17.2 269 0 8.7 11.1 10.5 3.5 2 1 3 4 4
4451.9 -5820.5 -17.6 265 0 13.2 15.8 14.0 0.0 0 1 4 3 3
4511.4 -5496.5 -17.9 111 0 9.8 13.0 10.5 3.5 2 1 3 4 4
5451.4 -5257.0 -21.5 277 0 13.3 13.7 14.0 0.0 0 1 4 1 1
6591.5 -5297.3 -19.6 161 0 33.1 99.2 14.0 0.0 0 1 4 5 5
4430.4 -6152.8 -17.0 163 0 11.4 10.8 14.0 3.5 2 0 4 1 1
4844.6 -5459.1 -20.1 85 0 7.4 11.1 10.5 3.5 4 1 3 0 0
6875.8 -5485.6 -21.3 71 0 130.7 28.3 10.5 0.0 0 0 3 0 0
4527.4 -5721.4 -18.5 209 0 8.4 8.5 10.5 3.5 2 1 3 2 2
4512.5 -5762.7 -18.4 273 0 9.0 12.5 10.5 3.5 2 1 3 3 3
4715.7 -5479.4 -19.6 7 0 13.2 18.0 14.0 3.5 2 1 4 5 5
4835.2 -5512.8 -20.1 266 0 14.0 12.9 14.0 3.5 2 0 4 5 5
4530.9 -5657.0 -18.3 35 0 7.9 16.0 10.5 3.5 2 1 3 4 4
4763.0 -5478.6 -19.9 97 0 11.8 6.9 10.5 3.5 2 0 3 3 3
6869.0 -5350.8 -20.3 251 0 55.8 56.9 14.0 0.0 0 1 4 4 4
4436.2 -5801.1 -17.5 281 0 13.5 17.8 14.0 3.5 2 1 4 3 3
5368.0 -5405.5 -21.3 93 0 11.1 10.4 7.5 2.5 2 0 3 1 1
6831.5 -5436.5 -20.6 251 0 43.3 29.4 10.5 0.0 0 0 3 1 1
4632.5 -5531.1 -19.0 88 0 13.7 11.5 14.0 3.5 2 0 4 3 3
6771.8 -5314.9 -20.1 250 0 90.8 29.7 14.0 0.0 0 0 4 2 2
4442.5 -6175.1 -17.3 173 0 8.0 8.6 10.5 3.5 2 1 3 1 1
4575.3 -5823.3 -19.1 91 0 11.1 9.8 10.5 3.5 2 0 3 2 2
4524.6 -5758.7 -18.5 262 0 11.0 7.3 10.5 3.5 2 0 3 1 1
4796.7 -5468.3 -20.0 83 0 8.8 10.3 10.5 3.5 2 1 3 5 5
4607.0 -5744.5 -19.2 357 0 9.2 9.5 10.5 3.5 2 1 3 0 0
6701.1 -5388.0 -20.2 71 0 70.9 29.2 14.0 0.0 0 0 4 0 0
4571.7 -5544.1 -18.6 159 0 16.8 12.8 14.0 0.0 0 0 4 5 5
4753.3 -5589.5 -19.9 3 0 11.3 10.4 14.0 3.5 2 0 4 3 3
4484.9 -5789.7 -18.2 201 0 19.6 15.7 14.0 3.5 2 0 4 4 4
4496.9 -5602.3 -18.0 201 0 10.4 13.5 14.0 3.5 2 1 4 0 0
4560.1 -5504.2 -18.4 170 0 10.6 11.3 14.0 0.0 0 1 4 1 1
4418.8 -6248.3 -13.8 209 0 8.7 10.2 10.5 3.5 2 1 3 1 1
4414.5 -6040.4 -16.9 129 0 7.0 14.6 10.5 3.5 4 1 3 0 0
4824.3 -5552.8 -20.1 78 0 8.1 11.1 10.5 3.5 2 1 3 0 0
4607.4 -5770.2 -19.2 2 0 11.3 7.5 10.5 3.5 4 0 3 4 4
4782.0 -5473.7 -19.9 80 0 14.4 18.4 14.0 3.5 2 1 4 0 0
6728.2 6556.7 -10.5 295 0 13.5 11.3 14.0 3.5 2 0 4 3 3
6427.0 6501.4 -10.4 74 0 12.0 63.7 14.0 3.5 2 1 4 4 4
6590.4 6198.6 -11.5 88 0 8.8 11.5 10.5 3.5 2 1 3 5 5
6550.7 6554.2 -10.5 268 0 15.3 35.9 14.0 3.5 2 1 4 5 5
6532.1 6545.0 -10.5 268 0 14.4 30.6 14.0 3.5 2 1 4 0 0
6513.8 6545.6 -10.5 268 0 14.1 32.5 14.0 3.5 2 1 4 1 1
6499.4 6549.3 -10.5 268 0 6.2 38.4 10.5 3.5 2 1 3 5 5
6860.4 6185.2 -15.9 70 0 27.4 36.6 17.5 0.0 0 1 5 0 0
6427.4 6497.5 -10.6 348 0 12.3 20.8 14.0 3.5 2 1 4 3 3
6521.8 6563.7 -10.4 255 0 20.5 8.9 10.5 3.5 4 0 3 3 3
6726.9 6566.4 -10.4 204 0 20.6 16.3 14.0 3.5 2 0 4 1 1
6799.8 6506.3 -11.0 294 0 15.7 21.6 14.0 3.5 2 1 4 4 4
6656.5 6556.0 -10.5 259 0 30.0 15.6 14.0 0.0 0 0 4 1 1
6891.7 6438.1 -12.5 7 0 9.9 7.3 10.5 0.0 0 0 3 0 0
6548.8 6509.1 -10.6 85 0 12.4 4.5 10.5 3.5 2 0 3 1 1
6904.3 6417.4 -13.2 8 0 11.1 14.2 14.0 3.5 2 1 4 4 4
6561.4 6563.5 -10.4 213 0 13.8 43.7 14.0 3.5 2 1 4 2 2
5715.5 6340.6 -12.2 107 0 19.5 15.6 14.0 3.5 2 0 4 1 1
5556.5 5789.8 -12.1 78 0 7.6 16.7 5.0 2.5 2 1 2 5 5
6276.9 6063.9 -10.0 250 0 23.3 13.9 14.0 3.5 2 0 4 4 4
5741.3 6462.3 -11.6 267 0 15.2 52.9 14.0 3.5 2 1 4 2 2
6530.7 6148.2 -10.3 249 0 12.2 14.6 17.5 3.5 2 1 5 4 4
6155.8 6247.0 -10.1 86 0 7.3 20.6 5.0 0.0 0 1 2 4 4
6626.5 6114.6 -11.6 257 0 10.0 22.3 10.5 3.5 2 1 3 5 5
5739.5 6565.8 -10.2 183 0 14.5 50.7 17.5 3.5 2 1 5 2 2
6592.1 6144.3 -11.0 1 0 9.8 10.9 10.5 3.5 4 1 3 1 1
6499.6 6132.6 -9.8 266 0 10.3 10.1 17.5 0.0 0 0 5 2 2
5616.3 6434.2 -11.0 89 0 9.1 27.3 10.5 3.5 2 1 3 1 1
6539.2 6170.7 -10.7 266 0 6.8 12.2 10.5 3.5 2 1 3 5 5
6391.0 6083.4 -12.0 176 0 8.5 31.8 10.5 3.5 2 1 3 4 4
5922.1 5956.6 -15.5 87 0 15.7 12.5 14.0 3.5 2 0 4 1 1
6445.9 6049.7 -11.0 170 0 12.3 9.6 10.5 3.5 4 0 3 3 3
4823.4 5280.5 -4.7 86 0 9.5 11.5 5.0 0.0 0 1 2 2 2
6239.2 6032.7 -11.8 207 0 9.5 11.9 10.5 3.5 2 1 3 2 2
4712.3 5312.0 -4.3 91 0 12.2 11.0 17.5 0.0 0 0 5 0 0
6091.2 6176.4 -11.1 274 0 7.9 10.8 5.0 2.5 2 1 2 4 4
6544.5 6131.1 -10.2 264 0 10.8 7.1 10.5 3.5 4 0 3 4 4
6136.1 6123.5 -11.1 290 0 9.3 13.2 5.0 2.5 4 1 2 5 5
4887.8 5358.8 -4.8 260 0 8.7 14.5 10.5 0.0 0 1 3 1 1
6099.4 6043.9 -12.5 176 0 8.6 10.7 5.0 2.5 4 1 2 5 5
6282.9 6259.6 -10.8 99 0 8.5 11.7 5.0 2.5 2 1 2 5 5
6217.8 5949.6 -13.3 103 0 15.1 13.3 5.0 2.5 2 0 2 3 3
6298.3 5979.8 -11.8 174 0 10.6 9.7 10.5 3.5 2 0 3 4 4
4751.3 5296.7 -4.5 87 0 9.5 9.0 10.5 3.5 2 0 3 3 3
4951.6 5301.2 -6.9 92 0 8.7 10.2 10.5 3.5 2 1 3 0 0
6345.7 5966.5 -11.4 20 0 9.2 14.3 10.5 3.5 4 1 3 2 2
6081.3 6147.9 -11.3 176 0 10.4 9.1 2.5 2.5 2 0 1 5 5
6455.8 6097.0 -10.6 271 0 18.0 19.0 17.5 3.5 2 1 5 5 5
6770.1 6157.6 -15.7 64 0 3.9 8.8 5.0 0.0 0 1 2 3 3
6630.9 6066.9 -11.7 91 0 12.7 19.9 17.5 3.5 2 1 5 4 4
5387.6 6448.4 -10.6 286 0 26.8 16.2 17.5 3.5 2 0 5 2 2
5419.1 6398.4 -10.9 74 0 13.9 33.3 17.5 0.0 0 1 5 5 5
5355.0 6437.4 -10.5 110 0 29.7 12.1 17.5 3.5 2 0 5 3 3
5321.9 6472.9 -10.2 188 0 21.3 19.3 17.5 0.0 0 0 5 3 3
5482.5 6264.6 -12.5 133 0 30.6 16.4 17.5 3.5 2 0 5 1 1
5479.0 6431.2 -11.2 231 0 16.3 45.7 17.5 3.5 2 1 5 2 2
5571.7 6255.1 -12.9 45 0 56.7 23.0 17.5 3.5 2 0 5 3 3
5580.9 5844.7 -13.1 254 0 11.2 14.0 5.0 2.5 2 1 2 1 1
5604.8 6287.3 -12.5 45 0 19.7 26.8 17.5 3.5 4 1 5 4 4
5603.6 5854.4 -13.7 254 0 29.6 9.3 7.5 2.5 4 0 3 3 3
4863.7 6097.8 -7.5 52 0 25.4 16.2 17.5 3.5 2 0 5 1 1
4822.9 6072.8 -6.9 142 0 16.2 25.4 17.5 0.0 0 1 5 1 1
4670.1 6328.4 -7.2 344 0 15.3 11.1 17.5 3.5 2 0 5 2 2
6688.8 5953.1 -14.7 176 0 8.4 17.2 10.5 3.5 2 1 3 5 5
4909.8 6140.5 -8.0 140 0 15.3 26.4 17.5 3.5 2 1 5 1 1
4478.5 6119.4 -5.5 274 0 13.1 13.8 10.0 2.5 2 1 4 3 3
4960.0 6138.2 -8.4 50 0 16.5 32.3 17.5 3.5 2 1 5 0 0
5663.6 5659.6 -13.1 77 0 8.6 11.5 10.5 3.5 2 1 3 4 4
5101.7 5363.6 -9.1 349 0 8.2 16.9 10.5 3.5 4 1 3 3 3
4748.5 5676.1 -2.7 180 0 16.9 9.5 5.0 2.5 2 0 2 3 3
4815.0 5546.9 -3.8 92 0 10.8 15.5 14.0 3.5 2 1 4 4 4
4868.8 6022.4 -6.7 213 0 54.5 15.0 17.5 3.5 2 0 5 4 4
4735.7 5453.0 -3.8 264 0 8.3 9.1 10.5 3.5 2 1 3 1 1
4906.1 6081.4 -8.3 213 0 56.4 14.9 17.5 3.5 2 0 5 3 3
4489.1 6283.2 -6.7 81 0 10.5 9.3 5.0 2.5 2 0 2 1 1
4664.1 6369.1 -8.6 199 0 15.7 16.2 17.5 3.5 4 1 5 2 2
4891.2 6159.6 -7.7 320 0 15.8 49.8 17.5 3.5 2 1 5 1 1
4604.2 6177.8 -4.0 178 0 9.8 8.2 5.0 2.5 2 0 2 2 2
5049.5 5374.2 -7.2 160 0 11.6 8.8 10.5 3.5 4 0 3 5 5
4862.4 6063.4 -7.3 50 0 50.0 15.4 17.5 3.5 2 0 5 0 0
5324.7 5519.3 -8.5 176 0 10.0 12.7 10.5 3.5 2 1 3 3 3
4830.6 6245.7 -7.4 267 0 12.3 12.3 14.0 3.5 2 1 4 2 2
5527.9 5413.0 -12.4 69 0 13.6 9.2 10.5 3.5 4 0 3 0 0
4609.5 5288.4 -6.1 146 0 11.8 12.7 17.5 3.5 2 1 5 4 4
4602.9 6136.2 -3.4 178 0 10.0 8.8 2.5 2.5 4 0 1 5 5
4850.3 6017.1 -6.1 52 0 14.7 40.2 17.5 3.5 2 1 5 1 1
6688.9 5962.1 -15.0 176 0 8.1 25.8 10.5 3.5 2 1 3 0 0
4713.8 5414.0 -3.9 94 0 6.3 8.4 10.5 3.5 2 1 3 2 2
4502.4 6377.4 -7.8 281 0 7.4 10.8 5.0 2.5 2 1 2 3 3
4802.4 6493.4 -9.3 249 0 11.7 16.9 17.5 3.5 2 1 5 5 5
4670.4 6394.4 -9.3 201 0 21.5 14.0 17.5 3.5 4 0 5 4 4
4701.4 5831.8 -2.1 180 0 6.9 23.0 10.5 0.0 0 1 3 4 4
4658.7 5459.6 -4.6 192 0 6.7 20.0 10.5 3.5 2 1 3 0 0
5593.5 5407.3 -13.2 8 0 12.5 9.1 10.5 3.5 4 0 3 0 0
4628.4 6148.6 -4.0 358 0 8.7 7.1 2.5 2.5 2 0 1 1 1
4991.0 6209.2 -9.4 321 0 12.6 46.3 17.5 3.5 2 1 5 4 4
4547.3 6330.9 -6.6 11 0 24.4 10.1 5.0 2.5 2 0 2 5 5
4693.0 5820.1 -1.6 180 0 7.4 4.9 10.5 3.5 2 0 3 5 5
4459.0 6311.0 -7.5 188 0 7.0 7.9 7.5 0.0 0 1 3 4 4
4752.8 5545.4 -2.8 86 0 9.5 10.0 10.5 3.5 2 1 3 1 1
4952.5 5379.7 -5.3 171 0 13.2 18.9 17.5 3.5 4 1 5 3 3
4812.0 5426.3 -4.0 0 0 10.5 13.3 17.5 3.5 2 1 5 1 1
4653.5 5417.3 -4.9 94 0 7.6 11.9 10.5 3.5 2 1 3 2 2
4490.0 6237.8 -6.0 2 0 11.5 7.8 7.5 2.5 2 0 3 2 2
5602.1 5406.8 -13.5 180 0 16.6 8.5 10.5 3.5 2 0 3 0 0
4999.0 6172.7 -9.6 51 0 65.5 14.5 17.5 3.5 2 0 5 1 1
5006.3 5415.8 -5.3 246 0 11.4 12.7 17.5 3.5 2 1 5 1 1
4890.5 6172.7 -8.2 140 0 14.4 39.1 17.5 3.5 2 1 5 5 5
4450.0 6324.6 -7.9 266 0 7.5 10.0 7.5 2.5 2 1 3 0 0
4701.9 5501.6 -3.7 266 0 14.6 11.3 17.5 3.5 2 0 5 5 5
4758.6 5462.1 -3.9 278 0 12.5 16.3 17.5 0.0 0 1 5 3 3
4964.8 5404.7 -4.7 247 0 10.5 9.9 10.5 3.5 2 0 3 1 1
5097.8 5313.5 -8.9 2 0 12.2 10.1 17.5 3.5 2 0 5 5 5
6828.1 6526.1 -10.9 296 0 13.5 40.8 14.0 3.5 2 1 4 4 4
6687.1 5975.1 -15.3 176 0 16.6 36.7 17.5 3.5 2 1 5 5 5
4656.9 5502.7 -5.0 289 0 7.6 45.1 10.5 3.5 2 1 3 1 1
5032.7 6360.6 -10.6 5 0 8.0 13.4 10.5 3.5 2 1 3 3 3
4855.8 5827.5 -3.6 193 0 9.3 19.4 7.5 0.0 0 1 3 1 1
5181.9 -5287.7 -20.9 83 0 6.4 6.1 10.5 3.5 2 0 3 4 4
6817.2 -5586.5 -20.6 250 0 15.8 30.5 10.5 3.5 2 1 3 2 2
4515.2 -5841.4 -18.4 90 0 7.8 9.6 10.5 3.5 2 1 3 2 2
4410.8 -5985.9 -16.9 168 0 10.4 10.1 14.0 0.0 0 0 4 3 3
4725.3 -5515.4 -19.8 71 0 9.6 8.5 10.5 3.5 2 0 3 3 3
4439.5 -5758.5 -17.5 36 0 7.0 9.6 10.5 3.5 2 1 3 4 4
4957.4 -5427.2 -20.4 241 0 18.7 14.6 14.0 3.5 2 0 4 5 5
6819.5 -5222.0 -19.8 250 0 58.3 29.9 14.0 0.0 0 0 4 2 2
6839.8 -5277.4 -19.9 70 0 57.3 27.8 14.0 3.5 2 0 4 2 2
4426.0 -6126.8 -16.9 169 0 8.6 10.0 10.5 3.5 2 1 3 2 2
6618.6 -5035.6 -20.0 161 0 28.1 68.8 10.5 0.0 0 1 3 2 2
6666.2 -5066.2 -20.0 70 0 68.9 28.9 10.5 0.0 0 0 3 4 4
6709.0 -4976.3 -20.1 70 0 70.6 27.6 10.5 0.0 0 0 3 3 3
6725.9 -4921.6 -20.2 340 0 28.9 69.9 14.0 0.0 0 1 4 3 3
6732.7 -5041.3 -20.0 69 0 70.0 58.0 10.5 0.0 0 0 3 0 0
6727.5 -5171.2 -19.6 69 0 112.5 36.4 14.0 0.0 0 0 4 5 5
6615.0 -5071.4 -20.0 340 0 29.6 34.6 14.0 0.0 0 1 4 3 3
6525.5 -5130.4 -19.9 250 0 68.6 31.1 14.0 0.0 0 0 4 2 2
6560.5 -4882.0 -20.5 159 0 35.4 69.5 14.0 0.0 0 1 4 1 1
6579.9 -4930.7 -20.4 160 0 30.5 67.2 10.5 0.0 0 1 3 2 2
6522.4 -5121.5 -20.1 71 0 69.6 31.4 14.0 0.0 0 0 4 2 2
4354.8 2641.1 -10.0 327 0 103.1 163.5 14.0 0.0 0 1 4 3 3
4414.4 2558.9 -10.2 327 0 53.4 62.8 14.0 0.0 0 1 4 0 0
4233.6 2441.4 -10.3 147 0 55.1 139.2 14.0 0.0 0 1 4 4 4
1481.2 51.0 -2.8 93 0 19.7 33.0 17.5 0.0 0 1 5 1 1
4842.1 -1684.9 5.0 292 0 13.0 40.5 7.5 2.5 2 1 3 5 5
-185.9 4871.5 12.6 108 0 87.8 86.5 14.0 0.0 0 0 4 1 1
-850.6 4048.0 15.6 119 0 52.1 27.9 12.5 0.0 0 0 5 0 0
-196.6 5021.2 11.2 288 0 155.3 26.4 14.0 0.0 0 0 4 2 2
-477.7 1016.6 -8.7 142 0 23.9 22.3 7.5 2.5 4 0 3 4 4
-429.5 1057.0 -8.0 240 0 18.7 26.8 12.5 2.5 2 1 5 4 4
-458.9 987.3 -8.9 151 0 25.5 19.9 10.0 2.5 2 0 4 4 4
-394.4 1018.4 -8.7 330 0 20.8 17.7 10.0 2.5 2 0 4 5 5
-430.0 956.5 -9.6 127 0 22.5 23.6 7.5 0.0 0 1 3 3 3
-380.1 976.0 -9.0 54 0 19.4 22.6 7.5 2.5 4 1 3 2 2
-350.3 999.4 -8.5 17 0 15.6 24.8 7.5 2.5 2 1 3 1 1
6244.0 6356.2 -10.4 264 0 22.5 20.5 10.0 2.5 2 0 4 1 1
6222.1 6352.0 -10.5 264 0 22.5 20.5 10.0 2.5 2 0 4 2 2
6201.6 6347.9 -10.6 264 0 22.5 20.5 7.5 2.5 2 0 3 1 1
6583.4 -4413.4 -17.5 336 0 10.0 10.4 14.0 3.5 4 1 4 3 3
6547.4 -4387.4 -17.0 156 0 10.0 10.4 14.0 3.5 2 1 4 4 4
6552.9 -4398.0 -17.3 156 0 10.0 10.4 14.0 3.5 2 1 4 1 1
6569.6 -4423.6 -17.8 66 0 10.4 10.0 14.0 3.5 4 0 4 3 3
6362.8 -4287.4 -17.5 274 0 8.9 24.1 10.5 3.5 2 1 3 4 4
6304.0 -4339.5 -19.0 184 0 10.7 15.5 10.5 0.0 0 1 3 5 5
6329.2 -4364.0 -19.3 95 0 18.8 12.3 10.5 3.5 2 0 3 5 5
6368.1 -4362.3 -19.0 16 0 13.9 24.9 10.5 0.0 0 1 3 2 2
6365.6 -4533.5 -21.1 81 0 22.3 22.1 10.0 2.5 2 0 4 2 2
4086.6 -1890.4 1.0 182 0 20.5 21.1 7.5 2.5 2 1 3 3 3
4171.5 -1623.2 -3.8 80 0 17.8 22.0 10.0 0.0 0 1 4 5 5
4188.2 -1623.4 -3.6 82 0 26.4 18.0 10.0 2.5 2 0 4 5 5
4216.0 -1620.4 -3.4 82 0 26.4 18.0 7.5 0.0 0 0 3 5 5
4230.5 -1770.6 2.2 294 0 12.0 35.3 14.0 3.5 2 0 4 3 3
4203.9 -1815.0 2.3 205 0 32.2 12.0 14.0 3.5 2 0 4 3 3
4273.3 -1787.0 3.5 296 0 14.4 66.8 14.0 0.0 0 1 4 1 1
4325.0 -1802.3 5.2 262 0 15.8 25.3 14.0 3.5 2 1 4 5 5
4378.0 -1826.5 6.1 5 0 10.4 29.1 14.0 0.0 0 1 4 2 2
4372.7 -1861.3 6.6 7 0 16.3 22.5 14.0 3.5 2 1 4 1 1
4322.4 -1855.8 5.8 183 0 18.3 16.2 14.0 3.5 2 0 4 1 1
4309.2 -1879.5 5.9 186 0 16.3 26.7 14.0 3.5 2 1 4 5 5
4086.6 -1890.4 1.0 182 0 20.5 21.1 10.0 2.5 2 1 4 4 4
4171.5 -1623.2 -3.8 80 0 17.8 22.0 7.5 0.0 0 1 3 3 3
4188.2 -1623.4 -3.6 82 0 26.4 18.0 10.0 2.5 4 0 4 1 1
4216.0 -1620.4 -3.4 82 0 26.4 18.0 7.5 2.5 2 0 3 4 4
4230.5 -1770.6 2.2 294 0 12.0 35.3 14.0 3.5 2 0 4 5 5
4203.9 -1815.0 2.3 205 0 32.2 12.0 14.0 3.5 2 0 4 0 0
4273.3 -1787.0 3.5 296 0 14.4 66.8 14.0 3.5 2 1 4 4 4
4325.0 -1802.3 5.2 262 0 15.8 25.3 14.0 3.5 2 1 4 0 0
4378.0 -1826.5 6.1 5 0 10.4 29.1 14.0 3.5 2 1 4 0 0
4372.7 -1861.3 6.6 7 0 16.3 22.5 14.0 3.5 2 1 4 5 5
4322.4 -1855.8 5.8 183 0 18.3 16.2 14.0 3.5 2 0 4 0 0
4309.2 -1879.5 5.9 186 0 16.3 26.7 14.0 3.5 2 1 4 0 0
1254.2 -416.7 -5.5 266 0 26.4 18.9 14.0 3.5 2 0 4 3 3
