-1446.1 6032.6 -39.9 205 0 8.8 19.8 10.5 3.5 2 0 3 3 3
-938.1 5795.3 -23.1 195 0 99.3 12.2 7.5 2.5 2 0 3 2 2
-876.3 5949.5 -21.8 191 0 100.0 11.6 12.5 2.5 2 0 5 4 4
-775.2 5657.5 -14.0 191 0 100.7 11.9 7.5 0.0 0 0 3 5 5
-854.3 5732.0 -18.7 190 0 98.5 12.7 10.0 2.5 2 0 4 2 2
-966.9 5805.2 -25.1 18 0 101.1 10.7 10.0 2.5 2 0 4 0 0
-819.0 5939.2 -18.8 191 0 102.4 11.7 12.5 2.5 2 0 5 4 4
-792.6 5745.7 -16.1 281 0 11.5 99.3 7.5 2.5 2 1 3 2 2
-904.8 5954.8 -23.8 11 0 100.1 9.7 7.5 2.5 2 0 3 4 4
-894.4 5749.1 -21.3 11 0 100.1 10.8 12.5 2.5 2 0 5 4 4
-3260.0 5496.9 -84.3 357 0 7.7 5.9 2.5 0.0 0 0 1 3 3
-6.2 4233.0 14.9 289 0 11.4 48.2 17.5 0.0 0 1 7 3 3
-4064.9 2089.5 -78.6 21 0 50.8 86.2 10.0 0.0 0 1 4 0 0
-4178.7 1834.4 -64.4 276 0 10.1 53.2 12.5 2.5 2 1 5 2 2
-4592.4 -282.5 -20.9 197 0 11.6 16.1 8.0 0.0 0 1 2 5 5
-5014.8 200.5 -59.7 119 0 22.8 8.1 4.0 2.5 2 0 1 1 1
-5207.7 211.5 -59.6 106 0 30.0 15.5 15.0 0.0 0 0 6 2 2
-3156.9 -2504.7 63.5 285 0 12.4 79.1 10.0 2.5 2 1 4 4 4
-3170.4 -2492.8 62.8 97 0 10.2 96.4 10.0 2.5 2 1 4 0 0
-4598.4 339.5 -51.8 271 0 11.1 75.6 10.0 2.5 2 1 4 0 0
-4573.1 342.9 -49.1 272 0 10.6 77.8 12.5 2.5 2 1 5 1 1
-2130.7 6076.5 -53.3 191 0 22.6 49.3 14.0 0.0 0 1 4 4 4
-2084.5 5426.9 -38.2 1 0 47.1 48.5 10.5 0.0 0 1 3 4 4
-5200.6 1526.9 -44.9 113 0 18.8 5.8 7.5 2.5 2 0 3 0 0
-5117.5 1485.0 -43.6 98 0 9.9 13.7 2.5 2.5 2 1 1 5 5
-5136.5 1323.8 -37.2 202 0 3.9 10.1 7.5 2.5 2 1 3 0 0
-5144.0 1327.3 -34.4 65 0 6.5 8.4 5.0 2.5 2 0 2 1 1
-5161.0 1296.4 -34.0 201 0 7.1 4.3 7.5 2.5 2 0 3 5 5
-5158.8 1307.9 -34.2 203 0 5.1 7.5 7.5 2.5 2 0 3 5 5
-5140.3 1306.1 -37.3 213 0 6.0 7.0 7.5 2.5 2 0 3 1 1
-5147.9 1305.2 -37.0 213 0 3.8 12.5 5.0 2.5 2 0 2 5 5
-5171.7 1268.3 -34.9 210 0 5.1 9.1 7.5 2.5 2 0 3 3 3
-5166.1 1259.8 -34.8 30 0 4.1 9.1 5.0 2.5 2 0 2 0 0
-5269.5 1073.9 -43.8 38 0 16.0 8.2 7.5 2.5 2 0 3 1 1
-5230.3 1123.5 -40.8 37 0 15.8 7.7 7.5 2.5 2 0 3 4 4
-5211.0 1125.9 -43.2 125 0 6.5 16.2 5.0 2.5 2 1 2 5 5
-5231.0 1098.3 -46.6 211 0 15.0 7.6 5.0 2.5 2 0 2 5 5
-5252.1 1062.4 -49.1 210 0 15.4 7.8 7.5 2.5 4 0 3 3 3
-5263.1 1017.2 -49.4 186 0 16.0 9.7 5.0 2.5 2 0 2 5 5
-5281.6 978.9 -48.7 11 0 15.8 7.6 7.5 2.5 4 0 3 0 0
-5379.1 758.6 -48.1 199 0 34.9 9.7 7.5 2.5 2 0 3 5 5
-5363.9 814.5 -47.9 197 0 16.8 10.3 2.5 2.5 4 0 1 5 5
-5351.3 857.1 -48.0 201 0 18.9 10.2 7.5 2.5 4 0 3 1 1
-5323.1 856.6 -48.9 289 0 12.2 14.3 7.5 2.5 2 1 3 0 0
-5327.1 826.5 -48.7 18 0 17.9 10.2 5.0 2.5 2 0 2 3 3
-5297.4 898.8 -49.1 13 0 13.1 15.4 7.5 0.0 0 1 3 5 5
-5234.6 868.1 -51.4 16 0 20.8 22.3 10.0 2.5 2 1 4 2 2
-5288.3 902.6 -49.8 194 0 14.9 9.3 2.5 2.5 2 0 1 0 0
-5293.0 881.9 -49.8 193 0 17.8 7.7 7.5 2.5 2 0 3 0 0
-5269.5 826.6 -50.6 19 0 10.4 17.5 10.0 2.5 4 1 4 0 0
-5299.8 761.6 -50.8 109 0 12.4 18.4 5.0 0.0 0 1 2 0 0
-5313.7 809.8 -49.6 198 0 39.4 7.1 7.5 2.5 2 0 3 1 1
-5323.6 777.6 -50.0 198 0 16.3 11.9 5.0 2.5 2 0 2 2 2
-5325.0 758.1 -49.8 288 0 7.0 33.5 5.0 2.5 2 1 2 4 4
-5303.9 751.7 -50.6 293 0 8.6 33.9 7.5 2.5 2 1 3 0 0
-2820.6 6414.4 -70.2 282 0 12.8 7.5 10.5 3.5 2 0 3 4 4
-2810.6 6367.4 -70.1 93 0 5.5 20.6 10.5 3.5 2 1 3 1 1
-2793.5 6359.7 -69.7 101 0 10.8 17.0 10.5 3.5 2 1 3 2 2
-3102.4 6142.0 -82.1 116 0 6.5 7.3 7.5 2.5 2 1 3 3 3
-3061.5 6491.7 -82.6 136 0 15.6 16.0 14.0 3.5 2 1 4 3 3
-3081.2 6506.5 -84.6 139 0 9.8 15.9 10.5 3.5 2 1 3 3 3
4967.8 5818.2 -40.5 15 0 6.0 11.7 2.5 2.5 2 1 1 5 5
4997.5 5835.9 -40.6 13 0 8.6 13.0 7.5 2.5 2 1 3 3 3
5003.1 5848.3 -40.7 17 0 8.2 9.7 7.5 2.5 2 1 3 3 3
4905.0 5843.2 -41.0 17 0 6.0 26.6 7.5 2.5 4 1 3 2 2
4860.4 5651.1 -39.3 109 0 9.3 11.1 5.0 2.5 2 1 2 0 0
5031.3 5529.1 -37.7 288 0 9.8 8.0 7.5 2.5 2 0 3 3 3
5033.5 5519.9 -37.7 289 0 10.5 5.6 2.5 2.5 2 0 1 5 5
5099.1 5471.0 -37.3 24 0 60.5 8.0 7.5 0.0 0 0 3 0 0
6828.6 5259.3 1.2 359 0 85.3 11.5 12.5 2.5 2 0 5 4 4
1944.0 6527.1 -2.0 87 0 7.6 6.1 2.5 2.5 2 0 1 0 0
1787.1 6463.7 1.0 78 0 10.5 7.2 2.5 2.5 2 0 1 5 5
1799.6 6464.9 0.5 85 0 6.5 15.3 5.0 0.0 0 1 2 5 5
1817.2 6516.5 -1.2 267 0 21.6 8.2 7.5 2.5 2 0 3 4 4
1824.6 6486.5 -0.8 84 0 13.2 14.7 7.5 2.5 2 1 3 0 0
1867.5 6457.5 1.5 267 0 7.1 8.4 5.0 2.5 2 1 2 5 5
1846.9 6493.6 -0.9 87 0 7.1 9.2 7.5 2.5 2 1 3 4 4
-3176.5 5738.0 -79.1 69 0 10.2 55.2 10.0 2.5 2 1 4 0 0
-3180.5 5721.9 -80.9 355 0 26.9 8.8 2.5 2.5 4 0 1 5 5
5763.4 1040.0 36.1 215 0 13.1 13.5 7.5 2.5 2 1 3 0 0
5654.6 1060.3 32.3 358 0 8.9 8.4 7.5 2.5 2 0 3 2 2
5624.6 1030.2 32.1 90 0 6.3 9.7 7.5 2.5 2 1 3 4 4
6365.5 -4960.9 24.2 358 0 11.6 13.9 5.0 2.5 4 1 2 0 0
6347.8 -4922.7 25.6 179 0 11.5 9.0 5.0 2.5 4 0 2 2 2
6349.4 -4948.3 24.8 163 0 6.7 9.9 2.5 2.5 2 1 1 5 5
6347.7 -4977.0 22.9 152 0 5.0 6.9 5.0 0.0 0 1 2 2 2
6357.7 -4999.5 21.6 55 0 11.4 19.6 5.0 2.5 2 1 2 4 4
6391.5 -4975.9 25.0 316 0 6.9 11.2 7.5 2.5 2 1 3 0 0
6410.4 -4938.6 29.5 226 0 9.9 13.1 5.0 0.0 0 1 2 2 2
6030.9 -5111.7 19.9 112 0 14.2 14.1 2.5 2.5 4 0 1 3 3
6054.9 -5083.9 19.4 300 0 8.5 10.1 5.0 2.5 2 1 2 3 3
6062.9 -5111.1 17.8 123 0 6.9 8.1 7.5 2.5 2 1 3 3 3
-3732.0 4647.6 -62.0 287 0 6.0 12.4 5.0 2.5 2 1 2 5 5
-3781.8 4712.5 -66.2 113 0 8.4 8.9 5.0 2.5 2 1 2 0 0
-3797.1 4709.2 -66.5 238 0 3.9 16.0 5.0 2.5 2 1 2 3 3
-3877.1 4744.5 -71.8 287 0 9.2 4.5 5.0 2.5 2 0 2 1 1
-3894.1 4762.0 -73.0 290 0 6.4 8.7 5.0 2.5 2 1 2 4 4
-3883.7 4732.9 -71.6 200 0 4.5 9.0 5.0 2.5 2 1 2 1 1
-3860.2 4746.9 -70.9 285 0 9.2 11.9 5.0 2.5 2 1 2 1 1
-3835.4 4722.8 -69.2 299 0 10.4 14.6 10.0 2.5 2 1 4 5 5
-3856.8 4674.8 -69.5 114 0 6.9 17.2 5.0 2.5 2 1 2 3 3
-4199.8 5278.1 -77.1 195 0 12.8 10.4 10.0 2.5 2 0 4 4 4
-4257.5 5237.9 -76.6 288 0 11.0 9.3 5.0 2.5 2 0 2 2 2
-4239.0 5223.1 -77.0 19 0 8.1 3.7 7.5 2.5 4 0 3 5 5
-4047.3 4841.1 -83.4 295 0 9.9 71.2 7.5 2.5 2 1 3 1 1
-4001.6 4631.4 -75.3 189 0 6.9 7.2 5.0 2.5 2 1 2 2 2
-3967.6 4581.3 -72.8 219 0 5.0 7.4 7.5 2.5 2 1 3 5 5
-3914.8 4652.1 -72.5 199 0 6.4 7.9 5.0 2.5 4 1 2 5 5
-3908.4 4660.2 -72.2 200 0 7.9 9.1 2.5 2.5 4 1 1 5 5
-3798.4 4679.0 -66.5 286 0 14.9 13.8 7.5 2.5 2 0 3 2 2
-3799.3 4664.0 -66.2 281 0 11.2 11.7 10.0 2.5 2 1 4 0 0
-3834.0 4672.5 -68.4 252 0 16.0 7.4 7.5 2.5 2 0 3 4 4
-3831.4 4641.8 -67.7 95 0 8.9 4.9 7.5 0.0 0 0 3 4 4
-3824.4 4617.1 -67.1 290 0 8.2 10.3 5.0 2.5 2 1 2 1 1
-3788.0 4461.8 -62.3 294 0 6.0 10.9 7.5 2.5 2 1 3 0 0
-3776.0 4454.5 -61.6 291 0 9.3 9.7 7.5 0.0 0 1 3 0 0
-3803.1 4470.6 -63.4 299 0 13.9 18.8 15.0 0.0 0 1 6 0 0
-3777.0 4414.9 -60.9 116 0 8.4 10.8 5.0 2.5 2 1 2 4 4
-3765.1 4461.6 -60.9 199 0 7.0 6.0 7.5 2.5 2 0 3 4 4
-3776.1 4464.5 -61.5 200 0 7.7 7.2 2.5 2.5 2 0 1 3 3
-3765.4 4481.6 -61.3 203 0 11.4 12.6 2.5 2.5 2 1 1 4 4
-3768.5 4532.9 -62.6 205 0 18.9 12.4 10.0 0.0 0 0 4 4 4
-3760.1 4507.3 -61.6 199 0 5.1 12.2 5.0 2.5 4 1 2 0 0
-3752.5 4529.7 -61.5 202 0 11.6 5.8 2.5 2.5 2 0 1 2 2
-3744.7 4527.1 -61.0 202 0 11.6 5.3 7.5 0.0 0 0 3 1 1
-3728.7 4524.6 -60.5 20 0 4.4 9.0 2.5 2.5 2 1 1 5 5
-3714.4 4501.6 -59.6 20 0 11.1 8.6 5.0 2.5 2 0 2 5 5
-3708.7 4529.2 -59.3 24 0 9.1 9.2 2.5 2.5 2 1 1 5 5
-3704.5 4539.0 -59.3 21 0 4.7 11.2 7.5 2.5 4 1 3 2 2
-3703.8 4553.3 -59.1 292 0 11.3 9.4 2.5 2.5 4 0 1 1 1
-3740.2 4590.3 -61.9 294 0 5.5 17.3 5.0 2.5 2 1 2 3 3
-3692.2 4632.9 -59.7 285 0 15.0 11.1 5.0 0.0 0 0 2 5 5
-3706.9 4640.8 -60.5 288 0 6.8 15.3 7.5 2.5 4 1 3 4 4
-3699.4 4604.8 -59.5 108 0 8.7 14.1 7.5 0.0 0 1 3 1 1
-3669.5 4662.1 -61.3 103 0 23.7 13.1 7.5 2.5 2 0 3 1 1
-3616.1 4682.2 -62.4 22 0 9.3 7.5 5.0 2.5 2 0 2 1 1
-3628.6 4647.0 -60.8 115 0 7.6 7.5 2.5 2.5 2 0 1 1 1
-3636.2 4634.9 -59.9 281 0 10.4 7.7 2.5 2.5 2 0 1 4 4
-3650.5 4648.7 -60.2 282 0 22.6 10.2 2.5 2.5 2 0 1 2 2
-3646.2 4636.4 -59.7 280 0 8.0 11.9 5.0 2.5 2 1 2 1 1
-3660.2 4603.2 -58.6 24 0 5.3 6.3 5.0 2.5 4 1 2 0 0
-3680.2 4561.0 -57.4 299 0 6.7 9.1 5.0 2.5 2 1 2 1 1
-3653.1 4560.2 -57.7 202 0 8.4 5.4 7.5 2.5 4 0 3 5 5
-3637.4 4503.3 -59.4 278 0 6.9 5.7 7.5 2.5 2 0 3 4 4
-3659.8 4518.4 -58.6 286 0 7.3 6.3 5.0 2.5 2 0 2 0 0
-3667.5 4495.2 -59.1 101 0 16.1 6.9 7.5 2.5 4 0 3 4 4
-4926.0 5366.6 -56.6 21 0 12.6 23.8 10.0 2.5 2 1 4 3 3
-4912.7 5306.5 -59.9 16 0 17.4 8.2 5.0 2.5 2 0 2 5 5
-4976.8 4921.0 -68.8 18 0 25.0 18.6 12.5 2.5 2 0 5 4 4
-5028.2 4923.3 -67.5 108 0 24.9 23.3 10.0 2.5 2 0 4 0 0
-4845.3 4259.3 -64.7 102 0 8.5 9.1 7.5 2.5 2 1 3 2 2
-4909.7 4286.9 -62.6 99 0 6.2 15.1 5.0 2.5 2 1 2 5 5
-4919.2 4316.0 -62.0 283 0 8.2 12.2 5.0 2.5 2 1 2 0 0
-3147.9 4243.1 -56.9 7 0 6.1 12.2 5.0 2.5 2 1 2 2 2
-3137.8 4287.1 -57.7 14 0 13.5 17.9 2.5 2.5 2 1 1 0 0
-3173.0 4288.5 -57.9 102 0 10.7 14.9 5.0 2.5 2 1 2 1 1
-3157.9 4310.7 -58.0 286 0 17.0 8.3 7.5 2.5 2 0 3 5 5
-3137.0 4228.8 -56.6 184 0 8.2 17.7 2.5 2.5 2 1 1 4 4
-3079.7 4239.0 -55.4 19 0 4.5 7.6 5.0 2.5 2 1 2 3 3
-3086.6 4221.5 -55.5 19 0 5.1 14.9 7.5 2.5 2 1 3 2 2
-3117.5 4302.7 -57.9 199 0 15.4 16.6 10.0 2.5 2 1 4 2 2
-3139.7 4355.1 -58.8 276 0 5.8 12.1 7.5 2.5 2 1 3 1 1
-3151.0 4343.3 -58.8 96 0 7.4 12.8 5.0 2.5 2 1 2 5 5
-3193.8 4508.5 -61.7 20 0 7.6 8.3 5.0 2.5 2 1 2 5 5
-3433.9 4870.3 -70.5 201 0 10.1 8.8 5.0 2.5 2 0 2 1 1
-3416.9 4852.6 -70.1 25 0 3.3 9.5 2.5 0.0 0 1 1 0 0
-3475.6 4812.3 -69.5 124 0 26.8 11.9 12.5 0.0 0 0 5 2 2
-3461.2 4832.1 -69.6 302 0 8.0 6.0 5.0 2.5 2 0 2 4 4
-3525.5 4792.8 -68.6 205 0 6.6 6.0 5.0 2.5 2 0 2 0 0
-3559.5 4716.2 -65.1 124 0 6.6 10.8 5.0 2.5 2 1 2 1 1
-3579.0 4755.4 -67.2 162 0 8.9 9.0 7.5 0.0 0 1 3 2 2
-3580.9 4622.0 -59.8 297 0 5.5 11.9 5.0 2.5 2 1 2 3 3
-3482.9 4650.0 -61.6 272 0 6.2 7.4 5.0 2.5 2 1 2 3 3
-3493.4 4659.4 -62.0 271 0 4.6 7.3 7.5 2.5 2 1 3 2 2
-3482.9 4668.9 -63.0 92 0 9.8 9.8 2.5 2.5 2 1 1 4 4
-3482.7 4692.4 -64.1 95 0 5.6 9.9 5.0 2.5 2 1 2 5 5
-3470.9 4735.6 -65.8 206 0 4.3 10.2 5.0 2.5 2 1 2 2 2
-3458.3 4767.2 -67.3 201 0 5.3 13.5 5.0 2.5 2 1 2 5 5
-3429.8 4806.8 -68.9 200 0 12.7 7.6 2.5 2.5 2 0 1 4 4
-3382.9 4824.7 -69.3 305 0 7.7 6.2 7.5 2.5 2 0 3 1 1
-3384.4 4805.4 -68.9 33 0 12.4 5.2 7.5 2.5 2 0 3 4 4
-3408.6 4741.2 -66.7 13 0 17.2 9.3 7.5 2.5 2 0 3 4 4
-3407.6 4706.2 -65.0 9 0 14.2 7.7 5.0 2.5 2 0 2 2 2
-3423.6 4660.2 -62.6 186 0 9.4 6.0 7.5 2.5 2 0 3 2 2
-3423.8 4560.5 -61.2 199 0 11.8 13.1 7.5 2.5 2 1 3 3 3
-3263.1 4489.1 -61.4 21 0 5.5 12.9 7.5 2.5 2 1 3 1 1
-3271.1 4499.7 -61.6 110 0 6.2 8.2 7.5 0.0 0 1 3 0 0
-3249.9 4508.4 -61.7 17 0 7.2 6.4 5.0 2.5 2 0 2 2 2
-3279.5 4498.6 -61.7 111 0 6.4 15.7 7.5 2.5 2 1 3 1 1
-3323.8 4522.3 -62.1 126 0 4.7 11.4 2.5 2.5 2 1 1 1 1
-3314.3 4512.6 -61.9 119 0 12.0 11.6 7.5 2.5 2 0 3 5 5
-3321.4 4481.8 -61.5 98 0 12.2 16.9 7.5 2.5 2 1 3 5 5
-3339.5 4497.4 -61.5 195 0 8.8 11.2 5.0 2.5 2 1 2 5 5
-3346.8 4525.5 -62.1 101 0 7.8 9.2 7.5 2.5 2 1 3 3 3
-3339.2 4570.8 -62.3 300 0 9.4 24.3 7.5 2.5 2 1 3 2 2
-3362.4 4564.1 -61.9 209 0 13.3 9.7 2.5 2.5 4 0 1 2 2
-3371.1 4537.9 -62.2 120 0 5.2 6.9 7.5 2.5 2 1 3 1 1
-3377.0 4539.8 -62.1 113 0 5.2 8.9 5.0 2.5 2 1 2 5 5
-3387.6 4535.7 -62.1 116 0 6.5 12.3 2.5 2.5 2 1 1 5 5
-3403.7 4523.2 -62.0 280 0 5.7 10.4 7.5 2.5 4 1 3 2 2
-3405.5 4450.9 -60.8 97 0 7.1 8.5 7.5 2.5 4 1 3 3 3
-3530.3 4465.1 -61.3 106 0 15.8 13.7 2.5 2.5 2 0 1 3 3
-3553.6 4508.1 -60.4 109 0 5.8 9.7 5.0 2.5 2 1 2 3 3
-3588.0 4517.9 -59.5 101 0 6.3 5.4 7.5 2.5 2 0 3 2 2
-3812.9 4694.2 -67.2 111 0 5.7 10.7 2.5 2.5 4 1 1 2 2
-3742.4 4546.3 -61.1 202 0 11.2 8.2 7.5 2.5 2 0 3 3 3
-3783.1 4585.9 -64.0 205 0 14.6 8.0 7.5 2.5 2 0 3 4 4
-3759.1 4647.9 -63.4 282 0 4.8 8.5 5.0 0.0 0 1 2 0 0
-3748.0 4621.2 -62.6 105 0 11.1 9.4 7.5 2.5 2 0 3 1 1
-3767.9 4624.3 -63.7 106 0 5.9 11.6 7.5 2.5 2 1 3 5 5
-6538.1 6473.1 5.0 90 0 7.3 7.1 5.0 2.5 2 0 2 4 4
-6534.5 6492.2 4.8 82 0 5.9 7.1 5.0 2.5 2 1 2 0 0
-6536.2 6555.1 4.5 265 0 5.4 6.5 5.0 2.5 2 1 2 2 2
-6493.0 6551.2 2.7 271 0 8.6 6.5 2.5 2.5 4 0 1 1 1
-6483.2 6550.2 2.3 272 0 6.9 8.3 5.0 2.5 2 1 2 4 4
-6445.3 6521.7 0.7 270 0 16.8 12.8 7.5 2.5 2 0 3 1 1
-6463.5 6508.4 1.5 90 0 18.1 6.1 5.0 2.5 4 0 2 2 2
-6480.1 6537.5 2.2 270 0 9.2 8.0 7.5 0.0 0 0 3 5 5
-6491.6 6536.3 2.7 267 0 9.9 9.0 2.5 2.5 2 0 1 5 5
-6499.6 6535.4 3.2 269 0 4.1 7.3 7.5 2.5 2 1 3 0 0
-6507.4 6534.4 3.4 267 0 8.9 8.7 5.0 2.5 2 0 2 5 5
-6523.0 6477.3 4.4 89 0 8.5 7.3 5.0 2.5 2 0 2 0 0
-6469.3 6471.4 2.1 85 0 13.4 6.8 2.5 2.5 2 0 1 0 0
-6481.4 6484.0 2.6 85 0 7.1 8.3 5.0 2.5 2 1 2 4 4
-6477.4 6495.5 2.4 90 0 6.2 7.9 2.5 0.0 0 1 1 5 5
-6455.9 6493.7 1.2 90 0 22.4 7.7 7.5 0.0 0 0 3 0 0
-6011.4 6122.7 -13.3 0 0 3.9 8.1 7.5 2.5 2 1 3 4 4
-6015.2 6129.4 -12.9 359 0 7.6 6.0 5.0 2.5 2 0 2 4 4
-6023.8 6125.8 -12.3 0 0 4.5 6.8 5.0 2.5 4 1 2 3 3
-6007.3 6103.6 -14.2 270 0 6.0 6.8 5.0 2.5 2 1 2 4 4
-6016.0 6114.1 -13.4 271 0 5.8 7.4 5.0 2.5 2 1 2 1 1
-5957.6 6123.2 -17.8 272 0 9.5 8.5 7.5 2.5 4 0 3 0 0
-5935.5 6077.1 -18.5 93 0 13.3 7.3 7.5 0.0 0 0 3 4 4
-5900.3 6115.1 -20.0 272 0 9.5 6.3 2.5 0.0 0 0 1 2 2
-2378.4 -2315.1 19.5 272 0 9.9 12.3 7.5 2.5 2 1 3 4 4
-2389.1 -2317.9 19.9 271 0 9.1 13.0 5.0 2.5 4 1 2 4 4
-2445.4 -2290.2 21.2 271 0 10.7 28.2 10.0 2.5 2 1 4 3 3
-2418.3 -2294.9 20.5 273 0 12.1 24.0 7.5 2.5 2 1 3 5 5
-2544.9 -2264.8 23.8 96 0 7.0 12.8 7.5 2.5 2 1 3 1 1
-2561.4 -2256.2 24.2 185 0 9.1 8.6 5.0 2.5 2 0 2 2 2
-2479.6 -2096.4 20.2 185 0 7.1 9.3 5.0 2.5 2 1 2 3 3
-2420.6 -2106.9 17.8 99 0 8.6 65.2 7.5 2.5 2 1 3 1 1
-2441.8 -2034.0 18.7 279 0 9.3 21.8 2.5 2.5 2 1 1 4 4
-2432.2 -2091.8 18.6 101 0 8.3 23.1 7.5 2.5 2 1 3 5 5
-2365.4 -2155.1 17.5 99 0 8.0 11.1 7.5 2.5 2 1 3 2 2
-2353.4 -2156.4 17.0 98 0 12.7 14.7 7.5 2.5 2 1 3 1 1
-2362.6 -2096.6 16.8 275 0 22.7 16.6 10.0 2.5 2 0 4 3 3
-2298.5 -1977.6 13.9 280 0 17.4 13.7 2.5 2.5 2 0 1 4 4
-2230.7 -2093.8 12.9 182 0 6.8 10.5 7.5 2.5 2 1 3 4 4
-2247.7 -2360.0 15.7 181 0 13.3 16.6 10.0 2.5 2 1 4 0 0
-2244.1 -2345.0 15.5 182 0 12.7 14.2 5.0 2.5 2 1 2 3 3
-2212.1 -2231.4 13.8 271 0 11.9 12.1 7.5 2.5 2 1 3 2 2
-2231.7 -2256.2 14.5 188 0 13.5 6.1 5.0 2.5 2 0 2 4 4
-2111.1 -2271.4 11.3 272 0 10.7 22.3 5.0 2.5 2 1 2 0 0
-2143.1 -2296.1 12.2 186 0 9.9 10.8 5.0 2.5 2 1 2 5 5
-2163.6 -2350.9 13.6 1 0 17.5 12.5 2.5 2.5 2 0 1 1 1
-2170.1 -2502.8 13.3 275 0 10.5 8.3 2.5 2.5 4 0 1 4 4
-2154.2 -2532.0 12.5 89 0 7.6 7.6 5.0 2.5 2 0 2 5 5
-2155.3 -2543.5 12.4 90 0 8.4 8.7 2.5 2.5 2 1 1 1 1
-2148.6 -2560.3 11.8 272 0 8.5 10.0 2.5 2.5 2 1 1 4 4
-2160.9 -2561.1 12.1 270 0 13.7 13.1 7.5 2.5 2 0 3 1 1
-2240.4 -2641.0 13.9 273 0 13.8 8.6 2.5 2.5 2 0 1 3 3
-2230.3 -2667.5 13.4 93 0 8.4 20.1 7.5 2.5 2 1 3 1 1
-2265.8 -2682.0 14.1 274 0 13.5 8.5 5.0 2.5 4 0 2 1 1
-2301.4 -2658.8 15.7 274 0 9.1 15.1 7.5 2.5 2 1 3 4 4
-2310.4 -2597.1 17.1 357 0 10.2 6.5 7.5 2.5 2 0 3 4 4
-2332.8 -2473.4 18.9 183 0 13.5 15.7 5.0 2.5 2 1 2 5 5
-2333.4 -2457.2 19.1 183 0 8.3 18.0 5.0 2.5 2 1 2 1 1
-2300.2 -2430.0 18.3 6 0 22.3 10.2 2.5 2.5 2 0 1 5 5
-2296.8 -2396.8 17.8 6 0 44.3 8.5 7.5 2.5 2 0 3 5 5
-2268.9 -2329.3 16.3 95 0 5.6 13.2 7.5 2.5 2 1 3 3 3
-2270.3 -2336.9 16.6 274 0 6.5 6.8 7.5 2.5 2 1 3 2 2
-2302.8 -2325.4 17.3 94 0 6.6 11.5 2.5 2.5 2 1 1 0 0
-2337.4 -2339.7 18.5 277 0 12.4 11.0 2.5 2.5 2 0 1 1 1
-2368.9 -2306.5 18.8 96 0 17.3 16.5 7.5 2.5 2 0 3 3 3
-2364.8 -2325.2 19.2 273 0 8.4 35.0 7.5 2.5 2 1 3 1 1
-2381.0 -2333.7 19.8 276 0 8.7 25.4 7.5 2.5 2 1 3 0 0
-2394.8 -2337.5 20.3 2 0 11.1 16.6 5.0 0.0 0 1 2 2 2
-2418.7 -2327.6 20.9 275 0 5.5 56.3 7.5 2.5 4 1 3 2 2
-2463.4 -2393.6 22.0 185 0 92.5 10.2 10.0 2.5 2 0 4 1 1
-2445.2 -2464.3 21.8 99 0 9.8 76.3 7.5 2.5 2 1 3 0 0
-2525.3 -2595.7 24.4 279 0 3.7 10.5 5.0 2.5 4 1 2 5 5
-2535.8 -2606.5 24.4 281 0 11.1 9.6 7.5 0.0 0 0 3 1 1
-2507.6 -2735.1 21.2 90 0 10.9 60.9 10.0 2.5 2 1 4 4 4
-2882.7 -2729.6 38.7 281 0 10.8 45.1 12.5 2.5 2 1 5 2 2
-2922.4 -2777.4 40.8 207 0 45.1 10.1 10.0 2.5 2 0 4 3 3
-3255.7 -2508.7 67.4 91 0 9.9 6.4 7.5 2.5 2 0 3 3 3
-3278.9 -2519.4 68.4 99 0 5.8 7.6 5.0 2.5 2 1 2 3 3
-3359.6 -2428.9 78.0 265 0 5.9 9.5 5.0 2.5 2 1 2 0 0
-3385.0 -2469.9 84.3 354 0 7.2 8.5 5.0 2.5 2 1 2 0 0
-3379.3 -2476.4 82.5 270 0 5.5 10.7 5.0 2.5 2 1 2 5 5
-3371.4 -2479.5 80.6 271 0 7.2 10.1 2.5 2.5 2 1 1 2 2
-3364.7 -2507.4 79.4 88 0 4.3 9.6 7.5 2.5 2 0 3 0 0
-3386.9 -2458.6 84.7 351 0 11.2 5.8 2.5 2.5 2 0 1 5 5
-1463.4 235.4 1.6 201 0 7.6 11.4 5.0 2.5 2 1 2 4 4
-1424.9 291.8 0.4 112 0 8.8 7.2 5.0 0.0 0 0 2 5 5
-1432.3 507.5 0.4 296 0 10.0 10.6 7.5 2.5 2 1 3 2 2
-1399.3 472.0 -0.7 298 0 8.2 9.2 2.5 2.5 4 1 1 5 5
-1349.5 452.1 -2.7 204 0 11.4 7.4 5.0 2.5 2 0 2 2 2
-1331.0 545.7 -2.3 26 0 8.1 17.2 5.0 2.5 2 1 2 4 4
-1321.5 523.7 -3.7 211 0 18.0 21.4 10.0 2.5 2 1 4 4 4
-1135.2 461.8 -8.2 25 0 11.3 8.0 5.0 2.5 2 0 2 4 4
-1775.0 596.7 12.4 115 0 6.2 9.5 7.5 2.5 2 1 3 1 1
-1857.1 368.8 15.7 291 0 15.6 8.1 5.0 2.5 2 0 2 3 3
-1857.9 351.3 16.0 20 0 8.6 13.5 5.0 2.5 4 1 2 5 5
-1980.5 219.0 19.2 107 0 14.3 16.1 7.5 2.5 2 1 3 3 3
-1967.0 246.4 19.1 289 0 13.7 3.3 5.0 2.5 2 0 2 2 2
-2091.9 252.1 23.6 111 0 5.9 9.3 5.0 2.5 2 1 2 4 4
-2311.0 186.0 30.1 113 0 7.6 8.4 2.5 2.5 4 1 1 5 5
-2300.6 169.3 29.4 109 0 9.2 8.9 5.0 2.5 2 0 2 0 0
-2340.1 211.9 31.4 291 0 10.1 5.4 2.5 2.5 2 0 1 4 4
-2399.7 189.2 33.2 102 0 5.1 9.6 7.5 2.5 2 1 3 2 2
-2422.4 185.4 34.0 9 0 7.4 5.5 7.5 2.5 2 0 3 3 3
-2416.1 183.8 33.7 9 0 7.3 5.4 5.0 2.5 2 0 2 1 1
-2405.4 192.0 33.4 100 0 6.1 7.0 5.0 2.5 2 1 2 4 4
-2435.7 215.1 34.3 188 0 7.5 17.4 5.0 2.5 2 0 2 3 3
-2414.7 215.9 34.0 278 0 6.7 10.1 7.5 2.5 2 0 3 2 2
-2404.6 217.0 33.6 282 0 9.7 11.5 7.5 2.5 2 1 3 2 2
-2378.2 167.2 32.0 282 0 5.9 10.2 2.5 2.5 2 1 1 3 3
-2402.9 172.5 33.0 285 0 3.8 10.2 5.0 2.5 2 1 2 3 3
-2386.9 170.9 32.4 285 0 5.6 14.0 5.0 0.0 0 1 2 4 4
-2631.1 -111.7 42.9 13 0 13.3 8.7 7.5 2.5 2 0 3 0 0
-2652.2 -151.6 44.4 102 0 12.5 11.4 5.0 0.0 0 0 2 4 4
-2644.7 -183.9 40.7 292 0 6.4 9.2 5.0 2.5 2 1 2 1 1
-2605.4 -435.5 32.3 106 0 7.7 12.6 5.0 2.5 2 1 2 3 3
-2520.4 -454.7 28.7 103 0 11.4 75.9 12.5 2.5 2 1 5 1 1
-2607.9 -492.1 31.6 193 0 9.9 9.2 7.5 2.5 2 0 3 1 1
-2578.9 -515.5 30.4 103 0 13.3 8.3 5.0 2.5 2 0 2 0 0
-2551.1 -488.2 29.6 286 0 7.9 12.8 5.0 2.5 2 1 2 4 4
-2237.8 -553.0 19.1 286 0 9.4 6.9 7.5 2.5 2 0 3 5 5
-2143.0 -571.5 16.0 109 0 21.3 11.7 7.5 2.5 2 0 3 2 2
-2113.4 -575.8 15.2 106 0 15.7 7.0 5.0 2.5 2 0 2 1 1
-2106.1 -624.1 14.4 108 0 10.4 13.2 2.5 2.5 2 1 1 1 1
-2096.2 -584.4 14.7 105 0 8.9 8.5 5.0 2.5 2 0 2 1 1
-2053.2 -588.8 13.2 106 0 18.9 11.1 7.5 2.5 2 0 3 1 1
-2009.3 -596.5 12.0 107 0 6.0 5.9 5.0 2.5 2 0 2 2 2
-1996.0 -628.9 11.1 281 0 12.7 9.3 2.5 2.5 2 0 1 4 4
-1983.2 -629.4 10.8 280 0 6.9 11.4 7.5 2.5 2 1 3 5 5
-1904.7 -630.2 8.5 280 0 6.0 5.3 5.0 2.5 2 0 2 0 0
-1801.0 -632.2 5.5 107 0 6.4 6.4 7.5 2.5 2 0 3 5 5
-1804.5 -637.4 5.5 107 0 10.0 6.0 5.0 2.5 2 0 2 1 1
-1815.2 -636.7 5.9 107 0 7.0 15.8 2.5 2.5 2 1 1 3 3
-1809.2 -606.7 6.0 199 0 6.8 5.5 2.5 0.0 0 0 1 2 2
-1751.1 -585.4 4.5 21 0 6.5 21.2 5.0 2.5 2 1 2 5 5
-1710.3 -676.2 2.3 104 0 11.3 11.9 5.0 2.5 2 1 2 0 0
-1682.4 -660.6 1.8 13 0 16.7 16.1 10.0 2.5 2 0 4 3 3
-1732.8 -639.4 2.9 193 0 10.8 21.1 5.0 2.5 2 1 2 5 5
-1746.5 -624.7 3.8 197 0 12.6 11.5 7.5 2.5 2 0 3 3 3
-1977.6 -895.7 7.3 105 0 11.0 3.9 7.5 2.5 2 0 3 3 3
-1988.4 -869.8 7.9 192 0 7.0 8.3 2.5 2.5 2 1 1 1 1
-2039.6 -1042.1 7.1 189 0 18.3 9.1 7.5 2.5 2 0 3 4 4
-2016.6 -1011.8 7.0 271 0 5.3 7.3 7.5 2.5 2 1 3 1 1
-1989.0 -1012.2 6.1 275 0 9.9 10.1 5.0 2.5 2 1 2 5 5
-2012.2 -1108.8 5.7 101 0 10.1 10.6 5.0 2.5 2 1 2 3 3
-1993.8 -1118.6 5.2 11 0 10.1 14.3 10.0 2.5 2 1 4 0 0
-2027.3 -1216.4 4.7 279 0 10.7 10.6 7.5 2.5 2 0 3 1 1
-2063.3 -1213.1 5.9 279 0 8.0 8.2 2.5 2.5 2 1 1 0 0
-2071.6 -1211.5 6.2 282 0 5.4 7.1 7.5 2.5 2 1 3 1 1
-2082.1 -1202.8 6.7 11 0 8.7 8.8 7.5 2.5 2 1 3 4 4
-2182.0 -1172.0 9.8 184 0 6.8 5.6 5.0 2.5 2 0 2 4 4
-2169.9 -1193.2 9.3 99 0 6.5 5.6 7.5 2.5 2 0 3 1 1
-2158.6 -1178.7 9.2 8 0 10.4 7.0 7.5 2.5 2 0 3 1 1
-2145.6 -1180.6 8.7 282 0 7.2 9.4 2.5 2.5 2 1 1 5 5
-2155.2 -1188.3 8.8 284 0 7.3 12.4 7.5 2.5 2 1 3 4 4
-2101.0 60.1 20.9 108 0 10.1 6.5 7.5 2.5 2 0 3 0 0
-2101.2 55.8 21.0 290 0 5.7 6.5 7.5 0.0 0 1 3 4 4
-2087.1 46.5 20.3 283 0 5.6 13.0 7.5 2.5 2 1 3 1 1
-2080.5 36.4 19.9 286 0 8.8 7.1 2.5 2.5 2 0 1 0 0
-2048.5 64.7 19.2 110 0 11.9 9.7 7.5 2.5 4 0 3 1 1
-2022.5 61.7 18.4 112 0 5.0 7.0 5.0 2.5 2 1 2 2 2
-1949.5 36.1 15.3 107 0 14.1 10.1 2.5 2.5 2 0 1 1 1
-1912.8 22.9 13.9 107 0 11.8 4.7 5.0 2.5 4 0 2 4 4
-1893.1 17.8 13.0 106 0 19.0 10.6 10.0 2.5 2 0 4 3 3
-1863.4 6.7 12.1 108 0 6.8 7.0 5.0 2.5 2 1 2 4 4
-1850.5 3.2 11.5 108 0 9.0 10.3 2.5 2.5 2 1 1 4 4
-2607.6 -4819.4 22.2 359 0 16.9 10.0 2.5 2.5 4 0 1 5 5
-2600.2 -4848.2 20.2 187 0 61.2 11.0 10.0 2.5 2 0 4 0 0
-2609.3 -4917.2 18.5 187 0 76.2 11.5 10.0 2.5 2 0 4 5 5
-2642.0 -5154.3 15.1 10 0 79.2 12.7 12.5 2.5 2 0 5 5 5
-2597.0 -5456.1 10.0 184 0 4.8 8.0 7.5 2.5 2 1 3 5 5
-2661.9 -5506.9 12.7 180 0 12.5 25.0 12.5 2.5 2 1 5 2 2
-2643.1 -5553.5 12.9 360 0 9.3 18.4 5.0 2.5 2 1 2 0 0
-2667.6 -5620.4 12.3 183 0 7.7 10.0 5.0 2.5 2 1 2 1 1
-2721.9 -5644.8 14.6 184 0 12.0 9.1 7.5 2.5 2 0 3 3 3
-2704.7 -5657.2 13.7 95 0 12.6 3.9 5.0 2.5 2 0 2 4 4
-2690.6 -5711.9 12.0 276 0 5.1 7.0 5.0 2.5 2 1 2 3 3
-2704.9 -5822.7 10.8 276 0 18.8 12.9 7.5 2.5 2 0 3 3 3
-2742.2 -5832.7 12.5 99 0 9.0 11.4 7.5 2.5 2 0 3 1 1
-3045.4 -5975.4 25.1 277 0 6.3 16.1 7.5 2.5 2 1 3 1 1
-1363.9 6273.0 -43.5 103 0 8.9 33.4 5.0 2.5 2 1 2 3 3
-1431.6 6315.1 -46.2 104 0 9.0 29.8 7.5 2.5 2 1 3 4 4
-1400.0 6299.3 -44.9 106 0 9.5 35.1 7.5 2.5 2 1 3 1 1
-1424.5 6032.2 -39.7 25 0 8.6 10.6 10.5 3.5 2 0 3 4 4
-1410.2 6068.7 -40.5 21 0 11.6 20.8 10.5 3.5 2 1 3 1 1
-1414.2 6057.2 -40.1 20 0 8.0 20.5 10.5 3.5 2 0 3 4 4
-1416.9 6049.9 -40.0 20 0 7.5 20.5 10.5 3.5 2 0 3 5 5
-4475.6 1768.9 -50.9 274 0 11.7 31.5 10.0 0.0 0 1 4 4 4
-4484.0 1700.5 -47.1 100 0 9.9 21.6 7.5 2.5 2 1 3 2 2
-4206.9 1850.4 -64.5 102 0 11.2 11.1 7.5 0.0 0 0 3 1 1
-1995.5 6569.5 -58.3 271 0 6.9 11.0 10.5 3.5 2 1 3 5 5
-2003.7 6569.2 -58.3 270 0 6.2 11.6 10.5 3.5 2 1 3 5 5
-2029.0 6557.4 -58.4 271 0 5.0 6.9 10.5 3.5 2 1 3 2 2
-2737.3 6568.5 -69.9 100 0 17.0 37.3 14.0 3.5 2 1 4 3 3
-2724.6 6463.1 -67.0 7 0 20.7 7.0 10.5 3.5 2 0 3 4 4
-2720.1 6481.8 -66.6 4 0 7.0 4.8 10.5 3.5 2 0 3 4 4
-2723.3 6513.1 -66.7 11 0 8.5 8.9 10.5 3.5 2 1 3 0 0
-2747.9 6521.2 -67.2 192 0 14.0 6.1 10.5 3.5 4 0 3 1 1
-2786.7 6495.9 -68.3 182 0 10.1 10.6 14.0 3.5 2 1 4 3 3
-2765.8 6460.9 -67.9 92 0 5.5 17.2 10.5 0.0 0 1 3 3 3
-2783.8 6443.5 -68.4 95 0 6.7 14.0 10.5 3.5 2 1 3 1 1
-3017.1 6357.1 -77.3 360 0 14.3 8.6 10.5 3.5 2 0 3 0 0
-3380.2 5807.1 -89.6 340 0 9.2 9.2 2.5 2.5 4 0 1 0 0
-5100.6 6124.4 -47.7 285 0 9.1 14.1 2.5 2.5 2 1 1 1 1
-5081.1 6130.2 -48.0 283 0 10.6 7.2 5.0 2.5 2 0 2 4 4
-5062.8 6085.3 -48.7 17 0 7.3 10.8 5.0 2.5 2 1 2 4 4
-4974.4 6087.6 -50.5 5 0 11.5 12.5 10.0 2.5 2 1 4 5 5
-4983.7 6117.2 -50.1 283 0 14.8 7.4 5.0 2.5 2 0 2 3 3
-5013.8 6098.0 -49.8 97 0 26.4 15.2 7.5 2.5 2 0 3 1 1
-5016.8 6137.5 -49.2 281 0 8.1 11.1 7.5 2.5 2 1 3 4 4
-5031.8 6141.7 -48.9 273 0 8.0 11.4 5.0 2.5 4 1 2 0 0
-5050.5 6101.8 -49.1 182 0 6.7 12.7 5.0 2.5 4 1 2 1 1
-4579.7 2812.5 -74.2 283 0 9.6 16.5 7.5 2.5 2 1 3 3 3
-4594.0 2807.5 -75.6 14 0 23.8 10.7 10.0 2.5 2 0 4 4 4
-4536.3 2977.1 -72.4 10 0 31.7 11.2 7.5 2.5 4 0 3 4 4
-4517.9 2982.4 -70.4 284 0 10.9 29.8 12.5 2.5 2 1 5 0 0
-3203.3 5175.6 -72.5 294 0 10.8 24.3 10.0 2.5 4 1 4 4 4
-3181.0 5117.2 -70.5 20 0 31.4 10.8 7.5 2.5 2 0 3 4 4
-3205.8 5109.4 -71.4 33 0 5.8 9.5 5.0 2.5 2 1 2 0 0
-3219.6 5133.6 -72.1 204 0 32.9 9.9 7.5 2.5 4 0 3 0 0
-3141.9 6198.0 -84.5 267 0 30.9 5.8 7.5 2.5 2 0 3 3 3
-3083.8 6224.2 -81.0 4 0 7.1 14.0 10.5 0.0 0 1 3 5 5
-3099.8 6197.1 -81.7 358 0 5.8 9.9 7.5 2.5 2 1 3 1 1
-1824.9 6533.2 -56.9 104 0 9.3 49.4 10.5 3.5 2 1 3 4 4
-1557.0 6464.4 -51.2 277 0 13.0 8.3 5.0 2.5 2 0 2 4 4
-2064.2 6535.4 -58.4 187 0 12.0 6.7 10.5 3.5 2 0 3 0 0
-2054.3 6525.7 -58.1 185 0 10.5 17.8 10.5 3.5 2 1 3 5 5
-2037.0 6508.7 -57.7 179 0 5.6 22.2 10.5 3.5 2 1 3 5 5
-2070.7 6534.6 -58.5 1 0 14.4 4.1 10.5 3.5 2 0 3 3 3
-2074.8 6539.1 -58.5 1 0 5.5 6.8 10.5 3.5 2 0 3 4 4
-2091.3 6569.3 -59.1 278 0 12.8 21.6 17.5 3.5 2 1 5 3 3
-2011.4 6442.6 -55.4 107 0 29.4 11.0 14.0 3.5 2 0 4 2 2
-1905.4 6562.3 -57.4 276 0 5.8 6.5 10.5 3.5 2 1 3 0 0
-1899.8 6568.2 -57.7 187 0 24.8 11.7 10.5 3.5 2 0 3 5 5
-2916.0 5881.6 -70.5 17 0 28.6 11.2 7.5 2.5 2 0 3 4 4
-2926.4 5849.1 -70.1 17 0 27.2 10.8 7.5 0.0 0 0 3 3 3
-2749.6 5929.1 -65.6 190 0 14.2 24.8 14.0 0.0 0 1 4 1 1
-2749.4 5942.3 -65.9 190 0 6.2 26.9 10.5 3.5 4 1 3 3 3
-2696.4 5976.3 -65.3 282 0 25.6 9.3 10.5 3.5 2 0 3 3 3
-2647.3 6024.6 -64.5 271 0 13.4 11.8 10.5 3.5 2 0 3 2 2
-2612.1 5958.6 -62.2 283 0 25.2 9.3 10.5 3.5 2 0 3 4 4
-2627.5 5962.1 -62.6 283 0 6.2 18.4 10.5 3.5 2 0 3 5 5
-2657.3 5967.9 -63.6 282 0 15.7 7.4 10.5 3.5 2 0 3 5 5
-2658.7 5957.9 -63.5 277 0 21.0 14.0 14.0 0.0 0 0 4 4 4
-2666.7 5842.2 -61.3 186 0 13.9 23.0 14.0 3.5 2 1 4 0 0
-2605.8 5790.5 -60.2 96 0 23.6 10.2 14.0 3.5 2 0 4 3 3
-2610.4 5637.1 -59.6 120 0 21.0 9.5 10.5 3.5 2 0 3 1 1
-2573.8 5618.6 -58.3 123 0 12.7 10.1 14.0 3.5 2 0 4 2 2
-2527.6 5696.6 -56.5 179 0 18.2 11.5 14.0 0.0 0 0 4 3 3
-2012.8 6150.8 -51.2 285 0 15.7 7.4 10.5 3.5 2 0 3 1 1
-2070.1 6123.0 -52.8 21 0 39.0 20.3 14.0 0.0 0 0 4 0 0
-2129.0 6136.9 -53.6 201 0 37.2 21.2 14.0 0.0 0 0 4 2 2
-2168.0 6148.1 -54.3 187 0 20.6 36.3 14.0 0.0 0 1 4 4 4
-2141.7 6368.3 -55.0 278 0 20.2 47.0 14.0 3.5 2 1 4 4 4
-2115.6 6364.5 -54.6 278 0 20.2 46.7 14.0 3.5 2 1 4 3 3
-1923.8 6113.7 -48.9 110 0 34.5 10.7 14.0 3.5 2 0 4 2 2
-6330.7 -2011.2 -26.1 190 0 5.2 8.5 7.5 0.0 0 1 3 1 1
-3159.3 5145.7 -69.9 200 0 10.3 4.3 5.0 2.5 2 0 2 0 0
-3159.9 5170.5 -70.9 21 0 5.8 5.5 7.5 2.5 2 0 3 5 5
-3188.3 5169.3 -71.6 291 0 8.5 6.7 7.5 2.5 2 0 3 5 5
-2063.2 6062.3 -52.1 13 0 15.5 9.5 10.5 3.5 2 0 3 0 0
-2060.4 6076.3 -52.3 11 0 6.1 11.1 10.5 3.5 2 1 3 4 4
-2124.3 6399.6 -55.2 99 0 27.4 9.9 10.5 3.5 2 0 3 4 4
-3940.1 6055.9 -68.4 282 0 7.1 7.5 5.0 2.5 2 1 2 0 0
-3242.5 5760.6 -79.4 271 0 5.1 9.9 2.5 2.5 2 1 1 4 4
-3252.9 5818.1 -82.9 246 0 31.9 9.4 7.5 2.5 2 0 3 0 0
-3248.1 5860.8 -82.2 174 0 61.1 8.9 7.5 2.5 2 0 3 3 3
-3257.4 5859.3 -83.2 354 0 61.1 8.6 7.5 0.0 0 0 3 5 5
-4147.9 5743.0 -66.1 99 0 10.5 12.2 10.0 2.5 2 1 4 1 1
-4157.7 5939.0 -67.1 114 0 10.7 3.9 2.5 2.5 2 0 1 5 5
-4050.5 5892.7 -66.4 98 0 14.2 26.8 10.0 2.5 2 1 4 2 2
-4057.7 5937.0 -65.9 279 0 10.6 7.3 7.5 2.5 2 0 3 3 3
-4030.6 5936.1 -66.1 14 0 7.8 13.9 5.0 2.5 2 1 2 2 2
-4138.8 5759.1 -65.9 9 0 7.2 6.1 2.5 0.0 0 0 1 0 0
-1762.2 6313.5 -51.3 3 0 10.0 8.9 10.5 3.5 2 0 3 1 1
-1771.4 6340.2 -52.0 274 0 3.8 15.8 10.5 3.5 2 1 3 3 3
-1760.1 6329.9 -51.9 4 0 18.3 8.7 10.5 3.5 2 0 3 5 5
-959.1 6040.7 -23.7 85 0 5.4 13.9 5.0 2.5 2 1 2 4 4
-1049.3 5904.2 -30.1 289 0 5.0 9.4 2.5 0.0 0 1 1 2 2
-5876.0 6566.0 -23.3 182 0 3.6 9.5 2.5 2.5 2 1 1 2 2
1690.2 -1882.3 66.9 183 0 45.2 11.1 12.5 2.5 4 0 5 4 4
