6909.6 2502.7 -10.3 353 0 8.4 6.2 7.5 2.5 2 0 3 0 0
6870.4 2496.0 -8.2 247 0 7.8 9.1 7.5 2.5 2 1 3 1 1
6889.7 2496.9 -9.4 341 0 8.2 11.1 5.0 2.5 2 1 2 5 5
6803.5 2507.1 -1.1 176 0 11.3 12.1 2.5 0.0 0 1 1 1 1
6825.1 2508.7 -2.2 357 0 11.8 9.6 5.0 2.5 2 0 2 5 5
6836.9 2508.5 -3.5 359 0 16.9 12.0 7.5 2.5 2 0 3 3 3
6829.9 2497.4 -3.6 266 0 11.7 17.8 2.5 2.5 2 0 1 4 4
6825.9 2473.5 -3.9 173 0 11.6 13.3 7.5 2.5 2 0 3 0 0
6844.5 2569.3 -4.4 348 0 14.4 19.0 10.0 2.5 2 1 4 3 3
6824.6 2549.4 -2.2 354 0 26.3 9.9 7.5 2.5 2 0 3 3 3
6793.2 2579.9 1.0 261 0 10.8 9.8 5.0 2.5 2 0 2 4 4
6784.8 2554.3 -0.3 174 0 8.8 24.8 2.5 2.5 2 1 1 3 3
6776.0 2561.0 2.9 264 0 11.3 27.7 10.0 2.5 2 1 4 4 4
6853.1 2436.2 -7.3 87 0 30.6 9.9 7.5 2.5 2 0 3 2 2
6889.0 2441.0 -11.0 87 0 28.3 12.1 12.5 2.5 2 0 5 4 4
6918.4 2467.0 -11.3 237 0 36.0 12.3 12.5 0.0 0 0 5 0 0
