-184.8 3759.1 136.8 124 0 9.3 8.2 5.0 2.5 2 0 2 1 1
1449.1 912.3 128.3 102 0 4.7 10.0 5.0 2.5 2 0 2 5 5
1469.2 1573.8 126.4 302 0 13.6 12.6 2.5 2.5 2 0 1 5 5
1491.8 973.7 129.6 26 0 7.0 6.8 2.5 2.5 2 0 1 3 3
-185.2 2567.8 137.9 0 0 12.3 14.3 5.0 2.5 2 1 2 3 3
1405.2 1563.1 127.3 172 0 7.7 6.3 5.0 0.0 0 0 2 3 3
-254.7 2585.7 138.0 29 0 5.6 6.8 2.5 2.5 2 1 1 1 1
1456.8 948.2 128.5 222 0 11.4 13.6 5.0 2.5 2 1 2 1 1
1480.9 946.7 129.0 21 0 11.6 6.7 5.0 2.5 2 0 2 5 5
1475.6 978.2 129.1 216 0 8.6 7.6 5.0 2.5 2 0 2 5 5
1472.6 913.1 127.3 193 0 6.8 7.5 5.0 2.5 2 0 2 0 0
1454.8 1584.3 126.5 297 0 8.8 8.7 5.0 2.5 2 0 2 0 0
-205.5 2556.8 138.1 84 0 7.3 9.0 5.0 2.5 2 1 2 3 3
1483.2 911.8 126.9 186 0 9.1 7.5 5.0 2.5 2 0 2 1 1
1416.0 1563.5 127.1 161 0 6.4 6.3 5.0 2.5 2 0 2 1 1
1467.3 967.2 127.6 217 0 9.1 10.5 5.0 2.5 2 1 2 5 5
1373.9 1706.9 126.4 66 0 15.4 13.3 5.0 2.5 4 0 2 4 4
1508.2 975.6 129.3 20 0 9.7 8.7 5.0 2.5 4 0 2 3 3
1283.4 579.2 127.5 18 0 9.5 11.0 7.5 0.0 0 1 3 0 0
-310.8 2597.1 136.1 192 0 7.0 9.7 5.0 2.5 2 0 2 4 4
-183.4 2550.2 137.6 356 0 7.4 6.7 7.5 2.5 2 0 3 1 1
1389.9 1718.7 126.1 270 0 12.0 11.2 5.0 0.0 0 0 2 0 0
-200.5 2584.5 138.4 180 0 5.4 7.4 5.0 2.5 2 1 2 3 3
1288.8 628.1 128.6 13 0 10.0 9.5 7.5 2.5 2 0 3 1 1
-296.9 2597.6 136.1 105 0 8.0 10.3 5.0 2.5 2 0 2 3 3
-228.6 3815.8 137.9 282 0 16.9 14.5 5.0 2.5 2 0 2 5 5
-235.6 3784.2 138.2 100 0 23.3 11.7 7.5 2.5 2 0 3 4 4
1510.0 965.4 128.2 186 0 12.9 13.6 5.0 2.5 2 0 2 4 4
-178.3 2594.2 138.2 3 0 13.0 11.9 5.0 2.5 2 0 2 4 4
-217.4 2541.6 138.1 90 0 12.9 15.3 5.0 2.5 4 1 2 2 2
1299.8 624.4 126.6 274 1 12.1 13.4 10.0 2.5 2 1 4 3 3
-204.0 3774.6 137.6 116 0 7.9 8.9 2.5 2.5 2 1 1 4 4
1511.3 945.0 127.3 279 0 10.7 14.1 7.5 2.5 2 0 3 5 5
-251.1 2612.2 136.7 359 0 13.5 12.7 5.0 2.5 2 0 2 4 4
-170.8 2584.3 137.9 4 0 8.3 7.8 2.5 2.5 2 0 1 3 3
-253.0 2575.1 138.3 170 0 5.3 7.2 2.5 2.5 2 0 1 4 4
1435.6 1542.9 126.9 92 0 14.8 13.2 5.0 2.5 2 0 2 3 3
-227.0 2617.7 137.6 194 0 13.6 12.6 5.0 2.5 2 0 2 1 1
1497.8 955.0 129.0 12 0 10.7 13.7 5.0 2.5 2 0 2 5 5
1507.5 959.6 128.2 288 0 11.8 12.0 5.0 2.5 2 0 2 3 3
-178.7 2578.6 138.0 4 0 5.0 9.8 5.0 2.5 2 0 2 3 3
-216.2 3777.8 137.8 103 0 12.7 11.4 5.0 2.5 2 0 2 2 2
-262.7 2622.3 135.9 4 0 18.2 19.0 12.5 2.5 2 0 5 1 1
1464.1 903.4 127.2 100 0 11.3 11.7 5.0 2.5 2 0 2 5 5
-260.5 2595.0 137.4 359 0 8.6 8.8 5.0 2.5 2 0 2 2 2
1473.9 924.5 128.1 98 0 10.0 8.4 5.0 2.5 2 0 2 4 4
-243.2 2604.5 137.6 189 0 18.5 16.2 7.5 2.5 2 0 3 3 3
-325.6 2587.3 136.1 180 0 5.5 8.9 5.0 2.5 2 1 2 5 5
6230.0 1672.0 -139.6 202 0 15.9 12.9 7.5 2.5 2 0 3 1 1
6680.2 1811.2 -143.1 285 0 16.8 17.8 12.5 2.5 2 1 5 2 2
6555.1 1861.2 -139.9 100 0 18.9 19.1 10.0 2.5 2 1 4 3 3
6618.8 1379.2 -142.4 266 0 48.5 14.7 10.0 2.5 2 0 4 0 0
6647.1 1798.5 -142.2 192 0 5.0 13.3 7.5 2.5 2 1 3 5 5
6618.7 2103.9 -140.6 108 0 19.5 19.0 10.0 2.5 2 0 4 2 2
6537.7 2182.5 -141.6 298 0 15.4 70.9 10.0 2.5 2 1 4 1 1
5973.8 2742.4 -137.7 146 0 50.2 57.5 15.0 0.0 0 1 6 2 2
6647.5 1779.9 -142.4 187 0 23.5 11.2 5.0 2.5 2 0 2 2 2
6780.4 2164.6 -139.2 92 0 22.9 23.3 7.5 2.5 2 1 3 2 2
