5912.2 -1750.0 47.9 252 0 32.0 107.0 7.5 0.0 0 1 3 0 0
5687.1 -2114.1 40.0 216 0 43.6 117.2 10.0 0.0 0 1 4 4 4
949.4 -167.8 -50.9 352 0 48.2 12.0 12.5 2.5 2 0 5 0 0
1058.6 -146.5 -47.0 269 0 10.7 10.1 7.5 2.5 2 0 3 2 2
2214.5 909.1 -16.6 5 0 15.2 21.6 10.0 2.5 2 1 4 4 4
2377.1 946.6 -16.9 17 0 10.5 13.5 2.5 0.0 0 1 1 5 5
2381.7 930.2 -16.3 18 0 12.3 30.8 10.0 2.5 2 1 4 3 3
2090.7 922.4 -22.0 105 0 27.2 17.8 12.5 2.5 2 0 5 3 3
2138.4 885.9 -18.5 140 0 11.8 40.5 12.5 2.5 2 1 5 5 5
2387.8 1604.4 -12.8 285 0 11.3 7.9 5.0 2.5 2 0 2 1 1
2208.2 1164.3 -25.8 87 0 9.7 18.2 7.5 2.5 2 1 3 0 0
2226.7 1196.3 -27.5 10 0 19.6 13.5 10.0 0.0 0 0 4 4 4
2352.5 976.5 -17.4 293 0 11.1 13.3 10.0 2.5 2 1 4 5 5
2386.9 971.1 -17.9 3 0 11.4 13.7 5.0 2.5 2 1 2 5 5
3870.8 1152.1 8.4 359 0 7.8 6.1 5.0 2.5 2 0 2 1 1
-1440.8 1304.8 -20.6 188 0 20.3 12.5 10.0 2.5 2 0 4 0 0
-1367.4 1322.9 -19.9 269 0 15.9 16.9 5.0 2.5 2 1 2 5 5
1354.2 1635.0 -31.1 269 0 12.8 23.4 10.0 2.5 4 1 4 2 2
2279.6 1931.9 -26.3 274 0 10.9 11.8 5.0 2.5 2 1 2 5 5
2316.1 1952.3 -25.4 92 0 15.5 19.2 15.0 0.0 0 1 6 4 4
2407.1 1926.6 -23.4 270 0 7.9 7.1 7.5 0.0 0 0 3 0 0
2396.9 1929.6 -23.7 273 0 8.9 9.2 7.5 2.5 2 1 3 4 4
2408.3 1955.9 -22.6 92 0 8.0 8.3 7.5 2.5 2 1 3 0 0
2474.8 1947.1 -19.6 87 0 8.7 8.6 2.5 2.5 2 0 1 2 2
2501.6 1930.1 -19.1 267 0 9.4 10.2 7.5 2.5 2 1 3 4 4
2577.0 1862.2 -17.4 87 0 18.5 15.3 12.5 2.5 2 0 5 3 3
2545.8 1848.7 -19.0 98 0 12.9 26.8 12.5 2.5 2 1 5 5 5
2553.7 1903.5 -17.7 288 0 9.7 16.0 5.0 2.5 2 1 2 2 2
2534.6 1929.2 -17.5 275 0 5.6 10.0 7.5 2.5 4 1 3 0 0
2545.1 1928.7 -17.2 276 0 10.7 10.8 5.0 2.5 2 1 2 4 4
2571.1 1913.4 -16.5 286 0 13.8 11.9 10.0 2.5 4 0 4 5 5
2580.8 1920.0 -15.5 247 0 10.4 12.9 5.0 2.5 2 1 2 2 2
2584.1 1885.4 -16.9 7 0 12.3 16.5 5.0 2.5 2 1 2 0 0
2629.1 1875.1 -14.8 284 0 15.3 9.7 5.0 2.5 2 0 2 3 3
2633.6 1896.0 -14.3 15 0 15.2 18.2 10.0 2.5 2 1 4 3 3
2631.9 1940.3 -12.5 76 0 16.6 12.5 5.0 2.5 2 0 2 0 0
2617.6 1953.6 -12.6 98 0 7.7 9.3 5.0 2.5 2 0 2 3 3
2612.8 1972.2 -12.6 279 0 7.4 8.3 7.5 2.5 2 0 3 2 2
2611.1 1938.6 -13.5 96 0 14.7 14.1 7.5 2.5 2 0 3 5 5
2604.1 1979.1 -12.9 279 0 8.1 10.8 5.0 2.5 2 1 2 3 3
2595.5 1983.4 -13.3 281 0 8.4 13.5 5.0 2.5 2 0 2 5 5
2575.9 1995.1 -14.1 260 0 7.3 10.9 5.0 2.5 2 1 2 1 1
2577.9 1980.8 -14.2 272 0 13.4 10.8 5.0 2.5 2 0 2 3 3
2558.4 1959.5 -15.3 100 0 10.4 11.1 2.5 2.5 2 1 1 1 1
2531.1 1960.5 -16.6 82 0 9.5 11.3 5.0 0.0 0 1 2 5 5
2553.8 1945.7 -16.3 270 0 10.7 11.8 5.0 0.0 0 1 2 4 4
2518.6 1940.8 -18.0 259 0 8.8 11.3 2.5 2.5 2 1 1 5 5
2515.9 1909.3 -19.1 279 0 8.8 9.1 5.0 2.5 2 1 2 2 2
2702.4 2041.6 -13.2 67 0 6.3 5.2 2.5 2.5 2 0 1 4 4
2685.9 2037.1 -13.2 159 0 5.3 7.6 7.5 2.5 2 1 3 4 4
2978.3 1761.5 -10.9 103 0 25.2 13.6 7.5 2.5 2 0 3 3 3
2629.4 1706.5 -19.9 266 0 11.0 8.6 7.5 2.5 2 0 3 3 3
2614.1 1688.5 -20.3 177 0 14.5 20.9 12.5 2.5 2 1 5 3 3
2154.7 1940.4 -26.2 163 0 7.9 8.4 7.5 2.5 2 0 3 5 5
2197.4 1914.2 -26.4 356 0 17.2 18.0 10.0 2.5 2 1 4 4 4
1414.7 1427.6 -31.9 97 0 9.7 51.7 7.5 2.5 2 1 3 2 2
1420.7 1512.8 -31.8 273 0 11.4 33.2 7.5 2.5 2 1 3 2 2
1398.9 1442.6 -31.9 77 0 10.4 52.5 10.0 2.5 2 1 4 1 1
1316.8 1521.2 -31.7 357 0 14.3 8.8 5.0 2.5 2 0 2 0 0
2466.2 1470.7 -19.6 87 0 8.6 11.8 5.0 2.5 2 1 2 2 2
2239.2 1529.0 -22.5 283 0 9.2 9.7 7.5 2.5 2 1 3 3 3
2256.2 1466.5 -25.0 5 0 17.5 7.4 7.5 2.5 2 0 3 1 1
2240.0 1456.9 -25.5 98 0 4.9 14.1 2.5 2.5 2 0 1 3 3
2234.5 1457.6 -25.7 96 0 6.0 20.4 2.5 2.5 2 0 1 4 4
2218.9 1484.3 -25.2 195 0 8.5 12.9 5.0 2.5 2 0 2 4 4
2216.4 1471.0 -26.3 188 0 15.3 12.9 2.5 2.5 2 0 1 5 5
2346.7 1469.6 -19.9 110 0 12.1 10.7 5.0 2.5 2 0 2 3 3
2344.5 1490.8 -19.2 199 0 16.0 17.0 10.0 2.5 2 1 4 2 2
2381.6 1582.6 -12.0 102 0 8.0 4.0 7.5 2.5 2 0 3 0 0
2412.8 1582.3 -11.7 19 0 8.7 14.1 7.5 2.5 2 1 3 3 3
3362.6 1453.7 2.4 127 0 23.9 9.6 7.5 2.5 2 0 3 2 2
3583.7 1431.3 -1.7 149 0 15.8 21.0 10.0 2.5 2 1 4 1 1
