3417.1 3975.2 -5.1 64 0 9.9 8.7 5.0 2.5 2 0 2 5 5
3395.0 3963.5 -5.6 59 0 11.4 14.5 5.0 2.5 2 0 2 0 0
3409.2 3953.2 -3.7 248 0 11.8 19.4 12.5 2.5 2 1 5 5 5
3424.9 3961.0 -3.8 162 0 7.5 11.4 5.0 2.5 2 1 2 5 5
3441.1 3986.2 -4.4 248 0 8.9 8.5 5.0 2.5 2 0 2 5 5
3456.3 3980.0 -3.8 336 0 7.3 12.6 5.0 2.5 2 0 2 0 0
3446.0 3948.6 -2.6 71 0 5.8 6.3 2.5 2.5 2 1 1 0 0
3434.7 3927.1 -2.0 68 0 8.8 7.8 5.0 2.5 2 0 2 3 3
3421.0 3920.1 -2.2 70 0 7.1 9.6 5.0 2.5 2 1 2 5 5
3408.0 3915.9 -2.2 334 0 11.6 13.9 5.0 2.5 2 0 2 2 2
3396.6 3938.5 -3.4 248 0 9.1 8.5 5.0 0.0 0 0 2 0 0
3384.3 3928.6 -3.6 334 0 9.8 8.8 5.0 2.5 2 0 2 1 1
3464.4 3943.4 -1.9 68 0 11.4 9.1 5.0 2.5 2 0 2 1 1
3454.8 3903.1 0.5 241 0 9.3 8.7 5.0 2.5 2 0 2 1 1
3431.4 3905.8 -0.7 326 0 10.0 10.2 5.0 2.5 2 1 2 4 4
3435.0 3910.0 -1.1 53 0 8.8 9.7 5.0 2.5 2 1 2 3 3
3413.7 3916.1 -2.3 68 0 6.7 11.6 5.0 2.5 2 1 2 1 1
3419.3 3900.4 -0.8 323 0 7.0 10.0 5.0 2.5 2 1 2 3 3
3385.6 3906.3 -2.3 154 0 8.3 8.2 5.0 2.5 2 0 2 1 1
3362.9 3930.4 -4.2 160 0 5.9 9.1 7.5 2.5 2 1 3 2 2
3393.1 3958.0 -4.7 328 0 7.6 11.6 2.5 2.5 2 0 1 3 3
3444.9 3887.9 1.0 236 0 7.5 9.2 5.0 2.5 2 1 2 1 1
3443.2 3892.7 0.4 150 0 8.5 7.2 5.0 2.5 2 0 2 0 0
3455.9 3881.6 1.4 138 0 7.7 6.7 5.0 2.5 2 0 2 3 3
