-6067.3 3685.2 -25.3 17 0 70.1 25.0 12.5 0.0 0 0 5 4 4
-2003.0 2985.2 0.2 290 0 6.0 5.2 7.5 2.5 2 0 3 2 2
-1994.2 2944.1 -0.7 103 0 26.6 38.6 10.0 0.0 0 1 4 1 1
-188.7 1011.7 -10.3 261 0 10.1 79.1 10.0 2.5 4 1 4 5 5
-195.4 922.9 -9.1 81 0 9.6 72.9 7.5 0.0 0 1 3 0 0
-213.4 914.1 -8.0 80 0 10.3 68.3 12.5 2.5 2 1 5 0 0
278.2 -592.4 -5.7 269 0 6.9 5.4 5.0 2.5 4 0 2 2 2
1256.0 97.9 11.7 96 0 4.8 9.1 7.5 2.5 2 1 3 1 1
447.4 -552.0 -16.2 7 0 9.1 4.2 7.5 2.5 2 0 3 3 3
350.5 -660.3 -12.6 90 0 4.4 9.2 5.0 2.5 2 1 2 5 5
341.7 -626.8 -10.1 270 0 9.7 7.5 7.5 2.5 4 0 3 5 5
176.5 -615.0 -8.9 182 0 4.7 7.1 7.5 2.5 4 1 3 1 1
190.7 -653.8 -10.1 91 0 9.8 8.7 2.5 2.5 2 0 1 5 5
224.9 -604.1 -7.9 267 0 12.2 5.8 5.0 2.5 2 0 2 3 3
298.9 -621.8 -8.3 83 0 5.0 8.1 5.0 2.5 2 1 2 2 2
290.9 -588.3 -5.0 269 0 8.1 5.1 2.5 2.5 2 0 1 2 2
269.8 -588.5 -5.5 269 0 5.4 6.6 5.0 2.5 2 1 2 0 0
-473.4 -491.6 3.2 352 0 7.2 5.6 7.5 2.5 2 0 3 0 0
-446.2 -506.3 3.6 269 0 5.1 6.4 7.5 2.5 2 1 3 0 0
-397.3 -530.1 4.4 278 0 5.0 8.0 7.5 2.5 2 1 3 2 2
-388.0 -568.7 3.6 3 0 8.7 9.2 7.5 2.5 2 1 3 3 3
-461.9 -625.7 0.3 172 0 9.9 8.7 7.5 2.5 2 0 3 2 2
-511.4 -572.6 0.2 91 0 7.8 7.5 7.5 2.5 2 0 3 2 2
-495.7 -572.5 0.6 88 0 12.2 6.9 7.5 2.5 2 0 3 0 0
-486.7 -538.2 1.6 267 0 8.4 9.1 7.5 2.5 2 1 3 1 1
-951.9 -155.8 10.4 294 0 9.1 23.4 7.5 2.5 2 0 3 0 0
-971.2 -199.3 10.0 114 0 9.2 24.1 5.0 2.5 2 0 2 1 1
-869.5 -67.4 10.7 280 0 11.8 29.1 7.5 2.5 2 0 3 3 3
1897.5 214.3 -38.4 47 0 9.4 85.3 5.0 2.5 2 1 2 3 3
1916.8 231.9 -38.9 47 0 9.0 85.4 7.5 0.0 0 1 3 4 4
2099.5 -1065.1 -29.7 86 0 8.4 57.0 7.5 0.0 0 1 3 4 4
2102.2 -994.0 -30.8 268 0 7.1 12.5 2.5 2.5 2 1 1 4 4
2071.8 -1004.0 -31.1 179 0 8.1 5.6 7.5 2.5 2 0 3 3 3
2163.8 -1258.0 -26.9 78 0 10.6 66.2 12.5 2.5 2 1 5 0 0
6724.9 553.8 -8.7 92 0 22.5 8.7 5.0 2.5 2 0 2 0 0
6714.0 573.5 -9.2 90 0 16.5 6.7 7.5 2.5 4 0 3 0 0
6797.8 579.0 -9.1 13 0 10.2 48.5 7.5 2.5 2 1 3 2 2
6697.1 701.4 -10.8 194 0 11.9 21.4 10.0 2.5 4 1 4 4 4
6692.0 685.2 -10.8 194 0 16.1 49.1 10.0 2.5 2 1 4 0 0
6690.1 669.2 -10.8 194 0 11.7 46.6 7.5 2.5 2 1 3 4 4
6698.3 719.5 -10.7 194 0 13.7 29.6 7.5 2.5 2 1 3 4 4
6752.6 732.9 -10.5 14 0 11.1 16.3 2.5 2.5 2 1 1 2 2
6704.9 745.8 -10.7 194 0 12.5 31.4 7.5 2.5 2 1 3 3 3
6677.9 670.4 -11.1 14 0 11.2 23.6 7.5 2.5 2 1 3 0 0
6668.1 684.9 -11.2 14 0 7.8 33.2 7.5 2.5 2 1 3 2 2
6540.4 665.1 -11.7 88 0 10.7 41.9 10.0 2.5 2 1 4 3 3
5562.7 1591.9 -18.2 355 0 12.4 30.0 12.5 2.5 2 0 5 3 3
5519.3 1581.5 -16.4 84 0 28.3 11.8 10.0 2.5 2 0 4 0 0
5782.8 1922.9 -34.4 349 0 5.8 12.5 7.5 2.5 2 1 3 5 5
5799.8 1866.9 -33.4 3 0 9.8 10.6 5.0 2.5 2 1 2 4 4
5787.1 1731.0 -30.7 275 0 29.9 14.3 7.5 0.0 0 0 3 1 1
5821.7 1732.0 -30.8 270 0 19.8 12.7 7.5 0.0 0 0 3 4 4
5988.7 1501.5 -24.1 173 0 7.5 8.1 7.5 2.5 2 1 3 4 4
6119.5 1292.5 -19.7 4 0 18.6 15.0 10.0 2.5 2 0 4 1 1
6083.9 1295.5 -20.1 183 0 18.1 19.0 7.5 2.5 2 1 3 5 5
6078.4 1269.7 -20.2 183 0 21.8 29.1 10.0 0.0 0 1 4 3 3
5990.8 1095.2 -17.1 96 0 13.2 21.3 7.5 0.0 0 1 3 1 1
5946.8 1016.5 -17.1 93 0 5.0 9.6 5.0 2.5 2 0 2 1 1
5946.4 1026.1 -17.1 93 0 7.0 7.1 7.5 2.5 2 0 3 2 2
6001.8 1013.5 -17.4 5 0 5.7 22.5 2.5 2.5 2 1 1 2 2
6029.7 929.6 -18.3 105 0 8.5 6.9 2.5 2.5 2 0 1 2 2
6084.8 901.6 -17.8 101 0 14.7 14.4 10.0 2.5 2 0 4 3 3
6102.8 980.9 -18.6 11 0 11.4 27.1 10.0 0.0 0 1 4 1 1
6070.4 927.4 -18.2 133 0 14.6 21.7 7.5 0.0 0 1 3 0 0
6061.1 971.5 -18.6 188 0 18.3 10.6 7.5 0.0 0 0 3 1 1
5989.2 893.2 -17.5 283 0 8.4 11.5 5.0 2.5 2 1 2 3 3
5956.3 859.6 -16.7 193 0 5.4 13.1 5.0 2.5 4 1 2 2 2
5956.0 874.0 -16.7 196 0 15.8 13.6 5.0 2.5 2 0 2 3 3
6042.0 877.4 -17.9 281 0 10.3 13.3 7.5 2.5 4 1 3 2 2
6040.5 860.6 -17.7 281 0 8.3 28.8 5.0 2.5 4 1 2 3 3
6081.5 813.0 -16.8 19 0 3.2 10.5 7.5 2.5 2 1 3 0 0
6118.8 859.9 -16.9 107 0 4.7 12.9 5.0 2.5 2 1 2 2 2
6149.8 776.3 -15.4 13 0 13.9 15.1 5.0 2.5 2 1 2 2 2
6144.1 808.6 -15.7 285 0 5.2 18.7 5.0 2.5 2 1 2 1 1
6165.6 826.9 -15.7 105 0 5.3 9.4 5.0 2.5 2 1 2 5 5
6159.6 838.7 -16.3 103 0 8.5 39.3 7.5 2.5 2 1 3 5 5
6212.3 866.5 -16.0 72 0 17.1 31.6 7.5 2.5 2 1 3 3 3
6295.7 823.9 -12.1 201 0 5.6 12.6 7.5 2.5 4 1 3 4 4
6305.7 811.7 -12.1 21 0 8.2 12.7 5.0 2.5 2 1 2 4 4
6354.7 853.8 -11.7 14 0 9.9 12.3 2.5 2.5 2 1 1 1 1
6357.6 864.1 -12.0 14 0 9.5 21.1 2.5 2.5 2 1 1 3 3
6381.8 871.3 -11.1 196 0 21.7 14.0 7.5 2.5 2 0 3 0 0
6374.5 852.1 -11.0 197 0 19.1 15.6 7.5 2.5 2 0 3 1 1
6282.5 930.7 -15.5 15 0 36.9 12.8 10.0 2.5 2 0 4 2 2
6263.5 968.6 -16.0 195 0 19.0 29.0 10.0 0.0 0 1 4 0 0
6261.8 1022.4 -16.8 198 0 14.5 4.9 2.5 2.5 2 0 1 3 3
6173.8 1003.8 -18.1 100 0 25.8 39.6 10.0 0.0 0 1 4 2 2
6139.2 933.4 -17.9 11 0 19.0 39.0 10.0 2.5 2 1 4 4 4
6112.2 885.9 -17.5 104 0 20.4 39.7 7.5 0.0 0 1 3 3 3
6701.2 1608.3 -30.2 275 0 7.6 9.6 5.0 2.5 4 1 2 2 2
6713.1 1589.4 -30.1 6 0 7.7 26.6 5.0 2.5 2 1 2 3 3
6614.3 1224.6 -9.0 180 0 6.5 7.1 7.5 2.5 2 1 3 2 2
6609.5 1196.9 -9.1 185 0 14.2 9.7 5.0 2.5 2 0 2 3 3
6664.7 1177.1 -9.5 101 0 23.1 11.2 10.0 2.5 2 0 4 5 5
6738.0 958.6 -9.5 281 0 15.9 13.2 2.5 2.5 2 0 1 4 4
6689.6 992.5 -9.5 194 0 16.9 14.7 5.0 2.5 2 0 2 1 1
6677.7 966.4 -9.6 192 0 11.9 33.4 7.5 2.5 2 1 3 2 2
6731.2 906.5 -9.9 13 0 42.8 18.7 7.5 2.5 2 0 3 2 2
6659.4 953.0 -8.9 17 0 51.5 13.6 7.5 2.5 4 0 3 4 4
6638.4 951.7 -8.6 18 0 57.6 16.2 5.0 2.5 4 0 2 5 5
6524.1 957.1 -10.9 29 0 12.7 73.1 7.5 2.5 2 1 3 1 1
6465.0 1011.1 -10.9 209 0 12.7 73.3 12.5 2.5 2 1 5 3 3
4399.1 -620.1 -25.6 92 0 7.1 15.8 7.5 2.5 2 1 3 2 2
4402.7 -600.1 -25.1 2 0 7.1 7.8 5.0 2.5 2 1 2 1 1
4379.5 -620.2 -25.9 91 0 12.7 24.6 12.5 2.5 2 1 5 3 3
4029.7 -663.5 -31.0 353 0 4.3 13.6 5.0 2.5 2 1 2 2 2
4029.4 -684.1 -31.6 84 0 9.7 14.8 5.0 2.5 2 1 2 2 2
3488.2 -752.4 -43.6 177 0 4.9 12.4 5.0 2.5 2 1 2 5 5
3444.7 -689.8 -44.2 174 0 5.4 12.1 7.5 2.5 2 1 3 5 5
3489.4 -737.8 -43.1 173 0 14.2 10.3 5.0 2.5 2 0 2 5 5
3375.6 -622.3 -45.7 174 0 8.1 9.3 5.0 2.5 2 1 2 3 3
3405.3 -623.0 -44.9 360 0 5.6 9.5 5.0 2.5 2 1 2 4 4
3451.4 299.5 -27.2 62 0 10.8 64.4 12.5 2.5 2 1 5 1 1
3426.8 292.5 -29.2 62 0 10.9 60.6 10.0 2.5 2 1 4 2 2
3373.4 291.9 -30.9 74 0 11.5 45.7 12.5 2.5 4 1 5 3 3
3079.2 397.1 -43.0 76 0 9.9 73.7 7.5 2.5 2 1 3 2 2
2487.5 1286.9 -43.4 180 0 5.1 9.8 7.5 2.5 4 1 3 3 3
2478.0 1254.4 -45.0 175 0 37.0 10.1 10.0 0.0 0 0 4 2 2
2508.0 1164.5 -41.6 87 0 10.4 116.8 15.0 2.5 2 1 6 0 0
2455.1 1311.5 -46.5 352 0 94.2 10.2 12.5 2.5 2 0 5 4 4
2420.9 1357.7 -48.1 261 0 10.3 106.9 12.5 0.0 0 1 5 1 1
2485.0 1503.9 -39.4 18 0 12.9 5.3 2.5 2.5 4 0 1 4 4
2444.5 1482.1 -40.9 102 0 22.2 30.7 7.5 0.0 0 1 3 4 4
2420.2 1599.4 -45.0 106 0 8.8 13.9 5.0 2.5 2 1 2 1 1
2418.4 1646.4 -46.1 195 0 6.3 4.9 2.5 2.5 2 0 1 5 5
2431.0 1619.0 -45.1 16 0 9.5 8.1 5.0 2.5 2 0 2 4 4
2459.5 1650.8 -45.7 1 0 13.6 24.6 10.0 2.5 2 1 4 0 0
2635.0 1671.8 -42.4 111 0 6.1 5.4 7.5 2.5 2 0 3 5 5
2632.8 1692.5 -43.0 194 0 8.0 10.7 7.5 2.5 2 1 3 3 3
2624.5 1790.7 -46.7 291 0 7.1 4.4 7.5 2.5 2 0 3 5 5
2649.2 1748.5 -44.8 21 0 7.1 5.8 7.5 0.0 0 0 3 1 1
2668.7 1766.5 -45.5 23 0 8.0 16.8 5.0 2.5 2 1 2 3 3
2489.1 1719.7 -46.2 110 0 10.3 11.7 7.5 2.5 2 1 3 2 2
2468.6 1764.2 -48.2 199 0 61.6 11.2 15.0 0.0 0 0 6 5 5
5489.6 -82.8 8.7 269 0 11.7 49.3 7.5 2.5 2 1 3 0 0
5518.2 -82.4 8.3 273 0 10.1 50.4 7.5 2.5 4 1 3 3 3
5535.0 -84.1 8.0 274 0 10.5 49.0 7.5 2.5 2 1 3 5 5
4193.7 193.3 20.2 189 0 11.8 121.2 12.5 2.5 2 1 5 3 3
4191.3 180.2 23.3 189 0 10.8 40.5 7.5 2.5 2 1 3 1 1
4779.6 -1738.9 -26.8 3 0 7.9 13.3 2.5 2.5 2 1 1 5 5
4749.7 -1738.6 -26.9 183 0 6.5 9.1 7.5 2.5 4 1 3 2 2
4771.1 -1755.5 -27.2 1 0 6.6 7.6 5.0 2.5 2 1 2 1 1
4759.5 -1757.9 -27.3 91 0 4.2 8.3 5.0 2.5 2 1 2 2 2
4745.0 -1678.9 -25.9 268 0 6.6 18.1 7.5 2.5 2 1 3 5 5
4764.3 -1702.0 -26.2 357 0 10.6 21.3 5.0 0.0 0 1 2 1 1
4756.9 -1855.1 -29.7 357 0 8.7 7.5 2.5 2.5 2 0 1 5 5
4674.2 -1893.4 -31.2 101 0 10.6 33.9 7.5 2.5 2 1 3 3 3
4188.7 167.9 20.4 189 0 14.6 120.9 12.5 0.0 0 1 5 3 3
4186.9 156.4 20.3 190 0 9.2 120.6 7.5 2.5 2 1 3 0 0
4273.2 262.4 12.0 280 0 111.8 11.7 12.5 0.0 0 0 5 3 3
4213.4 247.7 13.4 190 0 23.3 112.2 10.0 0.0 0 1 4 4 4
4198.9 217.4 17.6 190 0 12.1 119.7 12.5 2.5 2 1 5 3 3
4196.8 205.6 19.0 190 0 9.6 120.1 7.5 2.5 4 1 3 4 4
4209.4 131.9 20.1 104 0 66.5 21.1 10.0 0.0 0 0 4 3 3
4367.3 164.0 16.6 11 0 56.7 29.8 10.0 0.0 0 0 4 4 4
4515.1 283.0 2.2 277 0 7.4 11.2 7.5 2.5 4 1 3 4 4
4407.1 249.1 8.9 15 0 7.3 13.7 2.5 2.5 4 1 1 5 5
4406.7 327.4 1.5 281 0 10.5 34.2 10.0 2.5 2 0 4 3 3
4402.2 277.7 5.0 11 0 30.9 10.5 10.0 2.5 2 0 4 4 4
4426.8 306.5 1.3 12 0 32.9 10.6 12.5 2.5 2 0 5 0 0
4420.4 274.9 4.6 12 0 31.5 10.6 12.5 2.5 2 0 5 2 2
4446.2 314.7 1.4 281 0 10.8 62.4 15.0 2.5 2 1 6 5 5
4199.8 255.9 14.4 191 0 37.6 6.5 7.5 2.5 2 0 3 4 4
4869.5 499.2 -5.2 281 0 9.1 44.0 7.5 2.5 2 1 3 4 4
4885.6 496.3 -4.1 281 0 9.5 44.2 7.5 2.5 2 1 3 5 5
4900.5 492.4 -3.1 281 0 9.8 42.7 7.5 2.5 2 1 3 0 0
4916.4 490.3 -2.1 281 0 10.3 43.2 12.5 2.5 4 1 5 0 0
6192.8 2295.1 -37.6 278 0 8.8 83.8 7.5 2.5 2 1 3 1 1
6250.9 2053.9 -35.1 275 0 10.6 42.1 7.5 2.5 2 1 3 5 5
6291.5 1890.6 -33.4 272 0 21.0 8.0 5.0 2.5 2 0 2 5 5
6280.9 1912.9 -33.7 276 0 4.3 17.9 2.5 2.5 2 1 1 2 2
6286.4 1917.2 -33.8 96 0 15.6 7.2 2.5 2.5 2 0 1 1 1
6310.9 1914.3 -33.8 96 0 17.5 14.9 7.5 2.5 2 0 3 5 5
6456.0 2657.8 -40.9 109 0 6.9 7.1 5.0 2.5 2 1 2 4 4
6454.7 2669.2 -41.0 199 0 4.8 7.3 5.0 2.5 4 1 2 0 0
6465.0 2695.1 -41.2 282 0 10.1 5.6 5.0 2.5 2 0 2 4 4
6466.5 2709.5 -41.3 287 0 9.5 8.5 7.5 2.5 4 0 3 5 5
6382.6 2753.7 -42.4 101 0 11.0 45.6 10.0 2.5 2 1 4 5 5
6403.7 2749.6 -42.2 100 0 11.5 40.2 10.0 2.5 2 1 4 5 5
6193.7 2811.1 -43.7 286 0 10.9 66.3 10.0 2.5 2 1 4 3 3
-6534.6 3944.8 -18.9 19 0 7.3 25.1 7.5 2.5 2 1 3 2 2
-5658.1 3436.6 -20.0 112 0 10.1 23.1 5.0 2.5 2 1 2 3 3
-5656.1 3588.2 -26.5 9 0 19.8 23.9 10.0 2.5 2 1 4 0 0
-5484.8 3574.6 -19.7 194 0 11.9 34.5 15.0 0.0 0 1 6 0 0
-5554.3 3605.8 -22.4 193 0 34.3 13.5 12.5 2.5 2 0 5 0 0
-5463.6 3676.5 -22.2 282 0 19.1 27.2 12.5 2.5 2 1 5 2 2
-5441.6 3579.3 -19.9 21 0 28.3 16.0 10.0 0.0 0 0 4 1 1
-5166.3 3573.6 -14.9 198 0 66.2 9.1 7.5 0.0 0 0 3 4 4
-5141.2 3636.5 -15.3 287 0 9.6 32.6 7.5 2.5 2 1 3 5 5
-5084.5 3633.8 -14.6 286 0 13.2 7.9 5.0 2.5 2 0 2 4 4
-5123.1 3579.6 -14.2 25 0 37.0 8.7 7.5 2.5 2 0 3 4 4
-5150.5 3527.3 -14.5 114 0 8.7 36.8 7.5 2.5 4 1 3 4 4
-4985.6 3712.8 -15.8 7 0 12.5 29.4 7.5 2.5 2 1 3 5 5
-5021.2 3762.3 -17.6 240 0 135.4 12.0 12.5 0.0 0 0 5 4 4
-4861.6 3714.8 -16.7 336 0 7.7 6.3 7.5 2.5 2 0 3 1 1
-4883.0 3711.0 -16.9 99 0 13.5 18.9 10.0 2.5 2 0 4 3 3
-4921.4 3723.2 -16.8 187 0 10.9 19.6 5.0 2.5 2 1 2 2 2
-4911.7 3753.1 -17.9 189 0 35.7 11.7 7.5 2.5 4 0 3 3 3
-4883.2 3739.0 -17.3 9 0 17.4 18.0 7.5 2.5 2 0 3 3 3
-4879.4 3788.8 -18.5 12 0 46.1 19.5 10.0 2.5 4 0 4 5 5
-4865.5 3822.4 -19.0 16 0 21.9 13.1 10.0 2.5 2 0 4 4 4
-4803.8 3604.6 -14.3 279 0 8.9 48.6 7.5 2.5 2 1 3 5 5
-4833.7 3593.6 -14.3 193 0 29.9 9.9 7.5 0.0 0 0 3 4 4
-4611.1 3545.4 -10.2 278 0 8.8 32.3 7.5 2.5 2 1 3 1 1
-4639.9 3507.6 -11.2 99 0 9.9 75.6 7.5 0.0 0 1 3 2 2
-4694.0 3627.8 -12.7 97 0 8.6 5.3 5.0 2.5 2 0 2 0 0
-4695.5 3684.2 -13.8 282 0 8.6 44.0 7.5 2.5 2 1 3 3 3
-4738.6 3648.0 -13.9 100 0 9.8 15.2 7.5 2.5 2 1 3 0 0
-4743.1 3692.3 -14.6 280 0 12.0 51.1 7.5 2.5 2 1 3 2 2
-4777.5 3648.2 -14.9 98 0 11.9 26.3 7.5 2.5 2 0 3 3 3
-4799.9 3646.7 -14.8 188 0 9.4 33.5 7.5 2.5 2 0 3 0 0
-4810.5 3695.4 -15.9 187 0 12.4 21.8 7.5 2.5 2 1 3 0 0
-4787.9 3750.0 -16.7 276 0 5.9 36.6 7.5 2.5 2 0 3 5 5
-4849.2 3761.3 -17.7 186 0 8.8 60.8 7.5 2.5 2 0 3 1 1
-5976.8 3649.2 -28.5 16 0 25.1 12.0 7.5 2.5 2 0 3 2 2
-5970.0 3676.1 -28.2 16 0 21.0 12.3 7.5 2.5 2 0 3 2 2
-4589.1 530.8 37.4 293 0 11.8 14.1 5.0 0.0 0 1 2 2 2
-4606.2 452.2 38.9 196 0 18.6 6.5 5.0 0.0 0 0 2 3 3
-5451.1 732.4 14.0 271 0 6.1 32.9 5.0 2.5 2 1 2 1 1
-6548.5 976.5 -2.6 106 0 24.6 5.4 5.0 2.5 2 0 2 4 4
-6544.6 959.5 -2.5 106 0 39.5 7.8 7.5 2.5 2 0 3 3 3
-6070.4 961.0 3.3 172 0 76.3 10.3 10.0 2.5 2 0 4 2 2
-6091.7 1130.7 1.7 191 0 5.9 6.2 5.0 0.0 0 1 2 3 3
-4781.4 2490.2 2.6 358 0 4.5 9.4 7.5 0.0 0 1 3 0 0
-5203.6 3794.9 -18.3 306 0 4.6 7.3 5.0 0.0 0 1 2 3 3
-5270.6 3894.6 -21.8 294 0 16.5 15.6 7.5 0.0 0 0 3 5 5
-5335.4 3794.9 -21.0 31 0 15.6 17.1 7.5 0.0 0 1 3 5 5
-6356.0 -1020.5 19.8 191 0 30.4 8.8 7.5 2.5 2 0 3 3 3
-6441.8 -1313.8 20.0 102 0 10.8 30.5 5.0 2.5 2 1 2 2 2
-6420.9 -1317.9 20.5 101 0 11.0 30.9 10.0 2.5 2 1 4 0 0
-5938.1 -1252.1 27.3 99 0 10.0 55.6 7.5 2.5 2 1 3 2 2
-5956.4 -1247.6 27.1 101 0 10.1 54.6 10.0 2.5 2 1 4 0 0
-6725.0 -490.3 10.0 16 0 9.4 21.8 7.5 2.5 2 1 3 5 5
-6741.6 -536.0 10.2 16 0 7.8 5.8 5.0 2.5 2 0 2 0 0
-6736.5 -599.4 10.4 190 0 7.3 5.5 7.5 0.0 0 0 3 0 0
-6732.4 -617.8 10.5 192 0 8.1 5.5 2.5 2.5 2 0 1 2 2
-5333.3 -766.3 26.4 92 0 12.4 7.9 7.5 2.5 2 0 3 5 5
-5245.2 -1071.3 48.1 285 0 8.5 7.5 7.5 2.5 2 0 3 0 0
-5190.6 -1081.0 48.8 288 0 21.7 10.2 5.0 2.5 2 0 2 5 5
-5914.8 -442.6 13.8 194 0 8.9 23.7 7.5 0.0 0 1 3 1 1
-5913.9 1452.6 0.5 205 0 12.4 8.5 7.5 2.5 2 0 3 5 5
-5926.5 1459.5 0.3 210 0 5.1 11.8 2.5 2.5 2 1 1 1 1
-5705.5 1654.0 1.1 206 0 7.3 12.1 5.0 2.5 4 1 2 4 4
-5065.8 1986.5 4.7 16 0 46.4 10.3 7.5 2.5 4 0 3 1 1
-5079.8 1939.3 5.1 15 0 43.4 10.1 7.5 2.5 2 0 3 4 4
-4355.5 2069.5 9.3 24 0 30.1 8.1 7.5 0.0 0 0 3 1 1
-4374.5 2103.7 8.1 291 0 10.5 29.8 10.0 2.5 2 1 4 2 2
-4379.4 2183.1 6.6 100 0 11.9 10.7 2.5 2.5 2 0 1 4 4
-4543.1 2392.5 5.7 26 0 7.7 16.1 7.5 2.5 2 1 3 3 3
1416.3 6085.1 -8.3 93 0 11.0 8.1 2.5 2.5 2 0 1 3 3
-940.0 4850.9 19.4 186 0 6.3 12.4 7.5 2.5 2 1 3 1 1
-895.8 4959.5 15.5 300 0 12.2 6.1 2.5 2.5 2 0 1 3 3
1442.0 3936.2 -32.5 96 0 6.4 10.0 7.5 2.5 2 1 3 5 5
1459.2 3922.8 -32.7 278 0 7.4 5.7 5.0 2.5 2 0 2 1 1
1970.1 1615.0 -51.5 109 0 12.0 6.0 7.5 2.5 2 0 3 1 1
1982.7 1829.5 -45.7 278 0 5.6 11.1 7.5 2.5 2 1 3 5 5
2097.1 1922.2 -50.0 194 0 12.7 18.4 5.0 2.5 2 1 2 5 5
2061.6 1961.6 -48.8 192 0 8.1 13.9 7.5 2.5 4 1 3 3 3
2049.2 2064.8 -50.1 190 0 19.5 7.6 7.5 2.5 4 0 3 3 3
2038.7 2038.6 -49.7 192 0 30.2 11.5 15.0 0.0 0 0 6 0 0
2001.8 1951.5 -46.0 91 0 9.8 8.7 2.5 2.5 2 0 1 5 5
1977.8 1949.6 -45.0 92 0 4.9 7.3 5.0 2.5 2 1 2 4 4
1990.8 1950.1 -45.7 91 0 5.6 12.8 7.5 2.5 2 1 3 1 1
1866.5 1981.1 -46.0 19 0 5.9 10.0 5.0 2.5 2 1 2 3 3
1917.1 2030.6 -46.6 193 0 8.0 26.8 5.0 2.5 2 1 2 4 4
1925.3 2063.6 -46.8 198 0 7.0 6.8 5.0 2.5 2 0 2 3 3
1981.4 2025.6 -47.5 13 0 8.3 48.5 7.5 2.5 2 1 3 3 3
1973.3 2121.8 -48.9 276 0 9.7 8.2 5.0 0.0 0 0 2 0 0
1949.2 2107.6 -49.2 189 0 12.0 51.6 12.5 2.5 2 1 5 5 5
2017.8 2066.8 -49.5 1 0 63.2 8.3 7.5 2.5 2 0 3 1 1
-415.1 1521.9 -19.3 115 0 13.5 8.2 5.0 0.0 0 0 2 1 1
-389.9 1506.0 -19.8 114 0 7.8 9.5 5.0 2.5 4 1 2 2 2
-316.8 1484.2 -21.2 28 0 8.8 14.1 7.5 2.5 2 1 3 5 5
-211.9 1205.1 -14.2 205 0 5.1 6.8 7.5 2.5 2 1 3 0 0
-187.1 1202.3 -15.3 358 0 36.2 10.0 7.5 2.5 4 0 3 4 4
349.8 1489.0 -32.4 115 0 10.0 34.8 7.5 2.5 4 1 3 0 0
344.8 1528.5 -32.1 293 0 12.6 40.5 7.5 2.5 2 1 3 4 4
321.6 1522.8 -31.8 305 0 12.0 25.3 7.5 2.5 2 1 3 1 1
-464.7 -3386.1 5.2 268 0 11.9 30.9 10.0 2.5 2 1 4 2 2
-442.4 -3385.2 5.0 269 0 12.2 31.3 10.0 2.5 2 1 4 2 2
1597.0 -710.2 -27.0 3 0 21.3 7.8 7.5 2.5 2 0 3 1 1
1882.4 -197.0 -36.0 284 0 10.4 86.3 10.0 2.5 2 1 4 3 3
1810.7 -633.3 -32.6 87 0 6.0 11.2 5.0 2.5 2 1 2 0 0
1857.0 -602.3 -33.7 351 0 8.1 13.6 2.5 2.5 2 1 1 2 2
1841.6 -604.3 -33.4 350 0 6.5 12.0 5.0 2.5 2 1 2 5 5
1859.0 -625.5 -33.7 359 0 5.7 11.4 5.0 2.5 2 1 2 3 3
1866.1 -570.7 -34.1 346 0 11.6 8.4 5.0 2.5 2 0 2 4 4
1821.4 -589.4 -33.1 253 0 6.6 9.3 7.5 2.5 2 1 3 5 5
1462.8 -651.9 -25.7 186 0 14.6 21.1 15.0 0.0 0 1 6 2 2
1478.4 -640.6 -25.8 181 0 10.2 14.9 7.5 2.5 2 1 3 4 4
1489.5 -648.2 -25.8 272 0 7.6 8.9 7.5 2.5 2 1 3 3 3
1502.5 -616.4 -26.0 272 0 7.9 16.2 5.0 2.5 2 1 2 4 4
1512.8 -632.3 -26.1 273 0 11.3 16.7 5.0 2.5 2 1 2 3 3
1574.9 -668.0 -26.7 274 0 7.1 10.2 2.5 2.5 2 1 1 4 4
1547.4 -719.1 -26.4 92 0 8.8 6.1 7.5 2.5 2 0 3 0 0
1547.3 -702.1 -26.4 94 0 9.8 5.7 2.5 2.5 2 0 1 2 2
1562.8 -702.8 -26.5 92 0 6.2 10.7 2.5 0.0 0 1 1 2 2
1544.7 -659.0 -26.4 287 0 6.0 10.8 5.0 2.5 2 1 2 3 3
1517.0 -735.2 -26.1 96 0 7.6 20.3 2.5 2.5 4 1 1 4 4
1484.4 -706.0 -25.8 91 0 8.4 14.8 5.0 2.5 2 1 2 1 1
1372.5 -655.7 -24.6 12 0 8.9 10.3 5.0 2.5 2 1 2 5 5
1276.1 -524.9 -23.9 195 0 8.4 14.0 2.5 2.5 2 1 1 5 5
1248.9 -541.6 -23.5 192 0 8.7 6.3 5.0 2.5 2 0 2 2 2
1249.0 -619.4 -23.4 21 0 12.3 6.0 5.0 2.5 2 0 2 4 4
1226.2 -605.0 -23.3 208 0 6.5 5.8 5.0 2.5 2 0 2 4 4
1126.7 -658.0 -22.2 21 0 6.9 10.9 2.5 2.5 2 1 1 0 0
1107.7 -653.7 -22.0 17 0 3.4 9.0 5.0 2.5 2 1 2 5 5
1114.3 -665.0 -22.1 19 0 6.6 9.1 5.0 2.5 2 1 2 1 1
1073.5 -663.3 -21.8 197 0 9.4 17.0 7.5 2.5 2 1 3 2 2
1112.0 -717.0 -22.1 205 0 15.7 7.8 7.5 2.5 2 0 3 0 0
1106.8 -756.3 -21.9 27 0 7.4 12.1 5.0 2.5 2 1 2 1 1
1061.8 -748.3 -21.5 28 0 6.1 6.6 5.0 2.5 2 1 2 2 2
921.7 -938.0 -20.0 94 0 7.0 9.5 7.5 2.5 2 1 3 0 0
935.3 -797.5 -20.0 100 0 9.1 7.7 5.0 0.0 0 0 2 1 1
940.2 -774.2 -20.1 275 0 4.8 8.5 5.0 2.5 2 1 2 2 2
993.2 -774.0 -20.7 20 0 11.5 7.1 5.0 2.5 2 0 2 5 5
1014.7 -791.5 -21.0 293 0 11.1 9.0 7.5 2.5 2 0 3 1 1
1025.2 -822.3 -21.2 211 0 12.8 4.7 5.0 2.5 2 0 2 4 4
1000.4 -838.0 -20.8 14 0 10.7 6.0 7.5 2.5 2 0 3 3 3
981.2 -847.1 -20.7 198 0 8.2 7.6 5.0 2.5 2 0 2 3 3
993.7 -865.7 -20.8 19 0 9.7 9.7 5.0 2.5 2 1 2 4 4
-21.9 -1312.2 -8.5 182 0 8.0 13.7 7.5 2.5 4 1 3 1 1
1201.3 -1621.6 0.0 90 0 33.7 14.4 10.0 2.5 2 0 4 4 4
1272.2 -1553.2 -6.1 272 0 8.7 10.2 2.5 2.5 2 1 1 3 3
1262.6 -1519.7 -10.1 99 0 11.1 61.3 12.5 2.5 2 1 5 3 3
-6908.5 4307.8 -15.5 196 0 20.9 22.8 10.0 2.5 2 1 4 1 1
-6901.5 4335.2 -15.7 196 0 19.9 24.6 7.5 2.5 2 1 3 3 3
-6849.0 4304.0 -16.5 16 0 47.7 14.0 10.0 2.5 2 0 4 5 5
-6821.3 4461.5 -17.0 335 0 12.0 6.3 7.5 2.5 2 0 3 4 4
-6807.8 4461.0 -17.5 295 0 14.1 14.3 5.0 0.0 0 1 2 5 5
-6867.6 4491.7 -16.0 147 0 11.3 15.3 10.0 2.5 2 1 4 5 5
-6826.5 4423.5 -17.2 243 0 12.4 18.3 5.0 2.5 2 1 2 1 1
-6803.2 4399.5 -17.5 339 0 16.8 13.1 2.5 2.5 2 0 1 4 4
-6822.1 4382.4 -17.1 58 0 8.9 15.8 2.5 2.5 2 1 1 1 1
