513.1 -4050.8 -33.6 171 0 42.9 91.3 12.5 0.0 0 1 5 3 3
843.3 -6074.7 -40.9 6 0 31.9 48.5 7.5 0.0 0 1 3 0 0
848.1 -6110.6 -39.7 187 0 32.4 48.9 10.0 0.0 0 1 4 0 0
646.6 -6066.2 -43.1 188 0 33.9 53.6 12.5 0.0 0 1 5 0 0
852.4 -6073.1 -40.1 186 0 33.3 48.6 10.0 0.0 0 1 4 1 1
740.1 -5917.6 -43.6 276 0 33.1 85.3 10.0 0.0 0 1 4 5 5
782.8 -5921.9 -42.9 275 0 35.3 85.1 10.0 0.0 0 1 4 1 1
855.9 -6036.4 -40.4 186 0 33.3 48.6 12.5 0.0 0 1 5 5 5
765.8 -6095.5 -42.0 96 0 35.6 80.8 12.5 0.0 0 1 5 3 3
691.8 -6005.4 -43.2 276 0 27.3 41.7 7.5 0.0 0 1 3 4 4
723.3 -6094.3 -42.7 94 0 35.7 84.2 12.5 0.0 0 1 5 0 0
840.0 -6112.9 -40.6 5 0 34.8 48.7 7.5 0.0 0 1 3 3 3
847.6 -6038.1 -41.3 5 0 32.7 49.6 17.5 0.0 0 1 7 3 3
4156.7 3718.5 30.3 359 0 8.5 12.1 5.0 2.5 2 1 2 4 4
4150.9 3773.0 27.7 78 0 9.0 14.2 7.5 2.5 2 1 3 3 3
5482.1 4645.3 28.6 61 0 11.7 7.5 5.0 2.5 2 0 2 4 4
5649.9 4651.3 36.6 181 0 6.7 9.6 5.0 2.5 2 1 2 2 2
