1769.1 -5157.5 -343.3 114 0 16.5 20.5 7.5 2.5 2 1 3 0 0
-713.7 4433.9 287.6 331 0 11.5 10.3 7.5 2.5 2 0 3 3 3
-736.1 4417.0 288.6 148 0 8.2 9.8 5.0 2.5 2 1 2 5 5
-822.3 4297.2 291.3 245 0 22.2 14.2 12.5 2.5 2 0 5 2 2
-754.5 4490.7 280.4 237 0 8.8 12.3 7.5 2.5 2 1 3 0 0
-769.0 4481.3 278.6 236 0 8.1 12.3 7.5 2.5 2 1 3 1 1
-606.0 4368.4 289.0 331 0 14.7 12.9 2.5 2.5 2 0 1 1 1
-642.9 4381.6 289.2 146 0 11.2 14.4 7.5 2.5 2 1 3 1 1
-1052.2 -2796.9 241.4 90 0 9.5 24.6 7.5 2.5 2 1 3 4 4
-3852.2 1833.2 338.5 94 0 12.0 23.8 10.0 2.5 2 1 4 3 3
-3801.7 1882.4 339.4 1 0 6.1 11.6 5.0 2.5 2 1 2 1 1
-3820.6 1879.8 339.5 91 0 11.0 6.3 5.0 2.5 2 0 2 3 3
-4608.1 74.5 167.9 85 0 7.0 9.1 7.5 2.5 2 1 3 1 1
-4589.2 82.4 171.1 70 0 8.1 17.8 2.5 0.0 0 1 1 2 2
-4643.5 41.3 157.9 131 0 10.5 13.1 5.0 2.5 2 1 2 3 3
-4626.2 52.5 161.1 45 0 9.4 10.3 5.0 2.5 2 1 2 1 1
-3523.0 6193.5 319.6 283 0 8.6 10.2 7.5 2.5 2 1 3 0 0
-3531.1 6155.8 318.5 284 0 14.0 9.9 7.5 2.5 2 0 3 3 3
2591.3 -1028.7 116.0 276 0 5.5 6.8 5.0 2.5 2 1 2 4 4
2575.0 -1021.0 121.8 304 0 6.7 9.8 7.5 2.5 2 1 3 0 0
2573.8 -1036.3 119.3 293 0 8.3 6.5 7.5 2.5 2 0 3 0 0
2534.2 -1047.5 128.2 101 0 4.4 13.7 7.5 2.5 2 1 3 5 5
-1415.9 -2616.2 322.9 260 0 10.6 19.3 7.5 2.5 2 1 3 4 4
