6701.1 -6004.3 -18.8 357 0 12.8 36.2 14.0 3.5 2 1 4 2 2
6738.3 -6052.5 -18.8 356 0 20.8 21.3 14.0 0.0 0 1 4 4 4
6851.5 -5609.6 -19.2 176 0 31.3 11.9 14.0 3.5 2 0 4 5 5
6917.1 -6173.9 -20.1 72 0 23.2 17.8 14.0 3.5 2 0 4 3 3
6760.2 -6072.5 -18.8 356 0 20.8 21.3 14.0 3.5 2 1 4 2 2
6891.7 -5573.6 -18.2 181 0 45.7 15.5 14.0 3.5 2 0 4 3 3
6919.2 -6144.8 -19.7 82 0 9.4 24.2 10.5 3.5 2 1 3 2 2
6689.3 -5953.5 -17.6 259 0 13.8 25.8 14.0 3.5 2 1 4 5 5
6900.9 -6218.0 -20.1 342 0 11.3 19.7 14.0 3.5 2 1 4 4 4
6661.9 -5951.7 -18.2 259 0 13.0 34.7 14.0 3.5 2 1 4 4 4
6850.5 -5635.6 -19.3 179 0 11.7 14.4 14.0 3.5 2 1 4 3 3
6735.3 -6021.6 -18.3 356 0 20.8 21.3 14.0 3.5 2 1 4 3 3
6736.1 -5973.3 -18.6 358 0 16.0 11.5 14.0 3.5 2 0 4 1 1
6688.9 -6156.4 -19.0 69 0 10.5 19.3 14.0 3.5 2 1 4 1 1
6914.8 -6191.1 -20.1 262 0 17.5 14.8 14.0 3.5 2 0 4 0 0
6880.0 -5555.3 -19.1 271 0 6.5 24.3 10.5 3.5 2 1 3 1 1
6857.2 -5553.7 -19.2 269 0 8.0 28.9 10.5 3.5 2 1 3 5 5
6841.4 -5705.4 -19.5 184 0 5.8 22.2 10.5 3.5 2 1 3 1 1
6724.2 -5986.7 -18.3 358 0 13.5 16.1 14.0 3.5 2 1 4 5 5
6654.6 -2631.9 -12.7 209 0 39.3 20.6 10.5 0.0 0 0 3 2 2
6763.9 -2700.0 -13.5 198 0 16.9 34.8 14.0 3.5 2 1 4 5 5
6780.4 -4945.6 -18.0 309 0 11.2 13.0 17.5 3.5 2 1 5 5 5
6749.0 -3040.1 -24.3 308 0 14.6 32.3 14.0 3.5 2 1 4 5 5
6918.3 -2996.9 -22.5 30 0 11.3 7.1 10.5 0.0 0 0 3 0 0
6834.2 -4878.9 -16.0 301 0 26.2 10.5 17.5 3.5 2 0 5 1 1
6741.6 -2681.2 -13.8 30 0 38.8 21.0 10.5 0.0 0 0 3 1 1
6837.9 -3114.3 -25.9 36 0 14.8 60.6 14.0 3.5 2 1 4 3 3
6772.9 -3057.6 -24.6 306 0 24.8 8.4 10.5 3.5 2 0 3 0 0
5652.9 -6362.8 -18.8 96 0 5.7 25.8 10.5 3.5 4 1 3 0 0
5659.8 -6304.0 -17.3 96 0 5.7 25.8 10.5 3.5 2 1 3 0 0
5656.4 -6333.8 -18.6 96 0 5.7 25.8 10.5 3.5 2 1 3 3 3
5837.3 -6001.8 -16.5 101 0 54.4 14.9 17.5 3.5 2 0 5 4 4
5824.6 -6392.8 -18.0 100 0 32.1 22.7 17.5 0.0 0 0 5 0 0
5709.9 -6334.7 -17.6 93 0 20.0 11.5 17.5 3.5 4 0 5 0 0
6657.3 -5679.6 -17.6 6 0 16.8 15.8 17.5 3.5 2 0 5 3 3
5779.9 -6222.5 -15.9 291 0 13.2 39.1 17.5 3.5 2 1 5 4 4
6043.6 -6146.0 -15.3 99 0 9.6 13.3 10.5 3.5 4 1 3 0 0
6192.8 -6294.6 -15.0 0 0 12.5 19.6 17.5 3.5 2 1 5 0 0
5761.9 -6131.1 -15.9 113 0 37.9 16.0 17.5 0.0 0 0 5 2 2
6055.2 -6216.6 -16.1 46 0 37.8 6.9 10.5 3.5 2 0 3 4 4
5835.5 -6180.8 -15.5 291 0 15.9 19.9 17.5 3.5 2 1 5 1 1
6184.3 -6428.9 -17.1 270 0 8.7 29.6 10.5 3.5 2 1 3 0 0
6613.1 -5675.3 -17.1 94 0 8.4 10.8 10.5 3.5 2 1 3 5 5
6091.3 -6193.4 -14.9 43 0 5.4 7.1 10.5 3.5 2 1 3 3 3
6120.8 -6393.0 -16.7 176 0 12.2 30.9 17.5 3.5 4 1 5 2 2
6101.4 -6428.6 -17.2 90 0 9.1 28.6 10.5 3.5 2 1 3 1 1
5763.7 -6264.0 -16.7 291 0 13.1 39.1 17.5 3.5 2 1 5 1 1
6425.8 -6393.9 -14.3 188 0 5.7 11.8 10.5 3.5 2 1 3 5 5
5638.0 -6257.4 -16.7 184 0 10.6 9.4 10.5 3.5 2 0 3 2 2
6174.6 -6515.5 -17.9 64 0 11.7 28.7 17.5 3.5 2 1 5 3 3
6628.4 -5579.9 -17.2 359 0 12.1 10.2 17.5 3.5 2 0 5 5 5
6089.3 -6180.1 -14.9 134 0 7.3 38.2 10.5 3.5 4 1 3 1 1
5798.9 -6164.1 -15.6 293 0 15.5 20.5 17.5 0.0 0 1 5 1 1
5732.3 -6342.8 -17.6 111 0 13.1 39.1 17.5 3.5 2 1 5 4 4
5913.3 -6064.8 -15.6 99 0 8.3 11.1 10.5 0.0 0 1 3 1 1
6212.5 -6525.4 -18.2 68 0 13.0 21.1 17.5 3.5 4 1 5 0 0
6447.1 -6476.6 -16.3 104 0 13.3 21.5 14.0 3.5 2 1 4 0 0
6620.7 -5547.1 -17.2 90 0 13.8 11.6 17.5 3.5 2 0 5 5 5
6570.4 -6369.0 -15.1 97 0 23.0 33.8 14.0 0.0 0 1 4 2 2
6120.8 -6359.4 -16.1 180 0 11.1 32.8 17.5 3.5 2 1 5 2 2
5732.7 -6136.0 -15.4 293 0 15.5 20.5 17.5 3.5 2 1 5 3 3
6919.8 -5873.8 -18.5 352 0 7.5 8.3 10.5 3.5 2 1 3 3 3
6900.5 -5910.0 -19.7 13 0 14.3 13.8 17.5 3.5 2 0 5 4 4
5768.9 -6151.8 -15.6 293 0 15.5 20.5 17.5 3.5 2 1 5 2 2
6102.6 -6354.4 -16.2 270 0 8.2 24.5 10.5 3.5 4 1 3 4 4
6695.0 -5715.7 -18.1 268 0 12.4 16.8 17.5 3.5 2 1 5 3 3
6703.5 -5732.9 -18.2 268 0 12.1 17.1 17.5 3.5 2 1 5 1 1
6132.4 -6448.6 -17.5 157 0 32.4 9.7 10.5 3.5 4 0 3 5 5
6769.5 -5889.1 -19.0 352 0 9.9 35.0 10.5 3.5 2 1 3 4 4
5715.5 -6283.7 -16.8 274 0 9.3 10.1 10.5 3.5 2 1 3 1 1
6216.2 -6442.0 -16.9 349 0 31.8 10.3 17.5 3.5 2 0 5 4 4
6918.0 -5974.7 -19.2 122 0 11.2 17.0 17.5 3.5 2 1 5 4 4
5897.8 -6077.2 -16.4 74 0 14.4 79.9 17.5 3.5 2 1 5 3 3
5862.1 -6208.0 -15.3 186 0 15.2 20.3 17.5 3.5 2 1 5 5 5
6161.7 -6220.8 -14.1 136 0 16.8 18.7 14.0 0.0 0 1 4 5 5
6596.4 -5679.9 -17.0 95 0 7.2 34.9 10.5 3.5 2 1 3 5 5
6543.7 -6268.9 -15.3 77 0 37.9 19.3 7.5 0.0 0 0 3 4 4
6567.0 -5410.6 -15.5 175 0 18.7 14.0 17.5 3.5 2 0 5 3 3
6687.1 -5402.4 -18.2 131 0 15.2 27.9 17.5 3.5 2 1 5 4 4
6595.7 -5550.1 -16.7 84 0 14.2 10.1 17.5 3.5 4 0 5 5 5
6595.8 -5561.5 -16.8 84 0 13.6 7.5 10.5 3.5 2 0 3 5 5
6702.8 -5417.4 -18.4 131 0 15.2 27.9 17.5 0.0 0 1 5 4 4
6616.4 -5529.3 -17.2 84 0 14.7 8.7 10.5 3.5 2 0 3 2 2
6596.8 -5500.7 -16.8 218 0 8.1 20.0 10.5 3.5 2 1 3 2 2
6752.4 -5334.0 -18.7 356 0 61.6 13.4 17.5 3.5 2 0 5 3 3
6649.7 -5461.7 -17.6 285 0 11.2 11.4 17.5 3.5 2 1 5 4 4
6749.0 -5383.3 -18.8 41 0 13.2 18.8 17.5 3.5 4 1 5 1 1
6725.5 -5425.3 -18.6 131 0 13.5 18.7 17.5 3.5 2 1 5 0 0
6672.4 -5386.1 -18.1 131 0 15.2 28.0 17.5 3.5 2 1 5 3 3
6678.9 -5469.7 -17.9 296 0 12.8 10.3 17.5 3.5 2 0 5 2 2
6742.5 -5289.9 -18.6 339 0 12.6 17.6 17.5 3.5 2 1 5 2 2
6672.0 -5459.1 -17.8 296 0 7.2 17.3 10.5 3.5 2 1 3 3 3
6698.5 -5322.1 -18.2 71 0 15.5 49.4 17.5 3.5 2 1 5 2 2
6592.6 -5536.3 -16.5 86 0 12.3 23.9 17.5 3.5 2 1 5 1 1
6728.7 -5319.2 -18.5 359 0 21.9 13.3 17.5 3.5 2 0 5 2 2
6722.9 -5470.7 -18.5 324 0 29.2 15.1 17.5 3.5 2 0 5 0 0
6740.3 -5614.5 -18.8 189 0 9.5 18.0 10.5 3.5 2 1 3 0 0
6652.0 -5598.4 -17.7 179 0 8.2 14.5 10.5 3.5 2 1 3 4 4
6475.0 -6266.8 -14.9 253 0 17.2 19.4 10.0 2.5 2 1 4 1 1
6759.5 -6299.1 -18.6 28 0 16.7 30.2 14.0 0.0 0 1 4 2 2
6627.8 -6344.4 -16.2 240 0 16.4 26.6 14.0 3.5 2 1 4 2 2
6498.3 -6229.4 -15.6 253 0 17.2 19.4 10.0 2.5 2 1 4 3 3
6487.0 -6249.5 -15.2 253 0 17.2 19.4 10.0 2.5 2 1 4 4 4
6526.4 -6502.0 -17.1 126 0 10.5 21.8 14.0 3.5 2 1 4 0 0
6530.6 -6356.6 -14.5 109 0 8.4 15.7 10.5 3.5 2 1 3 5 5
6513.0 -6523.2 -17.8 126 0 14.1 21.9 14.0 3.5 2 1 4 3 3
6640.8 -5559.4 -17.5 93 0 8.7 12.8 10.5 3.5 2 1 3 3 3
6726.9 -6459.7 -18.3 171 0 17.0 13.6 14.0 3.5 2 0 4 2 2
6489.2 -6161.3 -16.5 301 0 11.7 25.5 17.5 0.0 0 1 5 0 0
6611.4 -5809.7 -17.3 121 0 13.7 44.9 17.5 0.0 0 1 5 3 3
6502.0 -6447.8 -15.4 5 0 14.0 41.1 14.0 0.0 0 1 4 2 2
6461.5 -6516.1 -17.9 120 0 43.5 15.0 14.0 0.0 0 0 4 4 4
6771.0 -5552.8 -19.0 293 0 11.0 18.5 17.5 3.5 2 1 5 1 1
6696.0 -6426.3 -16.6 90 0 8.7 17.3 10.5 3.5 4 1 3 0 0
6644.4 -5619.0 -17.7 192 0 16.3 18.1 17.5 3.5 2 1 5 4 4
6632.3 -6321.7 -16.2 266 0 17.4 16.0 14.0 3.5 2 0 4 2 2
6715.3 -5635.7 -18.3 12 0 16.1 19.8 17.5 3.5 2 1 5 1 1
6756.6 -5579.9 -19.0 202 0 18.5 11.0 17.5 3.5 2 0 5 3 3
6568.0 -6481.4 -17.0 275 0 13.1 21.7 14.0 3.5 4 1 4 4 4
6459.0 -6526.0 -18.2 120 0 34.1 7.4 10.5 0.0 0 0 3 3 3
6640.1 -6493.4 -17.4 280 0 13.4 9.4 10.5 3.5 2 0 3 3 3
6557.7 -6439.7 -15.6 303 0 29.7 14.6 14.0 3.5 2 0 4 1 1
6480.4 -6382.4 -14.1 303 0 12.9 32.5 14.0 3.5 4 1 4 1 1
6466.2 -6493.2 -16.9 118 0 20.4 15.0 14.0 3.5 2 0 4 5 5
6716.0 -6566.3 -19.2 113 0 10.0 13.2 10.5 3.5 2 1 3 5 5
6627.0 -5517.3 -17.4 132 0 10.6 13.6 17.5 3.5 2 1 5 5 5
6669.1 -5817.7 -17.8 359 0 25.8 9.5 10.5 3.5 2 0 3 3 3
6734.8 -6542.6 -19.1 307 0 22.4 6.6 10.5 3.5 2 0 3 3 3
6592.0 -6452.2 -15.8 285 0 8.1 14.5 10.5 0.0 0 1 3 1 1
6676.3 -5634.3 -18.0 102 0 19.9 14.2 17.5 3.5 2 0 5 2 2
6650.9 -6438.0 -16.4 173 0 11.7 10.0 14.0 3.5 2 0 4 0 0
6433.6 -6205.0 -15.7 87 0 7.0 15.3 10.5 3.5 4 1 3 3 3
6723.6 -5576.8 -18.4 3 0 18.5 11.0 17.5 3.5 2 0 5 5 5
6638.3 -6448.6 -16.4 122 0 14.7 10.5 14.0 3.5 2 0 4 1 1
6548.3 -6524.7 -17.9 124 0 10.3 20.2 14.0 3.5 2 1 4 4 4
6621.4 -5716.8 -17.3 258 0 11.1 29.5 17.5 3.5 4 1 5 4 4
6599.2 -6310.0 -15.7 266 0 19.9 12.8 14.0 3.5 2 0 4 5 5
6520.6 -6408.3 -14.9 304 0 14.4 31.6 14.0 3.5 2 1 4 5 5
6628.1 -5981.2 -19.1 173 0 10.8 14.0 14.0 0.0 0 1 4 2 2
6748.4 -5555.9 -18.7 3 0 18.5 11.0 17.5 3.5 2 0 5 2 2
6510.9 -6337.2 -14.5 205 0 15.0 7.4 10.5 3.5 2 0 3 5 5
6731.6 -5597.2 -18.5 3 0 18.5 11.0 17.5 0.0 0 0 5 5 5
6490.6 -6569.8 -19.5 128 0 36.2 11.1 14.0 3.5 2 0 4 4 4
6512.3 -6458.6 -16.3 298 0 14.2 20.9 14.0 3.5 2 1 4 2 2
6712.6 -5519.0 -18.3 22 0 10.3 11.2 17.5 3.5 2 1 5 3 3
6701.0 -5892.4 -18.3 89 0 15.1 73.9 17.5 3.5 2 1 5 1 1
6492.2 -6404.7 -14.8 304 0 15.0 31.9 14.0 3.5 2 1 4 0 0
6536.7 -6370.2 -14.3 115 0 16.8 9.8 10.5 3.5 2 0 3 1 1
6662.3 -5662.4 -17.7 7 0 9.2 19.9 10.5 3.5 2 1 3 1 1
6595.6 -6387.0 -15.3 93 0 13.0 18.7 14.0 3.5 2 1 4 2 2
6510.3 -6303.1 -14.8 107 0 9.1 22.0 7.5 2.5 2 1 3 0 0
6660.3 -5541.4 -18.0 197 0 7.8 37.9 10.5 3.5 2 1 3 5 5
6743.6 -6337.2 -17.5 357 0 14.8 18.8 14.0 3.5 2 1 4 3 3
6542.1 -6532.4 -18.3 29 0 14.4 22.2 14.0 3.5 2 1 4 4 4
6518.4 -6557.2 -19.1 120 0 20.9 14.3 14.0 3.5 2 0 4 3 3
6658.6 -6564.2 -19.1 84 0 14.7 37.7 14.0 3.5 4 1 4 2 2
6539.7 -6568.3 -19.4 118 0 22.2 11.9 14.0 0.0 0 0 4 5 5
6496.6 -6544.4 -18.7 120 0 20.8 14.3 14.0 3.5 2 0 4 4 4
6899.2 -4918.5 -15.4 297 0 11.0 15.6 17.5 0.0 0 1 5 3 3
6771.4 -5068.0 -19.2 127 0 10.4 31.5 17.5 0.0 0 1 5 1 1
6858.4 -5033.1 -18.0 29 0 10.5 21.4 17.5 0.0 0 1 5 2 2
6732.1 -5202.2 -18.5 358 0 18.8 17.1 17.5 0.0 0 0 5 0 0
6865.3 -5073.8 -18.3 13 0 16.8 24.3 17.5 3.5 2 1 5 1 1
6577.8 -5225.4 -15.4 130 0 12.6 32.7 17.5 0.0 0 1 5 0 0
6809.2 -5113.2 -18.9 178 0 9.3 16.3 10.5 3.5 2 1 3 4 4
6876.7 -5152.1 -17.7 9 0 13.9 17.1 17.5 3.5 2 1 5 0 0
5718.2 -6214.9 -15.7 347 0 11.2 19.9 17.5 3.5 2 1 5 1 1
5717.2 -6247.6 -16.3 346 0 11.2 19.8 17.5 3.5 2 1 5 0 0
5716.8 -6262.8 -16.5 4 0 11.2 19.8 17.5 3.5 2 1 5 2 2
5710.1 -6194.5 -15.2 280 0 19.8 11.1 17.5 3.5 2 0 5 2 2
5719.7 -6232.4 -16.0 3 0 11.2 19.8 17.5 0.0 0 1 5 1 1
5787.3 -6262.5 -16.3 250 0 16.0 23.4 17.5 3.5 2 1 5 5 5
5765.3 -6553.6 -19.4 94 0 80.5 16.6 17.5 0.0 0 0 5 3 3
6623.5 -6224.9 -16.1 263 0 11.3 10.1 14.0 3.5 2 0 4 5 5
5778.2 -6288.7 -16.8 250 0 16.0 22.5 17.5 3.5 4 1 5 0 0
5864.3 -6322.7 -17.2 10 0 79.1 15.1 17.5 0.0 0 0 5 1 1
5796.7 -6236.4 -15.8 250 0 15.8 23.8 17.5 3.5 2 1 5 0 0
5845.2 -6257.0 -15.6 301 0 38.5 13.1 17.5 3.5 2 0 5 1 1
5775.1 -6334.6 -17.3 74 0 17.5 22.6 17.5 0.0 0 1 5 0 0
6623.6 -6208.4 -16.1 263 0 7.8 12.0 10.5 3.5 2 1 3 3 3
5810.0 -6530.0 -19.2 98 0 30.8 15.6 17.5 3.5 2 0 5 1 1
5764.9 -6362.2 -17.8 74 0 19.4 24.5 17.5 3.5 4 1 5 2 2
5626.8 -6048.6 -17.7 285 0 12.1 19.4 17.5 0.0 0 1 5 3 3
5514.4 -6232.6 -18.4 248 0 12.3 19.2 17.5 3.5 2 1 5 2 2
5466.0 -6248.7 -18.1 247 0 12.3 19.2 17.5 3.5 2 1 5 3 3
5523.3 -6270.4 -18.6 67 0 19.1 12.4 17.5 0.0 0 0 5 2 2
5498.0 -6272.3 -18.4 65 0 19.1 13.7 17.5 3.5 2 0 5 3 3
5453.6 -6219.0 -18.4 245 0 12.3 19.2 17.5 0.0 0 1 5 5 5
5653.5 -6066.1 -17.2 285 0 38.1 12.4 17.5 3.5 2 0 5 0 0
5695.1 -6167.2 -15.5 16 0 12.6 72.0 17.5 3.5 4 1 5 2 2
5520.1 -5969.4 -20.8 354 0 22.3 10.9 17.5 3.5 2 0 5 0 0
5548.7 -5979.7 -20.2 170 0 22.3 10.9 17.5 3.5 4 0 5 1 1
5525.9 -5956.6 -21.0 82 0 22.2 10.9 17.5 3.5 4 0 5 0 0
5527.8 -6066.6 -17.5 172 0 11.0 22.2 17.5 3.5 4 1 5 2 2
5541.4 -6034.1 -18.3 253 0 10.9 22.3 17.5 3.5 4 1 5 3 3
5546.6 -5996.0 -19.5 260 0 10.9 22.3 17.5 3.5 2 1 5 0 0
5584.6 -6235.7 -16.6 97 0 12.3 22.3 17.5 3.5 2 1 5 4 4
5567.2 -6183.9 -16.2 267 0 10.3 23.1 17.5 0.0 0 1 5 3 3
5547.7 -6276.3 -18.5 92 0 19.1 12.4 17.5 3.5 2 0 5 1 1
5533.7 -6146.5 -15.1 259 0 21.0 16.8 14.0 0.0 0 0 4 1 1
5566.9 -6217.9 -16.7 276 0 12.3 19.2 17.5 3.5 2 1 5 2 2
5562.9 -6267.2 -17.9 94 0 12.3 19.2 17.5 3.5 2 1 5 3 3
5389.6 -6323.0 -17.0 2 0 5.3 18.5 10.5 0.0 0 1 3 0 0
5411.1 -6304.9 -16.8 7 0 13.6 40.0 17.5 0.0 0 1 5 0 0
5540.3 -6220.7 -17.8 274 0 14.7 33.1 17.5 0.0 0 1 5 5 5
5614.1 -6212.0 -16.2 275 0 19.0 11.1 17.5 3.5 2 0 5 1 1
5422.8 -6119.1 -17.8 350 0 14.7 33.9 14.0 0.0 0 1 4 3 3
5610.5 -6236.9 -16.5 95 0 19.1 11.1 17.5 3.5 2 0 5 3 3
5433.1 -6087.5 -17.7 316 0 27.3 13.5 14.0 3.5 2 0 4 1 1
5354.1 -6283.2 -16.6 180 0 16.0 39.0 17.5 3.5 2 1 5 5 5
6329.2 -5332.3 -14.9 97 0 9.8 15.2 10.5 0.0 0 1 3 0 0
5416.8 -6348.3 -17.3 192 0 20.7 11.5 17.5 3.5 2 0 5 1 1
5436.9 -6398.8 -17.7 146 0 21.3 9.9 10.5 3.5 2 0 3 3 3
6476.5 -5423.5 -14.8 275 0 19.5 7.0 10.5 3.5 4 0 3 5 5
6434.5 -5330.9 -14.9 72 0 11.3 39.1 17.5 0.0 0 1 5 0 0
6405.9 -5384.8 -14.9 277 0 11.4 20.5 17.5 3.5 2 1 5 4 4
6335.9 -5331.5 -14.9 97 0 9.5 13.6 10.5 3.5 2 1 3 5 5
6376.8 -5425.5 -15.0 100 0 14.2 20.1 17.5 3.5 2 1 5 1 1
5425.7 -6376.9 -17.5 145 0 20.1 12.5 17.5 3.5 2 0 5 3 3
6355.5 -5334.0 -14.9 99 0 9.9 17.0 10.5 3.5 2 1 3 3 3
6502.2 -5419.9 -14.8 262 0 18.5 13.5 17.5 3.5 4 0 5 5 5
6461.1 -5583.4 -16.0 273 0 16.1 26.2 17.5 3.5 2 1 5 2 2
6454.4 -5461.5 -14.9 87 0 13.1 12.7 17.5 0.0 0 0 5 2 2
6387.5 -5356.3 -14.9 280 0 13.3 11.4 17.5 3.5 2 0 5 1 1
6192.7 -5787.5 -16.8 86 0 66.5 17.9 17.5 3.5 2 0 5 5 5
6301.8 -5684.0 -16.4 84 0 19.1 16.3 14.0 3.5 4 0 4 5 5
6460.0 -5643.2 -16.2 93 0 20.6 11.6 17.5 3.5 2 0 5 0 0
6402.6 -5343.9 -14.9 92 0 11.0 19.3 17.5 3.5 4 1 5 5 5
6146.7 -5726.7 -16.6 270 0 70.7 15.4 17.5 3.5 4 0 5 4 4
6167.1 -5820.2 -16.9 89 0 9.6 20.8 10.5 3.5 2 1 3 4 4
6461.2 -5626.8 -16.1 93 0 20.6 11.6 17.5 3.5 4 0 5 0 0
6383.6 -5388.4 -14.9 280 0 15.7 9.3 10.5 3.5 2 0 3 2 2
6235.0 -5707.4 -16.5 260 0 16.8 115.2 17.5 0.0 0 1 5 3 3
6532.1 -5301.5 -14.6 23 0 17.5 29.1 17.5 3.5 2 1 5 5 5
6222.3 -5403.5 -15.3 291 0 30.7 16.2 14.0 3.5 2 0 4 2 2
5454.5 -6409.3 -17.8 145 0 10.8 21.1 17.5 3.5 2 1 5 1 1
6509.4 -5242.3 -14.3 293 0 15.4 39.2 17.5 3.5 2 1 5 2 2
6289.7 -5548.2 -15.4 358 0 27.0 8.5 10.5 3.5 2 0 3 0 0
6424.2 -5889.1 -16.0 89 0 78.4 13.2 14.0 3.5 2 0 4 5 5
6362.8 -5383.5 -15.0 279 0 16.7 10.5 17.5 0.0 0 0 5 1 1
6477.1 -5390.6 -14.8 278 0 15.4 12.4 17.5 0.0 0 0 5 0 0
6306.3 -5640.6 -16.1 354 0 19.0 33.2 14.0 0.0 0 1 4 1 1
5404.4 -6344.2 -17.2 6 0 21.9 10.8 17.5 3.5 2 0 5 5 5
6499.5 -5376.3 -14.8 276 0 15.4 14.4 17.5 3.5 2 0 5 3 3
6119.4 -5413.6 -15.5 201 0 16.5 58.6 14.0 3.5 2 1 4 2 2
5545.2 -6120.8 -16.1 89 0 20.5 22.0 17.5 3.5 2 1 5 0 0
6432.5 -5442.0 -14.9 98 0 8.9 23.5 10.5 3.5 4 1 3 1 1
6204.5 -5677.0 -16.2 85 0 16.7 43.7 14.0 3.5 2 1 4 2 2
6385.8 -5373.4 -14.9 279 0 14.0 11.6 17.5 0.0 0 0 5 4 4
6199.7 -5707.7 -16.6 266 0 14.8 40.2 17.5 3.5 2 1 5 0 0
6323.9 -5388.2 -15.0 187 0 7.2 17.4 10.5 3.5 4 1 3 3 3
6104.6 -5739.3 -16.7 269 0 11.9 19.8 17.5 3.5 2 1 5 1 1
6145.0 -5666.8 -16.0 128 0 14.4 69.8 14.0 3.5 2 1 4 0 0
6449.3 -5399.1 -14.8 278 0 17.7 13.8 17.5 3.5 2 0 5 0 0
6162.4 -5380.9 -15.4 291 0 66.3 16.0 14.0 3.5 2 0 4 4 4
6282.3 -5504.7 -15.3 354 0 32.7 14.8 14.0 3.5 4 0 4 5 5
6484.2 -5341.5 -14.6 101 0 12.3 14.4 17.5 3.5 2 1 5 3 3
5416.3 -6391.7 -17.8 326 0 42.7 11.5 17.5 3.5 2 0 5 5 5
6299.7 -5583.3 -15.6 350 0 41.9 11.6 14.0 3.5 2 0 4 4 4
6404.9 -5414.4 -14.9 280 0 14.0 9.7 10.5 3.5 2 0 3 1 1
6365.3 -5369.5 -14.9 280 0 16.1 10.0 10.5 3.5 2 0 3 2 2
5449.2 -6109.8 -16.5 298 0 12.7 11.9 14.0 3.5 2 0 4 0 0
6201.1 -5417.6 -15.3 291 0 11.0 19.5 14.0 3.5 2 1 4 1 1
6434.0 -5387.8 -14.8 272 0 10.8 21.1 17.5 3.5 2 1 5 1 1
6474.5 -5435.4 -14.8 275 0 20.0 8.7 10.5 3.5 2 0 3 3 3
6362.2 -5399.2 -15.0 280 0 18.4 10.1 17.5 3.5 2 0 5 0 0
6142.9 -5693.2 -16.4 275 0 71.5 17.9 17.5 3.5 2 0 5 5 5
6016.8 -5047.7 -14.1 145 0 8.7 22.2 10.5 3.5 2 1 3 4 4
5983.4 -5144.9 -15.3 196 0 19.6 14.3 14.0 3.5 2 0 4 2 2
5990.5 -5229.6 -15.4 233 0 16.3 30.2 14.0 3.5 2 1 4 5 5
6136.3 -4964.9 -12.2 332 0 5.7 21.6 10.5 3.5 2 1 3 0 0
6610.5 -5161.0 -15.0 201 0 9.5 20.3 10.5 3.5 2 1 3 0 0
6675.7 -5077.9 -16.9 292 0 7.0 24.0 10.5 0.0 0 1 3 2 2
6698.3 -4414.8 -10.9 250 0 9.1 16.7 10.5 0.0 0 1 3 5 5
6575.7 -5083.6 -14.4 91 0 12.5 39.8 17.5 3.5 2 1 5 1 1
6893.0 -4823.2 -14.4 309 0 8.0 23.7 10.5 0.0 0 1 3 5 5
6713.2 -5053.9 -17.7 19 0 9.5 44.8 10.5 3.5 2 1 3 4 4
6824.7 -4855.7 -14.9 115 0 8.3 21.5 10.5 3.5 2 1 3 0 0
6871.8 -4626.6 -12.9 99 0 10.6 13.2 17.5 3.5 4 1 5 1 1
6849.1 -4410.0 -12.2 347 0 21.0 12.5 14.0 0.0 0 0 4 3 3
6846.0 -4616.9 -12.5 108 0 14.1 26.0 17.5 0.0 0 1 5 1 1
6760.4 -4390.6 -12.1 256 0 5.8 23.8 10.5 0.0 0 1 3 2 2
6853.2 -4866.9 -14.7 127 0 7.5 14.4 10.5 0.0 0 1 3 4 4
6160.0 -4897.9 -10.5 359 0 7.3 15.9 10.5 3.5 2 1 3 5 5
6868.5 -4407.1 -12.2 342 0 18.8 13.1 14.0 0.0 0 0 4 2 2
6777.3 -4382.0 -12.1 254 0 8.5 24.5 10.5 0.0 0 1 3 3 3
6601.6 -5132.1 -14.8 108 0 9.7 33.2 10.5 0.0 0 1 3 5 5
6005.9 -5191.2 -15.3 194 0 19.5 14.1 14.0 0.0 0 0 4 1 1
6701.6 -5066.4 -17.4 22 0 16.8 36.0 17.5 0.0 0 1 5 0 0
6878.6 -4468.0 -12.5 196 0 20.0 20.8 17.5 0.0 0 1 5 5 5
6024.4 -5196.3 -15.3 192 0 13.8 19.9 14.0 0.0 0 1 4 3 3
6042.3 -5172.7 -15.2 109 0 8.9 24.6 10.5 3.5 2 1 3 2 2
6757.9 -4916.6 -17.1 2 0 8.1 38.7 10.5 3.5 2 1 3 5 5
6163.4 -4940.9 -12.3 2 0 75.1 10.4 14.0 3.5 2 0 4 1 1
6139.0 -4913.9 -9.2 330 0 6.2 11.4 10.5 3.5 2 1 3 2 2
6706.2 -4353.6 -10.2 47 0 11.8 7.5 10.5 3.5 4 0 3 0 0
6115.9 -4958.1 -12.0 333 0 17.1 10.0 10.5 3.5 2 0 3 3 3
6740.9 -4892.6 -16.8 273 0 35.8 16.2 17.5 0.0 0 0 5 5 5
5997.8 -5054.1 -14.4 182 0 10.2 17.6 14.0 3.5 2 1 4 3 3
6114.2 -5158.4 -15.2 12 0 67.7 16.5 14.0 3.5 2 0 4 4 4
6104.7 -5213.0 -15.2 11 0 29.3 16.5 14.0 3.5 2 0 4 2 2
6736.8 -4396.3 -12.1 253 0 13.0 25.9 14.0 3.5 2 1 4 4 4
5946.7 -4994.8 -6.5 277 0 12.1 35.7 14.0 3.5 2 1 4 5 5
6191.2 -5225.1 -15.0 182 0 37.0 11.5 17.5 3.5 2 0 5 3 3
6180.3 -5100.1 -13.4 181 0 14.0 20.8 17.5 0.0 0 1 5 1 1
6202.0 -5154.7 -14.5 359 0 17.8 19.8 17.5 0.0 0 1 5 4 4
6221.3 -5208.0 -15.0 268 0 8.2 29.2 10.5 0.0 0 1 3 1 1
6302.4 -5100.2 -13.6 103 0 9.3 34.5 10.5 0.0 0 1 3 4 4
6243.2 -4965.1 -12.7 183 0 24.4 22.2 17.5 0.0 0 0 5 2 2
6343.3 -5090.1 -13.8 13 0 55.7 19.1 17.5 3.5 2 0 5 2 2
6201.0 -5014.2 -12.7 181 0 9.7 20.5 10.5 3.5 2 1 3 5 5
6170.1 -5170.2 -15.0 191 0 13.8 7.9 10.5 3.5 2 0 3 3 3
6412.0 -5033.3 -13.7 228 0 10.5 38.8 17.5 0.0 0 1 5 2 2
6452.9 -5144.9 -14.5 318 0 15.7 21.7 17.5 0.0 0 1 5 4 4
6386.2 -4805.7 -12.1 267 0 13.7 22.5 17.5 0.0 0 1 5 4 4
6410.3 -5006.7 -13.3 43 0 17.1 26.2 17.5 0.0 0 1 5 1 1
6295.4 -4811.5 -11.3 320 0 16.6 31.7 14.0 0.0 0 1 4 0 0
6355.5 -4804.7 -12.0 270 0 17.6 16.8 17.5 0.0 0 0 5 4 4
6494.3 -4907.0 -14.4 114 0 34.6 17.2 17.5 0.0 0 0 5 1 1
6543.3 -4915.2 -15.9 202 0 13.7 36.8 17.5 0.0 0 1 5 3 3
6448.1 -4799.1 -14.4 263 0 16.6 25.4 17.5 0.0 0 1 5 2 2
6606.2 -4910.8 -15.8 274 0 14.2 16.4 17.5 0.0 0 1 5 2 2
6408.2 -4963.4 -13.0 24 0 13.5 28.2 17.5 0.0 0 1 5 4 4
6556.0 -4889.3 -15.7 277 0 18.9 12.1 17.5 0.0 0 0 5 2 2
6358.1 -5172.2 -13.4 207 0 3.7 9.2 10.5 3.5 4 1 3 3 3
6366.1 -5090.8 -13.7 194 0 15.1 9.6 10.5 3.5 2 0 3 0 0
6223.2 -4611.3 -6.8 78 0 15.6 22.2 17.5 3.5 4 1 5 5 5
6351.3 -4771.5 -11.3 84 0 39.6 14.3 17.5 3.5 4 0 5 4 4
6491.9 -4953.9 -13.4 220 0 23.0 9.9 10.5 3.5 2 0 3 3 3
6437.1 -4915.7 -12.8 15 0 9.9 38.3 10.5 0.0 0 1 3 5 5
6442.2 -4895.6 -12.7 18 0 8.7 38.0 10.5 0.0 0 1 3 1 1
6410.3 -5118.8 -14.1 303 0 11.2 7.3 10.5 3.5 2 0 3 0 0
6174.1 -4692.1 -4.4 146 0 24.3 7.3 10.5 0.0 0 0 3 4 4
6354.8 -5157.0 -13.3 214 0 11.9 6.8 10.5 3.5 2 0 3 2 2
6497.6 -5220.6 -14.3 325 0 10.7 32.0 17.5 0.0 0 1 5 4 4
6459.0 -4957.7 -13.2 38 0 33.8 7.2 10.5 3.5 2 0 3 1 1
5777.0 -4854.6 1.9 250 0 19.5 23.6 14.0 3.5 2 1 4 2 2
5734.6 -4871.2 0.0 250 0 19.5 23.6 14.0 3.5 2 1 4 5 5
5756.7 -4862.9 1.0 250 0 19.5 23.6 14.0 3.5 2 1 4 0 0
5896.6 -4658.5 -8.5 70 0 28.8 20.3 14.0 3.5 2 0 4 5 5
5800.7 -4848.2 3.2 250 0 19.5 23.5 14.0 3.5 4 1 4 4 4
6059.3 -4777.6 8.0 55 0 19.8 26.5 14.0 3.5 2 1 4 3 3
6570.2 -4522.6 -9.0 269 0 10.5 19.5 17.5 3.5 2 1 5 1 1
6760.8 -4616.5 -11.6 291 0 22.7 19.1 17.5 3.5 2 0 5 4 4
6082.6 -4649.2 -4.9 258 0 17.9 31.5 14.0 3.5 2 1 4 5 5
5869.8 -4809.8 12.7 161 0 14.7 17.9 14.0 0.0 0 1 4 3 3
6477.8 -4560.1 -8.7 118 0 21.8 18.0 17.5 0.0 0 0 5 4 4
5888.3 -4802.8 13.0 161 0 14.7 17.9 14.0 0.0 0 1 4 1 1
6121.8 -4677.4 -1.7 327 0 21.2 19.4 14.0 3.5 2 0 4 4 4
6500.6 -4530.1 -8.6 344 0 13.4 27.2 17.5 0.0 0 1 5 2 2
5916.8 -4813.9 10.8 71 0 13.9 24.7 14.0 0.0 0 1 4 2 2
5935.5 -4806.5 8.5 71 0 13.9 24.7 14.0 0.0 0 1 4 3 3
6593.7 -4568.0 -9.7 349 0 13.0 28.7 17.5 0.0 0 1 5 5 5
6105.1 -4773.4 2.5 77 0 20.5 21.8 14.0 0.0 0 1 4 2 2
5836.9 -4863.8 7.7 212 0 21.2 18.4 21.0 0.0 0 0 6 0 0
6794.3 -4647.9 -12.0 285 0 18.3 16.3 17.5 0.0 0 0 5 0 0
5980.4 -4820.8 10.8 58 0 10.5 32.7 14.0 0.0 0 1 4 4 4
6780.8 -4683.1 -12.3 285 0 5.7 41.0 10.5 0.0 0 1 3 5 5
6721.1 -4599.0 -11.0 288 0 8.7 27.0 10.5 3.5 2 1 3 0 0
6626.6 -4673.2 -11.4 202 0 11.4 17.5 17.5 3.5 2 1 5 0 0
6660.1 -4662.1 -11.5 198 0 10.6 15.8 17.5 3.5 2 1 5 1 1
6618.9 -4583.5 -10.1 303 0 12.3 10.5 17.5 3.5 2 0 5 1 1
6531.7 -4790.1 -15.0 261 0 18.4 27.6 14.0 3.5 2 1 4 0 0
5678.2 -4888.6 -2.7 247 0 16.2 24.2 14.0 3.5 4 1 4 1 1
6786.7 -4619.4 -11.9 282 0 18.0 15.4 17.5 3.5 2 0 5 0 0
5553.5 -4928.2 -8.4 81 0 13.9 23.0 14.0 3.5 2 1 4 3 3
5748.5 -4852.7 -3.0 70 0 13.5 22.9 14.0 3.5 4 1 4 1 1
5652.9 -4832.9 -10.0 144 0 11.4 27.5 14.0 0.0 0 1 4 0 0
5731.4 -4857.7 -3.9 70 0 13.5 22.9 14.0 3.5 2 1 4 0 0
5998.3 -4597.2 -8.3 316 0 11.0 19.2 14.0 0.0 0 1 4 4 4
5654.8 -4883.7 -7.0 70 0 14.6 18.5 14.0 0.0 0 1 4 5 5
5674.2 -4877.2 -6.1 70 0 14.6 18.5 24.5 0.0 0 1 7 3 3
5693.2 -4869.8 -5.2 70 0 14.6 18.5 14.0 0.0 0 1 4 5 5
5640.0 -4890.0 -7.8 70 0 12.6 18.5 14.0 0.0 0 1 4 3 3
5762.3 -4910.4 5.7 265 0 15.6 8.3 10.5 3.5 2 0 3 4 4
5549.7 -4829.9 -12.3 345 0 25.2 19.0 14.0 3.5 2 0 4 4 4
5946.7 -4891.7 17.4 83 0 6.6 8.1 10.5 3.5 2 1 3 5 5
5783.3 -4903.6 6.8 261 0 14.7 14.7 14.0 3.5 2 0 4 4 4
5693.0 -4922.2 1.5 264 0 14.4 13.9 14.0 3.5 2 0 4 2 2
5678.6 -4925.2 0.3 265 0 14.4 13.9 14.0 3.5 2 0 4 0 0
5655.3 -4928.6 -1.1 262 0 14.4 13.9 14.0 3.5 2 0 4 2 2
5537.1 -4615.1 -22.2 31 0 10.7 19.3 14.0 3.5 2 1 4 1 1
5846.7 -4635.3 -11.0 164 0 15.1 16.3 14.0 0.0 0 1 4 4 4
5694.2 -4754.2 -13.7 66 0 12.8 15.2 17.5 0.0 0 1 5 5 5
5693.7 -4652.3 -17.6 117 0 10.9 32.9 17.5 3.5 2 1 5 0 0
5678.7 -4716.4 -14.9 228 0 16.9 14.3 17.5 3.5 2 0 5 0 0
5542.0 -4518.1 -23.9 248 0 11.1 14.2 14.0 3.5 4 1 4 1 1
5402.4 -4834.5 -19.3 17 0 8.2 22.3 10.5 0.0 0 1 3 5 5
5510.7 -4510.6 -24.4 249 0 18.2 27.4 14.0 0.0 0 1 4 3 3
5667.5 -4704.5 -17.1 59 0 10.3 36.7 17.5 0.0 0 1 5 0 0
5838.2 -4664.3 -10.7 153 0 27.8 14.4 14.0 3.5 2 0 4 3 3
5848.3 -4717.4 -6.8 261 0 7.6 17.8 10.5 3.5 2 1 3 5 5
5852.0 -4573.5 -13.5 194 0 9.8 20.8 10.5 3.5 2 1 3 0 0
5665.9 -4781.0 -12.6 73 0 23.8 10.6 17.5 3.5 2 0 5 2 2
5562.1 -4558.1 -23.8 63 0 18.8 27.1 14.0 3.5 2 1 4 4 4
6210.8 -4137.3 -16.2 6 0 24.1 13.3 17.5 0.0 0 0 5 5 5
5647.0 -4340.5 -18.2 301 0 13.6 24.9 17.5 0.0 0 1 5 3 3
6066.9 -4347.4 -9.0 338 0 10.9 21.0 14.0 0.0 0 1 4 2 2
5855.1 -4288.7 -10.5 147 0 10.0 23.2 10.5 0.0 0 1 3 5 5
5400.6 -4141.7 -16.2 209 0 15.7 24.0 17.5 3.5 2 1 5 0 0
5411.7 -4118.4 -15.3 208 0 15.7 24.0 17.5 3.5 2 1 5 4 4
6036.2 -4254.0 -8.7 212 0 10.2 27.0 14.0 0.0 0 1 4 2 2
5387.0 -4164.4 -16.2 202 0 23.0 16.4 17.5 0.0 0 0 5 4 4
5427.2 -4084.7 -14.7 207 0 15.9 16.5 17.5 0.0 0 1 5 0 0
5464.0 -4074.4 -14.9 218 0 15.8 15.3 17.5 0.0 0 0 5 5 5
6177.3 -4173.6 -15.3 255 0 17.4 29.6 17.5 0.0 0 1 5 0 0
5448.1 -4054.4 -14.9 209 0 15.8 15.3 17.5 0.0 0 0 5 2 2
6382.5 -4587.2 -8.4 26 0 11.0 31.3 17.5 0.0 0 1 5 0 0
6413.2 -4309.9 -10.8 281 0 10.0 28.6 10.5 3.5 2 1 3 1 1
6343.7 -4327.0 -9.2 257 0 18.8 13.7 17.5 0.0 0 0 5 4 4
5991.8 -4239.2 -10.8 18 0 18.5 27.8 14.0 0.0 0 1 4 0 0
5395.3 -4247.7 -16.2 125 0 37.5 15.8 17.5 0.0 0 0 5 0 0
5364.1 -4086.4 -18.1 299 0 7.7 11.4 10.5 3.5 2 1 3 5 5
5885.0 -4263.4 -11.7 98 0 18.9 54.8 14.0 3.5 2 1 4 1 1
5575.5 -4365.2 -18.8 192 0 14.6 41.5 17.5 3.5 2 1 5 4 4
5421.3 -4411.1 -21.2 194 0 8.6 11.9 10.5 3.5 2 1 3 3 3
5927.6 -4202.7 -12.0 2 0 11.0 16.6 14.0 3.5 2 1 4 1 1
6192.0 -4110.6 -16.6 342 0 9.5 21.8 10.5 3.5 2 1 3 1 1
5778.7 -4095.2 -16.3 280 0 9.6 14.0 10.5 3.5 4 1 3 4 4
6183.2 -4095.5 -16.7 343 0 10.3 17.7 17.5 3.5 2 1 5 5 5
6337.3 -4312.0 -10.8 72 0 12.3 30.0 17.5 3.5 2 1 5 1 1
5785.5 -4471.6 -20.8 35 0 14.3 14.6 17.5 3.5 2 1 5 4 4
5876.4 -4176.2 -13.1 270 0 18.3 15.3 14.0 3.5 2 0 4 5 5
6921.4 -3967.9 -14.9 87 0 11.2 17.3 17.5 3.5 2 1 5 1 1
6414.1 -3929.4 -13.8 309 0 29.7 18.0 17.5 0.0 0 0 5 4 4
6784.9 -3898.9 -16.2 9 0 12.7 33.3 17.5 0.0 0 1 5 5 5
6378.7 -3792.3 -17.0 82 0 16.2 11.7 17.5 0.0 0 0 5 4 4
6451.7 -3732.3 -18.3 281 0 14.4 17.8 17.5 3.5 2 1 5 3 3
6918.2 -4119.4 -11.6 48 0 9.2 20.9 10.5 0.0 0 1 3 5 5
6502.4 -4295.5 -12.4 255 0 24.0 18.7 17.5 0.0 0 0 5 0 0
6786.1 -3558.9 -22.6 245 0 18.7 16.5 17.5 3.5 2 0 5 5 5
6474.1 -4088.0 -14.0 239 0 36.1 12.7 17.5 3.5 2 0 5 4 4
6393.5 -3771.6 -17.5 97 0 26.7 11.6 17.5 3.5 2 0 5 2 2
6881.1 -4141.1 -10.8 313 0 11.1 61.3 17.5 3.5 2 1 5 5 5
6295.5 -3763.0 -17.4 25 0 31.6 6.1 10.5 3.5 2 0 3 3 3
6473.7 -3800.3 -17.0 26 0 9.1 8.0 10.5 3.5 2 0 3 5 5
6694.1 -3827.6 -17.1 213 0 12.6 43.5 17.5 3.5 2 1 5 5 5
6683.2 -3940.8 -14.9 99 0 35.5 17.0 17.5 3.5 2 0 5 3 3
6851.4 -3424.5 -25.3 194 0 15.3 31.8 17.5 3.5 4 1 5 0 0
6800.9 -3711.9 -19.8 166 0 16.7 48.9 17.5 3.5 2 1 5 1 1
6711.3 -4860.5 -15.3 281 0 6.8 15.8 10.5 0.0 0 1 3 1 1
6595.1 -3704.7 -19.4 275 0 14.2 24.1 12.5 0.0 0 1 5 4 4
6771.6 -4455.3 -11.0 72 0 8.8 22.7 10.5 0.0 0 1 3 3 3
5922.3 -4466.5 -17.2 55 0 13.1 13.8 17.5 3.5 2 1 5 4 4
5947.8 -4430.2 -15.3 175 0 7.2 8.8 10.5 3.5 2 1 3 2 2
5480.5 -2641.7 -14.4 64 0 8.3 12.6 10.5 3.5 2 1 3 5 5
5966.4 -4367.4 -12.0 86 0 8.8 9.4 10.5 0.0 0 1 3 1 1
5679.8 -2960.5 -22.6 344 0 46.0 47.1 14.0 0.0 0 1 4 4 4
5551.9 -2701.9 -16.2 331 0 9.4 17.3 10.5 3.5 4 1 3 4 4
6448.3 -4382.2 -9.3 93 0 15.6 19.3 17.5 3.5 2 1 5 3 3
6852.2 -3495.2 -24.2 102 0 55.3 14.7 17.5 3.5 2 0 5 2 2
6608.1 -3118.5 -24.3 172 0 19.0 23.5 14.0 3.5 2 1 4 2 2
5204.0 -5215.5 -23.6 35 0 56.6 14.7 7.5 2.5 2 0 3 4 4
6643.5 -5132.3 -15.1 300 0 9.4 27.0 10.5 3.5 2 1 3 2 2
6494.8 -3232.6 -26.2 181 0 6.5 9.8 10.5 3.5 2 1 3 2 2
6330.3 -3660.4 -19.8 22 0 22.9 13.3 17.5 3.5 2 0 5 3 3
5942.4 -4419.5 -15.0 182 0 8.6 10.5 10.5 3.5 2 1 3 5 5
5258.6 -2675.9 -14.7 91 0 17.1 11.0 14.0 3.5 2 0 4 3 3
5401.1 -2702.9 -15.2 90 0 13.1 25.7 14.0 3.5 2 1 4 5 5
6127.0 -3681.4 -18.5 281 0 5.6 9.5 10.5 3.5 2 1 3 2 2
5939.3 -4409.9 -14.7 182 0 7.7 13.1 10.5 3.5 2 1 3 4 4
5370.1 -2694.4 -14.9 85 0 14.6 19.5 14.0 3.5 2 1 4 1 1
5748.0 -2664.0 -20.8 74 0 20.5 43.0 14.0 0.0 0 1 4 4 4
6584.8 -3636.7 -21.1 108 0 8.0 10.5 10.5 3.5 2 1 3 4 4
6800.1 -3681.2 -20.9 121 0 15.8 39.6 17.5 0.0 0 1 5 1 1
6886.7 -3693.1 -19.8 310 0 10.8 7.3 10.5 3.5 2 0 3 3 3
5631.6 -2827.3 -19.4 346 0 24.2 11.2 14.0 3.5 2 0 4 4 4
5388.3 -2700.8 -15.1 92 0 12.4 25.5 14.0 3.5 2 1 4 5 5
5795.1 -4099.0 -16.3 288 0 8.3 13.2 10.5 3.5 2 1 3 2 2
5766.4 -5804.5 -15.7 128 0 7.6 13.9 10.5 3.5 2 1 3 2 2
5812.8 -5773.4 -15.7 128 0 19.0 19.0 17.5 0.0 0 1 5 3 3
5803.8 -5830.9 -15.8 128 0 26.7 13.7 17.5 3.5 4 0 5 3 3
5568.5 -5522.0 -15.6 299 0 8.8 26.9 10.5 3.5 2 1 3 3 3
6109.7 -5968.7 -15.6 358 0 9.0 23.6 10.5 3.5 2 1 3 0 0
5997.4 -5695.7 -16.3 21 0 16.5 56.7 14.0 3.5 2 1 4 5 5
5936.6 -5611.4 -16.1 110 0 13.1 28.2 17.5 3.5 2 1 5 0 0
5509.9 -5487.0 -16.0 240 0 17.3 12.5 17.5 3.5 2 0 5 2 2
6331.4 -5614.9 -16.0 186 0 42.0 12.5 17.5 3.5 2 0 5 4 4
6556.0 -5828.1 -15.8 84 0 13.8 15.8 17.5 3.5 2 1 5 0 0
5963.3 -5256.0 -15.5 212 0 15.7 49.5 14.0 3.5 2 1 4 4 4
6042.3 -5470.4 -15.8 283 0 14.1 95.1 17.5 3.5 2 1 5 1 1
5906.9 -5450.7 -15.8 269 0 41.3 14.2 17.5 3.5 2 0 5 2 2
5513.5 -5378.9 -14.6 96 0 13.0 15.4 14.0 0.0 0 1 4 0 0
6074.8 -5873.2 -16.7 20 0 21.2 13.1 17.5 3.5 2 0 5 2 2
5550.5 -5306.5 -13.0 177 0 12.4 19.4 17.5 3.5 2 1 5 1 1
5608.9 -5648.9 -17.4 53 0 24.1 9.0 10.5 3.5 2 0 3 1 1
6046.0 -5251.3 -15.4 83 0 21.6 11.1 14.0 3.5 4 0 4 2 2
6019.1 -5963.1 -15.9 181 0 15.5 13.8 17.5 3.5 2 0 5 0 0
5789.3 -5717.2 -15.5 42 0 19.9 29.1 17.5 3.5 2 1 5 5 5
5559.3 -5514.8 -15.8 299 0 8.5 36.6 10.5 3.5 2 1 3 2 2
6108.6 -5991.2 -15.5 1 0 14.6 17.4 17.5 3.5 2 1 5 4 4
5947.2 -5585.1 -16.1 110 0 13.3 33.2 17.5 3.5 2 1 5 4 4
5668.3 -5661.0 -15.7 267 0 14.4 18.2 17.5 3.5 4 1 5 4 4
5865.1 -5460.2 -15.3 264 0 18.2 34.1 17.5 0.0 0 1 5 4 4
5665.0 -5607.2 -16.2 11 0 9.0 28.1 10.5 3.5 2 1 3 4 4
6162.7 -5342.3 -15.3 93 0 15.9 77.1 17.5 3.5 4 1 5 1 1
6029.9 -5846.0 -16.9 203 0 21.2 13.1 17.5 3.5 2 0 5 0 0
5870.5 -5661.5 -16.0 286 0 20.3 11.3 14.0 3.5 2 0 4 0 0
5956.4 -5479.7 -15.9 229 0 12.3 75.4 17.5 3.5 2 1 5 3 3
5977.5 -5790.7 -16.8 16 0 18.4 9.0 10.5 0.0 0 0 3 2 2
5695.2 -5698.6 -16.4 17 0 44.2 11.5 17.5 3.5 2 0 5 1 1
5953.5 -5635.6 -16.2 109 0 39.3 13.3 17.5 3.5 2 0 5 1 1
6079.5 -5253.2 -15.3 353 0 20.6 12.7 14.0 3.5 2 0 4 2 2
5686.7 -5942.1 -17.1 193 0 13.6 22.6 14.0 3.5 2 1 4 2 2
5980.2 -5769.5 -16.7 36 0 15.4 21.5 14.0 3.5 2 1 4 4 4
5649.1 -5688.7 -16.2 174 0 14.5 18.1 17.5 3.5 2 1 5 1 1
5832.7 -5548.5 -15.5 180 0 18.9 45.7 17.5 3.5 2 1 5 1 1
5839.9 -5746.0 -15.7 309 0 26.4 9.4 10.5 3.5 2 0 3 2 2
5527.1 -5544.1 -16.1 117 0 7.7 42.1 10.5 3.5 2 1 3 2 2
6523.2 -5655.5 -16.4 88 0 29.9 36.0 17.5 0.0 0 1 5 0 0
6000.5 -5459.6 -15.8 282 0 47.4 16.2 17.5 3.5 2 0 5 4 4
6188.7 -5485.4 -15.5 289 0 22.3 14.3 14.0 0.0 0 0 4 3 3
6067.7 -5895.1 -16.5 19 0 21.2 13.1 17.5 3.5 4 0 5 4 4
5991.9 -5647.0 -16.1 109 0 17.0 76.3 17.5 3.5 2 1 5 1 1
6059.6 -5967.3 -15.7 181 0 10.9 16.9 17.5 3.5 2 1 5 5 5
5536.8 -5502.0 -15.9 297 0 8.9 26.1 10.5 3.5 2 1 3 0 0
6198.9 -5519.7 -15.5 19 0 25.8 14.2 14.0 3.5 2 0 4 5 5
5696.9 -5800.9 -17.6 310 0 19.0 15.0 17.5 3.5 2 0 5 2 2
5508.8 -5254.6 -12.1 177 0 16.8 26.2 14.0 0.0 0 1 4 3 3
5824.4 -6011.2 -16.4 281 0 23.7 14.8 17.5 3.5 2 0 5 1 1
5871.1 -5768.9 -16.5 307 0 40.0 11.4 17.5 3.5 2 0 5 3 3
6080.9 -5857.1 -16.9 36 0 13.2 40.9 17.5 3.5 2 1 5 5 5
5584.6 -5658.8 -18.0 261 0 10.8 23.8 17.5 3.5 2 1 5 5 5
5797.0 -5778.7 -15.4 308 0 18.8 14.7 17.5 3.5 2 0 5 4 4
6020.5 -5870.4 -16.7 197 0 21.2 13.1 17.5 0.0 0 0 5 0 0
5991.6 -5725.4 -16.3 10 0 18.3 14.3 14.0 3.5 2 0 4 4 4
6201.8 -5467.2 -15.4 289 0 13.3 19.5 14.0 3.5 2 1 4 5 5
5753.1 -5900.3 -16.2 253 0 46.1 20.2 14.0 3.5 2 0 4 2 2
5643.8 -5646.0 -16.4 263 0 13.2 20.2 17.5 3.5 2 1 5 0 0
6047.8 -5991.9 -15.6 181 0 15.4 35.1 17.5 3.5 2 1 5 5 5
5798.9 -5722.7 -15.4 218 0 11.5 26.3 17.5 3.5 2 1 5 4 4
5630.1 -5677.1 -16.7 171 0 18.2 14.4 17.5 0.0 0 0 5 3 3
5680.3 -5645.4 -15.3 270 0 12.2 18.2 17.5 3.5 4 1 5 0 0
6013.0 -5896.3 -16.6 192 0 21.2 13.1 17.5 0.0 0 0 5 0 0
6354.8 -5627.7 -16.1 186 0 16.2 36.6 17.5 3.5 2 1 5 2 2
5576.6 -5585.2 -16.6 192 0 13.7 34.8 17.5 3.5 4 1 5 2 2
5539.9 -5279.9 -12.2 177 0 17.7 21.5 17.5 3.5 2 1 5 3 3
5634.0 -5705.4 -16.8 171 0 18.2 14.4 17.5 3.5 2 0 5 3 3
5923.9 -5659.7 -16.3 291 0 37.4 10.4 14.0 3.5 2 0 4 0 0
5885.8 -5559.1 -16.0 173 0 17.8 33.5 17.5 3.5 4 1 5 1 1
6058.0 -5917.6 -16.3 20 0 21.2 13.1 17.5 3.5 2 0 5 5 5
5843.1 -5852.6 -16.4 38 0 15.2 23.4 17.5 3.5 2 1 5 5 5
5574.0 -5693.3 -18.3 171 0 18.4 11.1 17.5 3.5 2 0 5 4 4
6017.5 -5942.9 -16.2 118 0 21.4 13.3 17.5 3.5 2 0 5 0 0
5922.1 -5735.5 -16.4 126 0 61.2 14.7 14.0 3.5 2 0 4 5 5
6200.6 -5445.0 -15.4 289 0 12.3 17.7 14.0 3.5 2 1 4 5 5
5901.5 -5747.9 -16.4 132 0 20.7 15.8 14.0 3.5 4 0 4 3 3
5715.3 -5896.8 -17.1 313 0 22.0 23.7 14.0 3.5 2 1 4 0 0
5821.8 -5425.5 -14.8 278 0 36.9 14.6 17.5 3.5 2 0 5 2 2
6460.4 -5800.7 -16.7 7 0 19.0 97.7 14.0 0.0 0 1 4 4 4
5780.1 -5760.5 -15.9 308 0 14.7 21.9 17.5 3.5 2 1 5 0 0
5708.3 -5877.2 -17.2 128 0 40.8 13.8 17.5 3.5 2 0 5 2 2
5823.1 -5795.4 -15.8 299 0 16.8 18.4 17.5 3.5 2 1 5 4 4
6068.8 -5685.4 -16.6 259 0 15.0 79.0 17.5 3.5 4 1 5 4 4
6082.6 -5684.9 -16.1 183 0 10.6 16.2 17.5 3.5 2 1 5 1 1
6159.8 -5556.3 -15.6 196 0 7.7 19.2 10.5 3.5 2 1 3 2 2
6342.9 -5437.7 -15.1 107 0 16.2 25.8 17.5 3.5 2 1 5 4 4
6338.1 -5539.5 -15.3 186 0 19.0 30.0 17.5 3.5 2 1 5 5 5
5691.6 -5819.4 -17.4 220 0 14.6 39.4 17.5 0.0 0 1 5 1 1
5866.9 -5715.8 -16.2 131 0 21.8 20.0 14.0 3.5 2 0 4 1 1
5747.5 -5580.7 -14.3 28 0 17.5 17.4 14.0 3.5 2 0 4 0 0
5510.3 -5318.3 -14.9 356 0 14.6 22.4 14.0 3.5 2 1 4 5 5
5341.3 -6010.1 -19.8 15 0 16.7 92.8 14.0 3.5 2 1 4 5 5
5729.4 -5259.5 -15.0 275 0 14.6 56.1 14.0 3.5 2 1 4 3 3
5646.7 -5264.7 -13.8 8 0 48.8 20.7 17.5 0.0 0 0 5 3 3
4962.0 -6249.8 -19.3 228 0 14.8 27.8 17.5 3.5 2 1 5 4 4
4981.3 -6227.7 -19.2 228 0 14.8 27.8 17.5 3.5 4 1 5 4 4
5127.9 -6453.5 -18.0 6 0 16.6 35.0 14.0 3.5 2 1 4 4 4
4979.6 -5869.3 -19.7 106 0 15.6 11.3 14.0 3.5 4 0 4 0 0
4900.5 -6329.1 -19.6 180 0 20.3 15.9 17.5 3.5 2 0 5 1 1
4884.4 -5744.6 -17.3 48 0 9.4 21.9 7.5 2.5 2 1 3 3 3
5370.5 -6048.3 -19.2 282 0 12.8 14.7 14.0 3.5 2 1 4 2 2
4446.4 -5716.8 -11.1 103 0 9.1 11.3 10.5 3.5 2 1 3 3 3
5301.5 -5973.9 -20.1 110 0 11.8 12.0 17.5 0.0 0 1 5 1 1
4969.1 -6021.8 -20.5 236 0 65.1 16.1 17.5 3.5 4 0 5 1 1
5306.8 -6083.8 -18.7 96 0 37.8 15.7 14.0 3.5 2 0 4 2 2
5655.5 -5468.2 -15.8 184 0 41.2 13.0 17.5 3.5 2 0 5 0 0
5151.8 -5641.7 -18.1 24 0 9.8 22.8 10.5 3.5 4 1 3 3 3
5338.6 -5984.1 -20.5 102 0 14.1 11.5 17.5 3.5 2 0 5 4 4
5261.5 -6049.8 -19.1 171 0 59.4 14.6 14.0 0.0 0 0 4 5 5
4982.2 -6181.8 -19.5 316 0 14.3 42.2 17.5 3.5 2 1 5 0 0
4934.6 -6084.1 -19.7 227 0 17.2 56.7 17.5 3.5 2 1 5 4 4
5341.0 -6028.6 -19.4 281 0 17.3 45.7 14.0 3.5 2 1 4 3 3
4966.6 -6225.5 -19.4 136 0 14.6 38.7 17.5 3.5 2 1 5 2 2
4522.5 -5756.9 -12.7 356 0 13.8 26.2 14.0 3.5 2 1 4 0 0
5395.5 -6171.7 -16.9 75 0 22.6 26.0 14.0 3.5 2 1 4 3 3
5658.1 -5362.4 -15.2 181 0 32.7 15.9 14.0 3.5 2 0 4 4 4
4459.1 -4731.8 -20.5 274 0 9.5 11.2 10.5 3.5 2 1 3 3 3
5357.9 -2606.7 -14.5 266 0 16.4 9.0 10.5 3.5 2 0 3 5 5
5586.3 -3696.6 -17.4 271 0 9.9 15.2 10.5 3.5 2 1 3 1 1
4424.6 -4517.2 -23.8 17 0 23.6 29.9 7.5 0.0 0 1 3 1 1
5747.4 -4089.4 -16.3 272 0 10.1 7.0 10.5 3.5 4 0 3 3 3
6071.8 -4427.2 -11.4 75 0 7.9 9.0 10.5 3.5 4 1 3 4 4
4432.1 -4752.9 -20.5 103 0 10.2 16.1 14.0 3.5 2 1 4 1 1
5615.0 -2791.5 -18.5 329 0 14.3 13.8 14.0 0.0 0 0 4 3 3
6075.0 -4593.4 -5.9 2 0 7.4 11.5 10.5 0.0 0 1 3 3 3
4470.1 -4742.2 -20.5 97 0 11.1 9.4 10.5 3.5 2 0 3 5 5
6722.6 -2926.0 -21.2 277 0 32.8 22.2 14.0 0.0 0 0 4 4 4
6055.1 -4579.8 -7.7 91 0 7.3 15.9 10.5 3.5 2 1 3 1 1
6073.4 -4409.3 -10.9 86 0 7.6 8.8 10.5 3.5 2 1 3 4 4
6778.2 -2674.0 -12.1 202 0 16.2 26.7 14.0 3.5 2 1 4 4 4
5940.9 -4508.4 -14.5 178 0 8.4 17.0 10.5 3.5 2 1 3 5 5
5321.6 -2619.2 -14.5 272 0 7.7 11.8 10.5 3.5 2 1 3 4 4
6498.0 -3206.3 -25.7 181 0 6.1 7.6 10.5 3.5 4 1 3 1 1
6673.0 -3074.9 -23.9 353 0 11.7 26.7 14.0 3.5 4 1 4 1 1
5316.1 -2670.9 -14.6 85 0 14.4 14.2 14.0 3.5 2 0 4 0 0
5454.8 -2664.1 -14.7 79 0 16.4 12.8 14.0 3.5 2 0 4 2 2
6018.9 -4409.0 -12.5 60 0 7.7 10.3 10.5 3.5 2 1 3 3 3
5984.4 -4447.7 -14.8 276 0 9.4 10.9 10.5 3.5 2 1 3 2 2
5763.8 -4088.2 -16.4 281 0 8.4 11.9 10.5 3.5 2 1 3 5 5
6506.8 -3214.0 -25.7 184 0 7.0 7.1 10.5 3.5 2 1 3 4 4
5646.7 -3764.0 -17.2 93 0 9.6 8.6 10.5 3.5 2 0 3 0 0
5736.7 -4127.3 -16.0 90 0 7.1 13.1 10.5 3.5 2 1 3 0 0
4516.5 -4711.1 -21.1 284 0 15.6 10.5 14.0 3.5 2 0 4 5 5
6502.8 -4796.9 -14.9 353 0 9.7 43.4 10.5 3.5 4 1 3 3 3
5741.7 -4583.8 -18.5 319 0 23.0 20.1 17.5 0.0 0 0 5 3 3
5378.2 -4193.0 -15.9 202 0 23.0 16.4 17.5 0.0 0 0 5 2 2
6041.6 -5083.1 -15.1 237 0 16.5 51.8 14.0 3.5 2 1 4 2 2
6818.9 -4196.6 -10.4 193 0 25.5 8.2 10.5 3.5 2 0 3 1 1
5879.2 -4424.4 -16.9 102 0 8.7 14.9 10.5 3.5 2 1 3 2 2
6879.0 2565.6 4.2 290 0 20.4 93.4 10.5 0.0 0 1 3 2 2
-559.8 -448.2 -9.5 190 0 20.4 149.6 10.0 0.0 0 1 4 4 4
-5961.7 -3039.2 0.7 180 0 103.7 179.3 10.0 0.0 0 1 4 5 5
5494.1 3390.4 -12.9 68 0 59.2 52.1 14.0 0.0 0 0 4 0 0
-5281.2 -2733.1 -3.3 258 0 178.5 59.2 10.0 0.0 0 0 4 2 2
-5860.2 -2854.3 -5.0 180 0 162.5 273.4 10.0 0.0 0 1 4 1 1
