-1068.6 -4075.3 -17.4 99 0 12.7 12.3 7.5 2.5 2 0 3 0 0
-1069.9 -4092.7 -19.8 278 0 12.6 11.4 7.5 2.5 2 0 3 4 4
-1035.7 -4093.7 -19.5 276 0 14.6 11.7 7.5 2.5 2 0 3 2 2
-1068.7 -4005.3 -12.9 185 0 9.5 11.1 5.0 0.0 0 1 2 3 3
-1051.4 -4076.5 -18.3 98 0 13.5 11.8 7.5 2.5 2 0 3 0 0
-1070.5 -4018.9 -13.3 190 0 9.3 11.6 5.0 2.5 2 1 2 0 0
3150.2 2133.0 5.2 102 0 14.3 15.7 5.0 2.5 2 1 2 2 2
-6015.4 5873.6 12.9 72 0 8.2 8.8 4.0 2.5 2 1 1 2 2
-1319.0 -3993.8 -6.8 72 0 33.6 68.9 12.5 0.0 0 1 5 1 1
-3067.5 6550.3 5.3 343 0 51.7 8.6 10.5 3.5 2 0 3 0 0
-2968.0 6497.9 2.1 255 0 23.4 39.1 17.5 0.0 0 1 5 1 1
-3331.6 5527.4 13.1 157 0 16.4 7.4 7.5 2.5 2 0 3 4 4
-3301.3 5480.2 12.8 177 0 8.3 10.2 7.5 2.5 2 1 3 0 0
-3324.3 5471.1 13.4 346 0 16.8 8.2 7.5 2.5 2 0 3 0 0
