-4065.7 -2288.6 -4.2 244 0 11.5 33.7 7.5 2.5 2 1 3 4 4
-4041.3 -2277.7 -3.6 253 0 12.1 35.7 12.5 2.5 2 1 5 4 4
-4033.3 -2375.8 -3.9 50 0 11.2 54.1 10.0 2.5 2 1 4 2 2
-4076.5 -2526.7 -2.9 184 0 31.8 37.4 10.0 0.0 0 1 4 5 5
-3785.2 -2337.9 3.2 352 0 33.4 12.3 7.5 0.0 0 0 3 4 4
-4123.5 -2292.6 -6.1 231 0 11.6 64.2 10.0 2.5 2 1 4 3 3
-4013.4 -2306.1 -3.2 71 0 10.0 34.8 12.5 2.5 2 1 5 4 4
-4105.9 -2280.8 -5.6 226 0 9.5 58.9 7.5 2.5 2 1 3 3 3
-3807.7 -2356.0 2.6 83 0 12.9 41.2 10.0 2.5 2 1 4 2 2
-4004.8 -2345.0 -2.3 345 0 57.0 10.2 12.5 2.5 2 0 5 1 1
1100.0 -4720.8 8.7 4 0 28.1 24.3 10.0 0.0 0 0 4 1 1
1037.9 -4662.2 6.2 205 0 24.3 37.5 10.0 0.0 0 1 4 4 4
1477.5 -4106.7 5.1 186 0 78.7 112.0 10.0 0.0 0 1 4 3 3
1879.3 -1953.1 8.1 190 0 37.9 99.0 10.0 0.0 0 1 4 0 0
-6201.5 -5570.3 -16.0 265 0 14.4 18.7 10.0 2.5 2 1 4 0 0
-6186.7 -5569.2 -16.0 264 0 13.1 16.1 5.0 2.5 4 1 2 0 0
-3923.0 -5037.8 -12.6 189 0 13.8 13.0 7.5 2.5 2 0 3 1 1
