3624.2 3036.5 -87.7 178 0 9.7 73.5 7.5 2.5 2 1 3 4 4
-1930.7 -1705.6 -110.3 181 0 8.2 11.5 7.5 2.5 2 1 3 5 5
-2208.0 -586.3 -108.9 287 0 10.6 11.5 7.5 2.5 2 1 3 2 2
-2247.2 -558.9 -106.6 103 0 10.5 10.1 5.0 2.5 2 0 2 3 3
-2234.2 -570.2 -107.6 105 0 18.4 11.3 7.5 2.5 2 0 3 3 3
-2238.3 -589.3 -107.4 290 0 10.7 9.3 2.5 0.0 0 0 1 3 3
-2250.6 -576.1 -106.8 291 0 17.9 9.1 5.0 2.5 2 0 2 1 1
-2294.4 -610.3 -105.0 102 0 10.6 13.7 7.5 2.5 2 1 3 3 3
-2286.2 -579.7 -105.0 282 0 11.9 14.3 2.5 2.5 2 1 1 4 4
-2311.0 -557.6 -103.4 286 0 8.6 6.8 7.5 2.5 2 0 3 1 1
-1857.9 -1686.4 -112.7 267 0 9.5 10.9 5.0 2.5 2 1 2 3 3
-1902.6 -1736.2 -111.3 175 0 10.9 16.8 5.0 2.5 2 1 2 1 1
-1918.0 -1669.0 -110.9 271 0 15.4 11.9 15.0 0.0 0 0 6 4 4
-1964.6 -1608.7 -110.2 18 0 27.7 9.3 7.5 2.5 2 0 3 4 4
-2061.0 -1646.1 -106.7 283 0 10.7 32.8 7.5 2.5 2 1 3 5 5
-1989.5 -1660.9 -108.4 9 0 11.3 62.2 12.5 2.5 2 1 5 1 1
-1997.7 -1690.0 -108.3 13 0 12.8 61.3 17.5 2.5 2 1 7 0 0
-1979.0 -1661.7 -110.0 188 0 8.8 42.4 7.5 2.5 2 1 3 2 2
2816.4 963.9 -81.5 280 0 15.4 8.5 5.0 0.0 0 0 2 3 3
2114.4 826.7 -96.9 179 0 4.8 6.6 7.5 2.5 2 1 3 2 2
2107.5 777.4 -93.3 180 0 15.1 6.8 7.5 2.5 2 0 3 4 4
2132.2 749.9 -89.8 89 0 6.8 15.2 2.5 2.5 2 1 1 2 2
2148.5 771.9 -89.8 0 0 11.3 4.1 7.5 2.5 2 0 3 0 0
2130.3 783.3 -91.8 180 0 9.2 5.1 7.5 2.5 2 0 3 2 2
2153.7 783.6 -90.6 0 0 8.5 7.1 7.5 2.5 2 0 3 5 5
2145.1 783.9 -91.3 0 0 9.4 7.9 7.5 2.5 2 0 3 2 2
2159.2 834.7 -97.6 3 0 9.3 39.6 7.5 2.5 2 1 3 4 4
2135.8 467.7 -81.9 175 0 16.4 14.2 2.5 2.5 2 0 1 4 4
2699.6 970.6 -82.2 277 0 7.5 6.0 7.5 2.5 2 0 3 5 5
2778.8 967.2 -81.9 279 0 20.6 8.8 7.5 2.5 2 0 3 3 3
2829.3 913.5 -78.3 8 0 9.5 31.8 7.5 2.5 2 1 3 1 1
2939.8 947.2 -80.5 287 0 12.2 12.9 5.0 2.5 4 1 2 3 3
2958.2 901.5 -78.8 22 0 9.0 13.5 7.5 0.0 0 1 3 4 4
2944.3 856.2 -76.1 200 0 7.1 14.4 5.0 2.5 2 0 2 3 3
2971.3 913.1 -79.8 211 0 7.7 7.1 5.0 2.5 2 0 2 2 2
2963.6 895.5 -78.7 207 0 9.9 23.2 7.5 2.5 2 1 3 2 2
2952.5 876.0 -77.4 205 0 10.7 21.4 10.0 2.5 2 1 4 4 4
5053.3 -2710.8 110.1 289 0 14.9 4.2 5.0 2.5 2 0 2 4 4
5024.8 -2715.6 110.3 199 0 10.0 36.8 7.5 2.5 4 1 3 3 3
-6910.7 5728.1 5.3 161 0 21.1 11.0 7.5 2.5 2 0 3 3 3
-6681.8 -5866.5 -62.3 318 0 24.9 16.5 12.5 2.5 2 0 5 2 2
-6657.7 -5898.8 -64.5 298 0 13.4 20.0 12.5 2.5 2 1 5 1 1
3383.8 3877.2 -102.0 274 0 13.9 7.2 5.0 2.5 2 0 2 5 5
2857.5 2587.9 -108.6 93 0 10.0 75.9 10.0 2.5 2 1 4 1 1
2819.1 2569.8 -109.6 97 0 9.9 98.6 7.5 2.5 4 1 3 4 4
4454.2 2041.1 -70.6 81 0 30.7 12.6 10.0 2.5 2 0 4 3 3
4425.2 2024.3 -67.3 261 0 9.8 41.1 7.5 2.5 2 1 3 1 1
4445.6 2030.3 -68.4 260 0 10.9 42.4 17.5 0.0 0 1 7 3 3
4448.2 1969.7 -65.6 75 0 34.8 11.8 12.5 2.5 2 0 5 0 0
3599.8 4369.7 -82.9 11 0 31.4 8.8 7.5 2.5 2 0 3 2 2
-2646.6 -6368.5 -102.5 279 0 17.0 22.2 10.0 0.0 0 1 4 5 5
-2600.2 -6373.9 -95.5 1 0 18.6 8.5 5.0 0.0 0 0 2 3 3
-2619.3 -6410.3 -100.1 3 0 37.6 11.0 10.0 0.0 0 0 4 5 5
-2654.0 -6506.5 -107.0 341 0 12.5 11.2 7.5 2.5 2 0 3 3 3
-2710.2 -6522.8 -113.8 97 0 6.5 8.2 2.5 2.5 2 1 1 3 3
-2696.5 -6400.8 -108.9 12 0 12.7 7.0 5.0 2.5 4 0 2 5 5
-2683.1 -6415.1 -107.8 15 0 12.3 9.5 2.5 2.5 2 0 1 5 5
-2679.5 -6401.7 -107.0 11 0 10.6 10.1 7.5 2.5 2 0 3 1 1
-2721.7 -6409.3 -112.1 8 0 5.8 6.9 5.0 2.5 2 1 2 3 3
-2740.7 -6405.5 -113.6 189 0 6.4 7.1 5.0 2.5 4 1 2 0 0
-2754.5 -6357.2 -114.3 191 0 15.6 13.8 7.5 2.5 4 0 3 1 1
-2729.6 -6243.8 -108.1 285 0 8.4 22.6 5.0 2.5 2 1 2 4 4
-2740.2 -6274.7 -109.4 193 0 15.8 6.6 7.5 2.5 2 0 3 4 4
-2722.9 -6140.0 -105.1 110 0 4.8 6.7 7.5 2.5 2 1 3 2 2
-2729.3 -6138.7 -105.4 113 0 4.5 9.4 5.0 0.0 0 1 2 0 0
-2743.0 -6111.4 -106.8 293 0 4.7 6.6 7.5 2.5 2 1 3 3 3
-2751.5 -6154.7 -106.5 115 0 10.1 5.7 2.5 2.5 2 0 1 0 0
-2741.8 -6162.2 -105.6 115 0 5.0 8.6 2.5 2.5 2 1 1 4 4
-2734.3 -6164.0 -105.2 111 0 7.1 9.3 5.0 0.0 0 1 2 3 3
-2728.2 -6155.3 -105.1 113 0 6.4 9.2 7.5 2.5 2 1 3 0 0
-2735.2 -6152.9 -105.5 113 0 5.1 10.0 7.5 2.5 2 1 3 5 5
-2744.0 -6149.8 -106.0 114 0 5.5 7.8 5.0 2.5 2 1 2 1 1
-2765.4 -6133.7 -107.4 203 0 8.0 14.4 7.5 2.5 2 1 3 3 3
-2654.7 -6028.5 -108.2 27 0 7.7 13.7 2.5 2.5 2 1 1 5 5
-2668.6 -6032.3 -108.3 20 0 9.8 9.4 7.5 2.5 2 0 3 1 1
-2681.5 -6031.4 -108.7 108 0 4.6 8.8 5.0 0.0 0 1 2 0 0
-2695.2 -6022.1 -109.6 196 0 9.3 11.8 7.5 2.5 2 1 3 3 3
-2678.0 -6181.0 -102.0 131 0 14.6 116.5 7.5 0.0 0 1 3 2 2
-2703.5 -6170.0 -103.7 127 0 16.0 61.0 10.0 0.0 0 1 4 2 2
-2613.8 -6082.4 -102.3 322 0 16.1 59.3 10.0 0.0 0 1 4 4 4
-2637.2 -6188.7 -99.7 104 0 9.3 23.1 7.5 2.5 2 1 3 5 5
-2657.7 -6204.0 -100.2 284 0 8.1 25.7 7.5 2.5 2 1 3 3 3
-2641.2 -6208.3 -99.2 282 0 9.0 25.7 2.5 0.0 0 1 1 5 5
-2612.2 -6307.0 -93.3 104 0 7.8 11.0 5.0 2.5 4 1 2 0 0
-2619.3 -6263.1 -94.9 14 0 34.9 8.4 7.5 2.5 2 0 3 2 2
-2615.9 -6222.4 -95.6 282 0 9.3 12.9 2.5 2.5 2 1 1 5 5
-2652.0 -6252.6 -99.0 282 0 7.0 12.6 5.0 2.5 2 1 2 4 4
-2661.0 -6297.9 -100.9 101 0 7.1 26.6 7.5 2.5 2 1 3 3 3
-2675.0 -6285.8 -102.4 100 0 7.5 17.9 5.0 0.0 0 1 2 2 2
-2703.7 -6312.1 -106.7 102 0 7.2 15.0 2.5 2.5 4 1 1 5 5
-2704.1 -6329.2 -107.9 10 0 13.1 6.6 5.0 2.5 2 0 2 5 5
-2683.8 -6212.5 -101.5 279 0 6.4 12.4 5.0 2.5 2 1 2 3 3
-2744.6 -6308.6 -111.5 101 0 5.8 15.4 7.5 2.5 2 1 3 4 4
-2757.6 -6172.1 -106.7 287 0 6.9 9.5 5.0 2.5 2 1 2 0 0
-2754.8 -6194.3 -107.5 284 0 9.1 14.6 5.0 2.5 2 1 2 4 4
-2766.1 -6223.7 -108.6 192 0 14.4 8.4 5.0 2.5 2 0 2 0 0
-2784.3 -6247.2 -111.4 192 0 14.1 7.0 5.0 2.5 2 0 2 1 1
-2789.7 -6270.4 -113.3 195 0 14.5 7.2 7.5 2.5 2 0 3 5 5
-2797.4 -6319.6 -116.6 103 0 7.3 37.9 7.5 2.5 2 1 3 5 5
-2369.8 -4590.7 -111.4 2 0 12.6 12.6 5.0 2.5 4 0 2 2 2
-2388.3 -4588.9 -110.9 273 0 8.6 8.3 5.0 2.5 2 0 2 1 1
-2501.2 -4469.1 -107.9 267 0 10.7 13.1 5.0 2.5 2 1 2 5 5
-2479.3 -4514.6 -108.3 11 0 8.5 6.7 7.5 2.5 2 0 3 0 0
-2476.3 -4601.8 -108.8 7 0 19.8 16.0 15.0 0.0 0 0 6 3 3
-2518.8 -4620.6 -108.6 188 0 22.8 18.0 10.0 2.5 2 0 4 0 0
