4578.8 1618.2 -1.5 205 0 31.8 34.3 7.5 2.5 2 1 3 1 1
1710.3 -5458.9 -66.9 286 0 13.9 6.7 7.5 2.5 2 0 3 1 1
1716.9 -5432.0 -62.2 99 0 13.8 7.8 7.5 2.5 2 0 3 4 4
1728.2 -5430.5 -63.3 195 0 6.5 13.9 5.0 2.5 2 1 2 3 3
1729.4 -5448.9 -65.8 195 0 14.2 7.8 2.5 0.0 0 0 1 0 0
2615.9 4899.3 -0.1 8 0 136.8 125.9 12.5 0.0 0 0 5 0 0
1748.5 5187.0 20.1 248 0 150.9 201.0 12.5 0.0 0 1 5 0 0
3696.7 2777.7 -14.7 116 0 102.2 139.4 7.5 0.0 0 1 3 1 1
3419.8 3104.8 -13.4 40 0 21.0 35.2 10.0 0.0 0 1 4 5 5
-3337.8 6026.7 59.4 26 0 14.9 16.8 12.5 2.5 2 1 5 1 1
-3354.6 6069.9 59.7 203 0 40.2 21.0 10.0 0.0 0 0 4 5 5
-3348.0 6098.8 60.5 201 0 11.3 23.8 7.5 2.5 2 1 3 3 3
