-5492.7 -721.4 -45.2 284 0 9.4 11.0 7.5 2.5 2 1 3 4 4
-5483.4 -808.9 -44.6 11 0 102.3 12.3 10.0 2.5 2 0 4 2 2
-3242.5 -6492.4 -94.3 5 0 7.0 11.2 10.5 3.5 2 1 3 1 1
-3279.0 -6346.7 -93.7 264 0 29.0 25.3 14.0 0.0 0 0 4 0 0
4412.2 2719.7 -70.4 10 0 48.9 10.8 7.5 2.5 2 0 3 2 2
4667.5 3824.3 -68.3 281 0 10.4 10.6 2.5 0.0 0 1 1 1 1
5737.3 3304.2 -80.2 7 0 17.4 11.3 5.0 2.5 2 0 2 4 4
5715.0 3331.8 -79.9 278 0 9.6 7.4 7.5 2.5 2 0 3 0 0
4877.5 5899.7 -84.0 284 0 9.2 6.9 2.5 2.5 2 0 1 0 0
4757.0 3972.2 -69.1 17 0 15.9 5.0 7.5 2.5 2 0 3 5 5
4721.6 3866.1 -68.7 23 0 6.9 9.1 5.0 2.5 2 1 2 4 4
-6360.5 3438.4 -96.3 286 0 7.2 7.0 5.0 2.5 2 0 2 3 3
-6318.0 3442.3 -96.2 105 0 5.7 7.4 7.5 0.0 0 1 3 3 3
-6335.5 3427.7 -96.2 285 0 7.5 11.8 5.0 2.5 2 1 2 5 5
-6220.9 3423.2 -95.8 104 0 9.5 7.1 2.5 2.5 2 0 1 3 3
-6229.5 3413.5 -95.8 284 0 20.7 4.4 5.0 2.5 2 0 2 0 0
-6273.2 3417.8 -96.0 283 0 11.7 10.6 7.5 2.5 2 0 3 1 1
-5397.6 3230.5 -92.7 100 0 7.1 15.7 7.5 2.5 2 1 3 5 5
-5406.6 3197.6 -92.6 279 0 5.8 6.9 7.5 2.5 2 1 3 1 1
-5436.6 3262.7 -92.8 281 0 4.1 14.2 7.5 0.0 0 1 3 1 1
-5426.1 3224.9 -92.7 103 0 8.9 10.1 2.5 2.5 2 1 1 2 2
-5650.9 3245.2 -93.5 101 0 11.3 10.3 10.0 2.5 4 0 4 2 2
-5884.5 3329.7 -94.5 101 0 12.5 9.2 7.5 2.5 2 0 3 5 5
-5902.3 3329.7 -94.6 105 0 18.6 3.9 2.5 2.5 4 0 1 3 3
-5918.8 3323.3 -94.6 284 0 4.1 11.7 7.5 2.5 4 1 3 3 3
-5936.4 3316.6 -94.6 281 0 9.4 9.5 5.0 2.5 2 1 2 1 1
-6005.0 3344.3 -94.9 282 0 6.2 14.3 2.5 0.0 0 1 1 3 3
-6142.2 3402.1 -95.5 102 0 7.8 12.4 7.5 2.5 2 1 3 1 1
-5141.2 3556.6 -93.2 285 0 7.2 14.0 5.0 2.5 2 1 2 4 4
-5029.4 3339.9 -94.7 194 0 9.6 6.7 5.0 2.5 2 0 2 1 1
-4991.3 3434.0 -95.3 197 0 7.5 12.0 5.0 2.5 2 1 2 2 2
-5051.0 3189.8 -99.6 192 0 12.4 7.3 7.5 2.5 4 0 3 5 5
-4981.9 3183.7 -103.0 282 0 22.8 6.6 7.5 2.5 2 0 3 5 5
-4989.0 3222.5 -100.8 197 0 5.9 8.1 7.5 2.5 2 1 3 1 1
-4974.6 3229.3 -101.2 287 0 5.7 17.4 2.5 2.5 2 1 1 3 3
-4962.1 3294.4 -97.1 13 0 3.6 18.6 2.5 2.5 2 1 1 1 1
-4925.8 3265.8 -100.6 109 0 4.1 9.1 5.0 2.5 2 1 2 3 3
-5144.4 3188.2 -95.3 5 0 11.0 3.7 5.0 2.5 2 0 2 1 1
-5199.2 3198.5 -92.2 271 0 8.0 10.9 2.5 2.5 2 1 1 0 0
-5210.7 3196.2 -92.2 195 0 7.5 4.5 7.5 2.5 4 0 3 2 2
-5204.3 3213.1 -92.2 276 0 6.6 11.0 2.5 2.5 4 1 1 2 2
-5196.3 3237.7 -92.1 281 0 10.0 22.6 7.5 2.5 2 1 3 1 1
-5214.0 3220.0 -92.1 286 0 6.4 9.2 7.5 2.5 2 1 3 4 4
6887.5 456.4 -76.5 298 0 6.4 10.6 7.5 0.0 0 1 3 3 3
-277.5 2484.8 -107.5 191 0 11.3 20.7 2.5 2.5 2 1 1 1 1
-112.5 2367.7 -111.3 93 0 4.7 22.2 2.5 0.0 0 1 1 2 2
-532.3 2559.0 -103.9 191 0 10.2 9.3 5.0 0.0 0 0 2 4 4
-507.6 2518.7 -104.1 102 0 10.5 27.8 7.5 0.0 0 1 3 5 5
-488.2 2508.2 -104.3 102 0 7.0 13.5 2.5 2.5 2 1 1 5 5
-497.5 2513.6 -104.2 102 0 8.2 26.9 5.0 2.5 2 1 2 3 3
-459.7 2364.2 -104.5 182 0 104.8 11.9 7.5 0.0 0 0 3 0 0
-395.1 2457.7 -105.4 278 0 3.9 12.3 7.5 2.5 2 1 3 0 0
-414.3 2397.8 -105.2 97 0 15.8 34.7 7.5 2.5 2 1 3 3 3
-221.9 2406.0 -108.7 281 0 8.1 50.1 7.5 2.5 2 1 3 1 1
-251.2 2448.6 -107.8 103 0 10.4 31.5 7.5 2.5 2 1 3 2 2
3272.6 5661.4 -100.9 173 0 5.5 7.4 5.0 2.5 2 1 2 5 5
3349.2 5678.3 -101.1 4 0 7.1 8.9 5.0 2.5 4 1 2 3 3
3278.9 5719.1 -102.4 281 0 17.2 12.1 5.0 2.5 2 0 2 5 5
3232.4 5693.5 -102.2 111 0 5.7 10.0 7.5 2.5 4 1 3 1 1
3354.3 5370.4 -93.0 9 0 8.5 12.9 5.0 2.5 2 1 2 5 5
3332.4 5063.7 -85.8 279 0 4.4 9.4 5.0 0.0 0 1 2 3 3
3324.4 5064.9 -85.9 281 0 10.9 9.2 7.5 2.5 2 0 3 5 5
3267.0 5030.1 -85.6 96 0 9.8 13.1 2.5 2.5 2 1 1 3 3
3147.6 5253.5 -91.0 109 0 5.8 11.0 2.5 2.5 2 1 1 5 5
3107.5 5180.7 -89.3 183 0 8.8 12.8 5.0 0.0 0 1 2 4 4
3104.3 5277.0 -91.7 112 0 10.9 7.0 7.5 2.5 2 0 3 2 2
3074.3 5294.8 -92.3 112 0 6.5 6.9 7.5 2.5 2 1 3 0 0
3054.4 5301.7 -92.6 108 0 10.3 5.7 5.0 2.5 2 0 2 0 0
3039.1 5306.2 -92.7 110 0 7.8 4.8 7.5 2.5 2 0 3 4 4
2426.5 5162.8 -99.3 103 0 10.7 5.8 2.5 2.5 2 0 1 0 0
2428.4 5197.1 -99.7 187 0 6.3 6.8 7.5 2.5 2 1 3 0 0
2421.7 5182.8 -99.7 194 0 5.8 9.2 5.0 0.0 0 1 2 2 2
2466.6 5197.1 -98.7 19 0 5.6 8.8 7.5 2.5 2 1 3 1 1
2464.9 5305.0 -101.2 95 0 18.2 10.2 2.5 0.0 0 0 1 3 3
2532.2 5276.5 -98.1 94 0 10.7 10.6 7.5 2.5 2 0 3 2 2
2621.4 5186.9 -92.9 182 0 6.6 10.5 7.5 2.5 2 1 3 4 4
2697.8 5135.8 -90.9 101 0 14.5 18.8 10.0 2.5 2 1 4 5 5
2648.9 5086.4 -92.3 184 0 9.5 9.1 7.5 2.5 2 0 3 4 4
2683.6 5074.3 -92.2 279 0 7.7 13.8 5.0 2.5 2 1 2 5 5
2818.9 5362.9 -95.3 101 0 13.9 9.2 7.5 2.5 4 0 3 5 5
2837.8 5339.6 -94.4 282 0 8.0 6.7 5.0 2.5 2 0 2 0 0
2897.0 5293.6 -92.9 289 0 4.1 8.7 7.5 2.5 2 1 3 0 0
2882.6 5291.3 -93.0 17 0 5.5 7.7 5.0 2.5 2 1 2 2 2
2860.0 5263.4 -92.4 5 0 9.3 11.4 5.0 2.5 2 1 2 4 4
2837.0 5250.4 -92.5 93 0 16.8 18.7 7.5 2.5 2 1 3 4 4
2804.4 5260.6 -92.7 86 0 4.1 9.5 5.0 2.5 2 1 2 3 3
2788.7 5305.4 -93.8 181 0 7.3 9.0 5.0 2.5 2 1 2 2 2
2786.5 5342.5 -94.7 269 0 8.4 8.3 7.5 2.5 2 0 3 3 3
2804.4 5322.9 -94.1 270 0 6.7 13.1 5.0 2.5 2 1 2 5 5
2787.6 5151.4 -89.9 3 0 8.4 9.1 7.5 2.5 4 1 3 2 2
2723.8 5152.1 -90.3 91 0 10.5 7.2 5.0 2.5 2 0 2 1 1
2661.6 5217.1 -92.2 274 0 7.4 7.0 5.0 2.5 2 0 2 4 4
-854.4 1909.3 -100.1 187 0 7.5 12.3 5.0 2.5 2 1 2 0 0
-920.7 1936.2 -99.1 279 0 11.2 15.0 2.5 2.5 4 1 1 4 4
-884.4 1957.4 -99.2 97 0 7.7 7.8 7.5 2.5 2 1 3 1 1
-844.5 1981.3 -99.5 9 0 6.8 14.8 7.5 2.5 2 1 3 2 2
-839.1 2014.9 -99.3 360 0 6.0 11.9 7.5 0.0 0 1 3 1 1
-873.9 2008.7 -99.0 271 0 6.9 7.9 5.0 2.5 2 1 2 4 4
-896.8 1994.5 -98.9 273 0 12.3 7.5 7.5 2.5 2 0 3 3 3
-914.5 2010.8 -98.6 271 0 18.4 8.3 7.5 0.0 0 0 3 2 2
-891.3 2080.1 -98.2 3 0 7.8 10.9 7.5 2.5 4 1 3 3 3
-874.7 2066.5 -98.6 185 0 22.5 9.1 7.5 2.5 2 0 3 1 1
-869.4 2100.6 -98.5 186 0 43.6 9.1 7.5 2.5 2 0 3 0 0
-813.6 2057.1 -99.3 91 0 6.6 20.9 5.0 2.5 2 1 2 2 2
-810.4 2051.9 -99.3 1 0 5.9 48.9 7.5 2.5 2 1 3 5 5
-854.6 1930.0 -100.1 190 0 5.7 25.8 7.5 2.5 4 1 3 4 4
-853.3 1922.1 -100.1 189 0 5.7 18.2 5.0 2.5 2 1 2 3 3
-823.7 1884.3 -100.5 100 0 9.9 6.3 7.5 2.5 2 0 3 1 1
-821.1 1898.3 -100.4 96 0 10.4 9.1 7.5 2.5 2 0 3 2 2
-829.3 1963.9 -100.0 189 0 6.4 16.4 2.5 2.5 2 1 1 0 0
-836.0 1979.5 -99.7 190 0 6.2 11.8 2.5 2.5 2 1 1 2 2
-823.2 1977.8 -99.9 191 0 6.0 12.6 7.5 0.0 0 1 3 0 0
-790.6 2035.6 -99.8 182 0 4.5 9.8 2.5 2.5 2 1 1 1 1
-792.1 2006.1 -100.0 278 0 13.8 11.2 5.0 2.5 2 0 2 3 3
-788.1 1987.0 -100.1 2 0 7.7 10.2 7.5 0.0 0 1 3 2 2
-792.7 1971.6 -100.2 4 0 9.3 12.2 2.5 2.5 2 1 1 5 5
-3563.9 -2211.6 -74.6 270 0 6.0 8.5 5.0 2.5 2 1 2 2 2
-3606.1 -2203.9 -73.7 93 0 8.6 12.7 2.5 2.5 2 1 1 3 3
-3620.5 -2204.4 -73.5 93 0 14.2 13.1 7.5 2.5 4 0 3 2 2
-3660.6 -2199.8 -73.1 175 0 4.1 30.1 2.5 2.5 4 1 1 2 2
-3777.7 -2282.8 -69.8 182 0 3.7 10.3 5.0 2.5 2 1 2 4 4
-3748.9 -2272.0 -70.4 273 0 12.4 9.9 5.0 0.0 0 0 2 2 2
-3762.7 -2256.6 -70.1 271 0 8.8 7.9 7.5 2.5 4 0 3 4 4
-4271.4 4279.9 -97.1 281 0 6.9 9.3 7.5 0.0 0 1 3 2 2
-4263.7 4251.4 -97.1 278 0 9.9 12.5 5.0 2.5 2 1 2 3 3
-4236.7 4344.8 -98.3 270 0 7.6 10.4 2.5 2.5 2 1 1 1 1
-4252.5 4347.5 -98.2 270 0 12.0 21.7 7.5 2.5 2 1 3 2 2
-4185.3 4129.8 -99.7 4 0 9.4 5.3 7.5 2.5 2 0 3 5 5
-4187.4 4118.6 -100.2 5 0 9.9 13.8 7.5 2.5 2 1 3 3 3
-4143.7 4134.5 -101.4 100 0 12.9 10.5 2.5 2.5 2 0 1 1 1
-4146.5 4208.9 -96.9 5 0 4.5 11.5 7.5 0.0 0 1 3 4 4
-4159.4 4208.8 -96.8 5 0 5.4 13.1 7.5 2.5 2 1 3 5 5
-4149.5 4186.8 -98.1 6 0 8.4 7.3 7.5 2.5 2 0 3 5 5
-4098.0 4227.4 -98.0 269 0 10.5 13.0 5.0 2.5 2 1 2 3 3
-4061.7 4221.3 -98.5 7 0 12.1 11.7 10.0 2.5 4 0 4 0 0
-4186.0 4513.0 -102.4 183 0 11.8 17.6 5.0 2.5 2 1 2 1 1
-4150.5 4510.1 -102.6 6 0 12.3 15.9 7.5 2.5 2 1 3 1 1
-4153.8 4453.7 -101.4 360 0 9.0 6.7 7.5 2.5 2 0 3 0 0
-3808.7 4823.3 -103.0 295 0 9.4 23.4 5.0 2.5 2 1 2 1 1
-3562.7 4870.9 -100.0 284 0 9.2 7.1 5.0 2.5 4 0 2 1 1
-3314.6 4998.5 -104.1 201 0 8.6 11.9 5.0 0.0 0 1 2 0 0
-3296.8 5015.6 -104.4 193 0 8.5 11.9 5.0 0.0 0 1 2 3 3
-3264.8 5059.3 -105.0 102 0 6.8 8.4 2.5 2.5 2 1 1 2 2
-3152.6 5040.9 -106.3 283 0 9.8 15.9 2.5 2.5 2 1 1 1 1
-3063.3 5097.5 -107.7 13 0 5.1 6.6 5.0 2.5 2 1 2 5 5
-3032.1 5118.4 -108.3 100 0 5.5 7.6 7.5 2.5 2 1 3 3 3
-2909.2 6174.8 -106.1 14 0 6.3 7.9 2.5 2.5 2 1 1 3 3
-2928.7 6141.3 -106.2 103 0 9.8 19.9 5.0 2.5 2 1 2 0 0
-2883.4 6317.4 -105.4 101 0 11.2 11.8 5.0 2.5 2 1 2 3 3
-2863.9 6318.1 -105.5 107 0 12.6 9.9 5.0 2.5 2 0 2 0 0
-2831.1 6310.1 -105.8 105 0 19.9 9.8 2.5 0.0 0 0 1 3 3
-2809.6 6297.4 -105.9 106 0 11.5 63.9 10.0 2.5 2 1 4 2 2
-3621.6 3322.2 -104.4 197 0 9.6 27.2 7.5 2.5 2 1 3 5 5
-3607.5 1444.6 -71.0 13 0 9.7 7.4 5.0 2.5 2 0 2 4 4
-3552.6 1843.0 -78.5 13 0 5.8 8.9 7.5 2.5 2 1 3 3 3
-2312.6 2969.3 -95.4 13 0 65.7 8.5 7.5 2.5 2 0 3 3 3
-2333.0 2883.0 -93.2 14 0 51.8 8.0 7.5 2.5 2 0 3 3 3
-2351.2 2827.3 -91.8 106 0 10.2 26.5 7.5 2.5 2 1 3 0 0
-2086.2 2773.2 -92.5 101 0 20.1 38.7 7.5 0.0 0 1 3 5 5
6775.4 -148.5 -71.3 101 0 11.5 74.5 7.5 2.5 2 1 3 1 1
6584.2 -318.1 -72.1 106 0 8.1 9.5 5.0 2.5 4 1 2 0 0
5496.7 -7.6 -86.6 90 0 4.1 8.2 5.0 2.5 2 1 2 2 2
5055.2 -2359.0 -71.0 262 0 16.4 10.6 7.5 2.5 2 0 3 0 0
5285.2 -1738.4 -76.8 183 0 7.6 7.6 5.0 2.5 2 0 2 1 1
5307.5 -1545.2 -78.4 186 0 7.1 14.7 7.5 2.5 2 1 3 2 2
5292.3 -1657.1 -77.3 180 0 10.3 11.4 2.5 2.5 2 1 1 1 1
5279.2 -1671.6 -77.1 6 0 24.4 10.3 10.0 2.5 2 0 4 1 1
5461.4 -6.2 -86.1 180 0 10.1 8.0 5.0 2.5 2 0 2 5 5
5588.8 -3912.0 -74.2 181 0 15.6 14.9 7.5 0.0 0 0 3 4 4
5430.0 -3890.4 -70.4 270 0 8.7 10.3 2.5 2.5 2 1 1 2 2
5398.1 -3848.3 -69.2 91 0 8.4 8.1 2.5 2.5 2 0 1 4 4
5407.7 -3835.0 -69.3 91 0 7.3 7.8 7.5 2.5 2 1 3 5 5
5421.2 -3821.0 -69.6 271 0 9.6 7.0 2.5 2.5 2 0 1 4 4
5435.5 -3881.3 -70.4 92 0 12.2 9.2 5.0 2.5 2 0 2 1 1
5453.8 -3837.7 -70.3 1 0 12.5 10.9 7.5 2.5 2 0 3 4 4
5405.3 -3879.6 -69.8 182 0 6.8 6.9 5.0 2.5 2 1 2 0 0
5805.1 -3928.5 -71.7 267 0 8.9 12.6 7.5 2.5 2 1 3 4 4
4751.7 -2883.1 -60.9 92 0 12.6 7.0 5.0 2.5 2 0 2 4 4
4455.3 -3351.1 -51.4 181 0 4.7 11.0 5.0 2.5 2 1 2 1 1
4844.5 -3306.2 -59.5 76 0 9.8 11.0 2.5 0.0 0 1 1 3 3
4232.0 -3094.4 -55.6 358 0 12.1 25.3 7.5 2.5 2 1 3 0 0
4721.3 -2897.4 -60.1 95 0 4.3 12.1 5.0 2.5 2 1 2 1 1
4107.6 -2705.4 -61.6 95 0 6.5 9.1 5.0 2.5 2 1 2 3 3
4818.4 -3277.8 -59.3 181 0 16.4 9.1 2.5 0.0 0 0 1 5 5
4438.2 -2554.0 -60.2 181 0 7.7 17.8 7.5 2.5 2 1 3 0 0
4712.1 -2896.4 -60.0 95 0 12.7 11.8 7.5 0.0 0 0 3 2 2
4827.0 -2729.6 -63.6 185 0 13.5 7.3 5.0 2.5 2 0 2 0 0
4267.1 -2729.9 -59.9 99 0 18.2 12.3 7.5 2.5 2 0 3 2 2
4324.8 -2728.0 -59.3 95 0 12.4 10.8 2.5 2.5 2 0 1 5 5
4883.1 -2754.2 -64.5 95 0 12.0 6.4 7.5 2.5 2 0 3 5 5
4486.2 -3384.6 -51.7 89 0 11.3 6.1 7.5 2.5 2 0 3 0 0
4892.0 -2760.4 -64.6 273 0 9.3 6.4 5.0 2.5 2 0 2 3 3
4770.0 -2787.5 -62.0 181 0 9.4 8.0 7.5 2.5 2 0 3 2 2
4845.2 -2612.1 -65.0 183 0 8.3 15.5 7.5 2.5 2 1 3 4 4
4438.6 -2573.0 -60.0 181 0 15.7 21.1 12.5 2.5 2 1 5 0 0
4737.5 -2897.1 -60.5 97 0 10.6 11.4 7.5 2.5 2 1 3 2 2
5059.9 -2578.0 -69.4 180 0 9.0 4.1 7.5 2.5 2 0 3 1 1
4844.2 -2577.2 -65.0 185 0 10.4 4.5 7.5 2.5 4 0 3 0 0
4747.5 -3253.5 -58.0 89 0 14.2 8.7 7.5 0.0 0 0 3 0 0
4801.8 -2791.0 -62.4 6 0 6.8 6.4 5.0 0.0 0 0 2 3 3
4833.7 -2748.5 -63.6 96 0 12.5 8.4 5.0 2.5 2 0 2 5 5
4710.6 -3338.9 -56.6 91 0 3.7 14.7 2.5 2.5 4 1 1 5 5
4586.8 -2333.6 -61.6 272 0 10.9 8.6 7.5 2.5 2 0 3 3 3
4556.3 -2326.3 -61.9 271 0 12.3 6.1 7.5 2.5 2 0 3 3 3
4503.5 -2302.0 -62.9 90 0 10.3 8.0 5.0 2.5 2 0 2 5 5
4482.3 -2327.1 -62.7 271 0 20.1 9.3 2.5 2.5 2 0 1 2 2
4460.9 -2353.8 -62.5 182 0 7.2 7.9 2.5 2.5 2 1 1 4 4
4438.8 -2420.5 -61.9 179 0 10.8 8.5 7.5 2.5 2 0 3 5 5
4438.6 -2454.1 -61.5 181 0 5.6 6.6 5.0 2.5 4 1 2 0 0
4444.7 -2297.3 -63.5 92 0 10.0 8.7 7.5 0.0 0 0 3 2 2
4443.8 -2332.8 -63.1 3 0 12.6 4.4 2.5 2.5 2 0 1 0 0
4438.7 -2335.0 -63.2 6 0 8.6 13.6 5.0 2.5 2 1 2 5 5
4406.9 -2331.5 -63.4 274 0 7.3 11.2 5.0 2.5 4 1 2 4 4
4399.7 -2294.7 -63.6 91 0 10.5 7.6 5.0 2.5 2 0 2 3 3
4364.6 -2362.9 -63.4 93 0 5.6 9.4 5.0 2.5 2 1 2 2 2
4275.5 -2296.9 -62.3 98 0 9.6 6.0 5.0 2.5 2 0 2 5 5
4213.6 -2288.1 -61.6 91 0 6.9 4.8 5.0 2.5 2 0 2 5 5
3012.7 -5928.6 -24.3 14 0 8.6 25.9 2.5 2.5 2 1 1 4 4
6713.0 -3761.6 -60.6 273 0 13.3 30.7 7.5 2.5 2 1 3 1 1
6686.3 -3767.2 -60.9 275 0 13.0 25.9 7.5 2.5 2 1 3 1 1
6088.9 -3966.8 -67.9 290 0 11.4 29.7 10.0 2.5 2 1 4 0 0
5762.2 -3857.6 -70.8 92 0 5.8 7.8 7.5 2.5 4 1 3 5 5
5868.3 -3836.1 -70.3 273 0 11.4 41.5 7.5 2.5 2 1 3 2 2
5884.6 -3766.2 -69.3 93 0 10.4 14.3 2.5 2.5 2 1 1 2 2
-1728.6 -6311.4 -62.7 15 0 10.7 16.0 14.0 3.5 2 1 4 0 0
-1619.4 -6434.5 -61.0 287 0 12.7 75.6 10.5 3.5 2 1 3 5 5
3427.2 2662.6 -70.3 289 0 9.5 9.2 5.0 0.0 0 0 2 0 0
3442.6 2654.9 -70.2 287 0 9.8 8.4 2.5 2.5 2 0 1 4 4
3413.2 2612.3 -69.8 102 0 7.7 8.4 5.0 2.5 2 1 2 4 4
3337.1 2691.4 -70.6 193 0 12.8 12.0 2.5 0.0 0 0 1 3 3
3392.9 2679.5 -70.4 288 0 7.6 7.1 5.0 2.5 2 0 2 0 0
3354.3 2638.8 -69.9 196 0 5.0 15.0 2.5 2.5 4 1 1 3 3
3138.0 2383.1 -73.6 102 0 7.9 9.2 5.0 2.5 2 1 2 2 2
3164.6 2385.8 -73.2 107 0 8.3 8.9 5.0 2.5 2 1 2 1 1
3163.8 2517.7 -72.7 96 0 8.1 9.8 2.5 2.5 2 1 1 1 1
3111.8 2502.1 -73.6 96 0 11.0 8.3 5.0 2.5 2 0 2 3 3
3054.9 2539.4 -74.4 182 0 8.4 9.3 5.0 2.5 2 1 2 0 0
3070.4 2544.8 -74.2 271 0 9.8 10.9 5.0 2.5 2 1 2 0 0
3052.3 2483.5 -74.7 98 0 11.2 35.9 5.0 2.5 2 1 2 1 1
-5722.4 -6237.0 -31.3 101 0 8.1 12.2 5.0 2.5 2 1 2 1 1
-5890.2 -6231.0 -24.3 2 0 11.3 17.8 2.5 2.5 2 1 1 3 3
-5922.7 -6239.0 -23.3 105 0 12.3 10.3 5.0 2.5 2 0 2 3 3
-5981.8 -6289.6 -22.2 271 0 13.2 9.3 5.0 2.5 2 0 2 2 2
-6047.7 -6279.7 -19.4 272 0 9.0 12.8 7.5 2.5 2 1 3 5 5
-6057.0 -6279.4 -19.0 269 0 6.2 13.0 5.0 2.5 2 1 2 5 5
-6062.1 -6278.5 -18.7 272 0 3.6 13.1 5.0 2.5 2 1 2 1 1
-6121.2 -6260.4 -16.0 272 0 7.4 12.6 7.5 2.5 2 1 3 0 0
-6129.1 -6259.3 -15.7 273 0 6.9 13.3 7.5 2.5 2 1 3 2 2
-6143.3 -6259.7 -15.3 273 0 12.1 13.0 7.5 2.5 2 1 3 3 3
-6154.5 -6246.2 -14.3 99 0 9.6 9.6 7.5 2.5 2 0 3 3 3
-6170.3 -6258.6 -14.2 273 0 13.2 13.7 2.5 2.5 2 1 1 5 5
-6212.0 -6236.8 -12.1 275 0 14.6 9.5 5.0 2.5 2 0 2 2 2
-6264.7 -6220.2 -9.4 289 0 6.2 5.4 7.5 2.5 2 0 3 5 5
-6381.4 -6242.1 -5.3 98 0 11.4 34.9 15.0 0.0 0 1 6 4 4
6334.6 4963.8 -79.3 12 0 6.9 10.6 5.0 2.5 2 1 2 1 1
6689.2 4982.7 -86.8 327 0 10.9 28.4 15.0 0.0 0 1 6 2 2
6734.0 4898.9 -86.3 322 0 9.2 3.7 5.0 2.5 2 0 2 5 5
6726.3 4915.5 -86.5 322 0 13.9 27.6 10.0 2.5 2 1 4 0 0
6748.3 4834.7 -86.0 55 0 13.9 7.7 2.5 2.5 4 0 1 2 2
6781.1 4861.9 -85.5 323 0 10.6 10.0 5.0 2.5 2 0 2 4 4
6775.8 4875.7 -85.6 323 0 10.9 10.9 2.5 2.5 2 0 1 1 1
6401.3 4913.1 -80.1 73 0 24.8 7.2 2.5 2.5 2 0 1 3 3
6358.5 4965.7 -79.7 169 0 22.4 10.3 7.5 2.5 2 0 3 3 3
6217.7 4809.5 -77.6 275 0 9.7 73.4 7.5 2.5 2 1 3 3 3
6239.1 4764.7 -77.9 5 0 79.8 10.6 7.5 2.5 2 0 3 3 3
6337.5 4766.4 -78.8 112 0 20.8 9.9 5.0 0.0 0 0 2 2 2
6342.4 4841.8 -79.1 75 0 32.4 11.4 15.0 0.0 0 0 6 4 4
6572.2 4814.1 -81.7 69 0 6.8 12.8 7.5 2.5 2 1 3 4 4
6583.0 4787.5 -81.9 154 0 21.4 12.2 7.5 2.5 2 0 3 3 3
6630.9 4782.8 -82.3 330 0 10.4 33.4 10.0 2.5 2 1 4 0 0
6624.8 4718.3 -82.2 229 0 7.1 7.7 2.5 2.5 2 1 1 3 3
6668.5 4675.3 -83.2 234 0 14.5 10.5 5.0 2.5 2 0 2 2 2
6705.3 4698.7 -84.5 237 0 12.0 7.6 7.5 2.5 2 0 3 4 4
6702.8 4664.8 -83.7 59 0 14.0 8.7 7.5 2.5 2 0 3 1 1
6685.3 4652.5 -83.5 58 0 14.9 8.6 5.0 2.5 2 0 2 3 3
6664.8 4639.5 -83.2 58 0 15.9 7.0 5.0 2.5 2 0 2 5 5
6813.5 4427.2 -86.9 104 0 21.3 16.1 7.5 0.0 0 0 3 3 3
6782.5 4439.1 -86.4 125 0 16.1 34.5 7.5 2.5 4 1 3 0 0
6859.4 4444.9 -87.5 36 0 16.2 34.5 10.0 2.5 2 1 4 0 0
6810.7 4597.8 -86.8 27 0 9.9 15.1 5.0 2.5 2 1 2 4 4
6905.0 4840.6 -87.8 18 0 29.6 16.8 10.0 2.5 2 0 4 2 2
6895.7 4809.4 -87.9 18 0 22.1 14.7 10.0 2.5 2 0 4 3 3
6879.1 4919.5 -87.7 16 0 6.6 15.1 7.5 2.5 2 1 3 5 5
6847.2 4932.5 -87.6 195 0 7.3 12.8 2.5 2.5 2 1 1 1 1
6840.2 4946.5 -87.3 104 0 8.3 9.9 5.0 2.5 4 1 2 5 5
6790.0 4946.3 -85.4 105 0 12.7 7.5 7.5 0.0 0 0 3 5 5
6780.1 4987.3 -85.5 287 0 10.9 8.7 2.5 2.5 2 0 1 5 5
6738.1 5013.3 -86.6 291 0 10.0 25.7 12.5 2.5 2 1 5 1 1
6657.8 5024.2 -86.2 318 0 10.7 8.1 5.0 0.0 0 0 2 3 3
6630.6 5048.9 -84.9 44 0 10.0 23.2 7.5 2.5 2 1 3 4 4
6643.9 5091.9 -86.5 291 0 7.9 14.3 5.0 2.5 2 1 2 5 5
6890.9 4773.6 -87.9 21 0 9.5 13.1 5.0 2.5 2 1 2 5 5
6892.9 4763.4 -87.9 21 0 4.9 10.1 5.0 2.5 2 1 2 4 4
6888.8 4742.3 -88.0 16 0 20.3 9.0 5.0 2.5 2 0 2 0 0
6733.2 4530.3 -85.0 197 0 12.4 10.3 7.5 2.5 4 0 3 2 2
6727.1 4511.8 -85.0 197 0 9.8 10.3 7.5 2.5 2 1 3 3 3
6719.4 4489.1 -85.0 199 0 10.2 9.8 5.0 2.5 2 0 2 3 3
6715.1 4476.4 -85.0 199 0 11.2 9.5 5.0 2.5 2 0 2 0 0
6711.9 4463.3 -85.0 199 0 11.7 9.9 5.0 2.5 4 0 2 3 3
6680.4 4485.5 -84.4 198 0 16.2 13.2 7.5 0.0 0 0 3 2 2
6719.3 4523.4 -84.6 16 0 10.4 6.4 7.5 2.5 2 0 3 1 1
6713.2 4499.9 -84.6 16 0 9.1 7.2 7.5 2.5 2 0 3 1 1
6707.8 4481.9 -84.7 17 0 14.2 6.3 5.0 2.5 2 0 2 5 5
6703.3 4465.8 -84.7 19 0 13.7 7.0 2.5 2.5 4 0 1 2 2
6655.3 4398.7 -84.3 200 0 16.6 8.5 5.0 2.5 2 0 2 1 1
6635.3 4383.8 -84.1 289 0 16.2 6.2 5.0 2.5 2 0 2 4 4
6624.3 4409.5 -83.9 289 0 26.0 7.8 5.0 2.5 2 0 2 3 3
6562.8 4434.8 -83.0 199 0 31.4 6.7 5.0 2.5 2 0 2 2 2
6478.4 4743.6 -80.4 342 0 14.6 7.0 5.0 2.5 2 0 2 4 4
6615.7 4655.7 -82.4 325 0 12.7 15.7 10.0 2.5 2 1 4 0 0
6555.8 4633.2 -82.0 288 0 27.9 7.6 5.0 2.5 2 0 2 4 4
6512.7 4607.8 -81.6 110 0 28.0 8.0 5.0 2.5 4 0 2 0 0
6541.2 4597.3 -82.0 110 0 29.0 8.1 7.5 0.0 0 0 3 0 0
6573.4 4585.8 -82.4 109 0 27.1 8.1 7.5 2.5 2 0 3 4 4
6620.7 4571.9 -82.8 21 0 7.4 28.4 2.5 2.5 2 1 1 0 0
6594.8 4556.6 -82.8 290 0 20.8 5.8 7.5 2.5 2 0 3 4 4
6565.6 4566.5 -82.4 290 0 28.7 5.6 2.5 2.5 2 0 1 3 3
6506.4 4590.8 -81.7 289 0 27.8 7.2 5.0 2.5 2 0 2 3 3
6496.5 4562.9 -81.7 109 0 28.8 6.4 7.5 2.5 2 0 3 0 0
6525.6 4552.0 -82.1 111 0 26.5 7.6 5.0 2.5 4 0 2 3 3
6586.7 4529.8 -82.8 109 0 27.2 6.3 2.5 2.5 2 0 1 5 5
6504.9 4515.4 -81.9 112 0 13.3 5.9 2.5 2.5 2 0 1 5 5
6442.2 4558.0 -81.1 288 0 24.4 7.1 7.5 2.5 4 0 3 4 4
6452.0 4579.1 -81.0 110 0 5.9 12.2 7.5 2.5 2 1 3 2 2
6468.6 4613.5 -81.0 19 0 26.8 7.5 2.5 0.0 0 0 1 2 2
6463.4 4666.6 -80.7 289 0 9.1 27.1 2.5 2.5 2 1 1 2 2
6456.4 4687.9 -80.6 109 0 31.8 10.7 10.0 2.5 4 0 4 4 4
6419.4 4705.2 -80.2 197 0 10.4 20.7 5.0 2.5 2 1 2 0 0
6398.1 4686.9 -79.8 20 0 7.1 13.8 5.0 2.5 2 1 2 4 4
6388.2 4654.9 -79.9 19 0 23.1 8.9 5.0 2.5 2 0 2 0 0
6359.3 4665.3 -79.6 200 0 22.5 6.5 7.5 2.5 2 0 3 0 0
6520.2 4908.8 -81.4 339 0 10.5 5.8 5.0 2.5 2 0 2 5 5
6494.7 4891.9 -81.2 66 0 40.0 9.4 7.5 2.5 4 0 3 5 5
6498.8 4934.4 -81.3 250 0 16.4 24.7 7.5 2.5 4 1 3 3 3
6483.6 4929.0 -81.1 253 0 10.8 17.4 5.0 2.5 4 1 2 1 1
6469.8 4921.0 -80.9 252 0 9.3 16.4 7.5 0.0 0 1 3 1 1
6440.7 4949.3 -80.7 159 0 5.0 13.0 5.0 2.5 2 1 2 3 3
6498.3 4941.4 -81.3 70 0 7.0 7.5 5.0 2.5 4 1 2 0 0
6488.8 4953.2 -81.2 62 0 8.0 10.5 5.0 0.0 0 1 2 0 0
6472.7 4952.7 -81.0 67 0 7.9 6.8 2.5 2.5 2 0 1 3 3
6437.6 5032.6 -80.9 245 0 10.4 15.6 7.5 2.5 2 1 3 5 5
6403.1 5014.1 -80.5 164 0 10.8 9.7 7.5 2.5 2 0 3 2 2
6417.2 5047.4 -81.1 75 0 10.4 10.4 5.0 2.5 2 0 2 2 2
6501.5 5093.8 -83.4 107 0 8.7 20.6 7.5 2.5 2 1 3 4 4
6553.2 4949.6 -82.1 253 0 17.1 7.6 7.5 2.5 2 0 3 5 5
6553.5 4938.2 -82.1 254 0 36.7 9.8 7.5 2.5 2 0 3 3 3
6568.5 4990.2 -82.4 62 0 21.4 19.2 10.0 2.5 2 0 4 5 5
6576.5 4875.5 -82.0 330 0 25.1 11.5 10.0 2.5 2 0 4 3 3
6528.4 4908.8 -81.6 154 0 11.1 11.8 7.5 2.5 2 1 3 4 4
6554.5 4961.2 -82.1 71 0 15.0 11.3 7.5 2.5 2 0 3 2 2
6582.2 4960.5 -82.5 249 0 14.7 22.0 12.5 2.5 2 1 5 2 2
6499.5 4825.1 -81.0 71 0 29.3 10.7 10.0 2.5 2 0 4 1 1
6507.8 4796.5 -81.0 69 0 32.6 17.7 7.5 2.5 2 0 3 1 1
6540.5 4804.9 -81.4 74 0 23.5 32.7 5.0 0.0 0 1 2 1 1
6513.6 4859.3 -81.3 242 0 33.9 10.3 7.5 2.5 4 0 3 0 0
6505.2 4879.5 -81.3 245 0 32.5 10.5 10.0 2.5 2 0 4 5 5
6477.9 4860.0 -80.8 247 0 10.7 25.2 10.0 2.5 2 1 4 4 4
6411.2 4860.0 -80.0 75 0 26.4 10.5 10.0 2.5 2 0 4 2 2
6379.1 4851.6 -79.6 75 0 32.9 11.6 7.5 2.5 2 0 3 5 5
6390.8 4770.7 -79.4 343 0 29.1 9.1 7.5 2.5 2 0 3 0 0
6440.7 4770.7 -79.9 71 0 10.2 23.7 7.5 2.5 2 1 3 3 3
6463.5 4777.5 -80.2 72 0 8.4 21.4 2.5 2.5 2 1 1 4 4
-2128.9 -6251.8 -73.9 187 0 7.5 11.9 10.5 3.5 2 1 3 0 0
-2123.7 -6243.5 -74.0 187 0 4.5 10.5 10.5 3.5 2 1 3 0 0
-2095.4 -6186.4 -75.0 192 0 10.9 5.8 10.5 0.0 0 0 3 3 3
-2121.1 -6193.7 -75.1 184 0 6.0 14.6 10.5 3.5 2 1 3 0 0
-2117.8 -6177.4 -75.4 183 0 6.3 16.6 10.5 3.5 2 1 3 0 0
-2046.9 -6135.3 -75.6 289 0 8.9 5.3 10.5 3.5 2 0 3 1 1
-2084.0 -6167.3 -75.3 199 0 6.2 14.3 10.5 3.5 2 1 3 5 5
-2034.5 -6193.1 -74.2 284 0 6.1 5.3 10.5 3.5 2 0 3 3 3
-2052.1 -6152.7 -75.3 297 0 8.4 18.7 10.5 3.5 2 1 3 3 3
-2027.7 -6142.0 -75.3 277 0 7.6 6.2 10.5 3.5 2 0 3 5 5
-2020.4 -6169.6 -74.6 277 0 6.8 8.1 10.5 3.5 2 1 3 3 3
-2015.1 -6197.1 -74.2 9 0 13.7 12.4 17.5 3.5 2 0 5 5 5
-1983.2 -6224.7 -73.1 189 0 8.9 10.6 10.5 3.5 2 1 3 5 5
-1965.4 -6230.8 -72.8 200 0 11.1 5.1 10.5 3.5 2 0 3 4 4
-1975.6 -6248.0 -72.5 201 0 7.9 8.9 10.5 3.5 2 1 3 5 5
-1983.3 -6392.3 -69.7 91 0 6.8 9.0 10.5 3.5 2 1 3 3 3
-1993.5 -6396.8 -69.6 102 0 8.9 4.9 10.5 3.5 2 0 3 2 2
-1978.9 -6402.3 -69.5 101 0 19.7 6.3 10.5 3.5 2 0 3 4 4
-1987.3 -6408.9 -69.5 107 0 6.9 5.9 10.5 3.5 2 0 3 4 4
-2027.6 -6384.9 -70.2 186 0 11.0 11.7 17.5 3.5 2 1 5 2 2
-2026.2 -6424.4 -70.0 4 0 8.5 12.8 10.5 3.5 2 1 3 5 5
-1982.2 -6426.2 -69.4 270 0 9.6 19.2 10.5 0.0 0 1 3 5 5
-1992.2 -6451.6 -69.4 181 0 5.9 6.8 10.5 3.5 4 1 3 5 5
-1996.1 -6486.1 -69.0 270 0 10.0 8.0 10.5 3.5 2 0 3 5 5
-2000.8 -6499.6 -68.8 180 0 5.1 10.7 10.5 3.5 2 1 3 3 3
-1977.0 -6527.0 -68.4 91 0 13.1 19.9 14.0 3.5 2 1 4 2 2
-2006.3 -6547.1 -67.9 2 0 10.8 6.7 10.5 0.0 0 0 3 0 0
-2029.0 -6541.3 -68.1 271 0 15.8 7.2 10.5 3.5 2 0 3 1 1
-2047.0 -6550.3 -68.3 2 0 11.5 20.8 17.5 3.5 2 1 5 1 1
-2018.1 -6471.8 -69.5 271 0 5.6 13.2 10.5 3.5 2 0 3 0 0
-2033.8 -6537.1 -68.4 94 0 8.2 6.0 10.5 3.5 2 0 3 1 1
-2007.8 -6536.3 -68.2 92 0 6.0 10.2 10.5 3.5 2 1 3 0 0
-2020.0 -6536.0 -68.3 92 0 14.8 7.9 10.5 0.0 0 0 3 0 0
-2017.2 -6525.6 -68.5 93 0 10.4 8.9 10.5 3.5 2 0 3 5 5
-2036.8 -6504.4 -69.0 181 0 5.6 8.4 10.5 0.0 0 1 3 1 1
-2036.8 -6492.9 -69.3 182 0 12.6 5.6 10.5 3.5 2 0 3 0 0
-2043.3 -6519.2 -68.9 1 0 10.2 8.0 10.5 3.5 2 0 3 1 1
-2042.8 -6506.8 -69.2 1 0 12.4 8.3 10.5 3.5 2 0 3 3 3
-2052.7 -6498.6 -69.4 1 0 7.7 9.5 10.5 3.5 2 1 3 5 5
-2075.5 -6462.7 -70.4 89 0 8.0 11.3 10.5 3.5 2 1 3 1 1
-2072.0 -6468.3 -70.1 271 0 9.5 9.1 10.5 3.5 2 0 3 5 5
-2101.8 -6514.5 -69.4 181 0 5.7 9.7 10.5 3.5 2 1 3 1 1
-2091.8 -6478.7 -70.1 270 0 6.2 14.2 10.5 3.5 2 1 3 3 3
-2088.2 -6516.1 -69.5 91 0 5.5 13.0 10.5 3.5 2 1 3 5 5
-2066.0 -6406.1 -70.4 271 0 7.1 9.2 10.5 3.5 2 1 3 4 4
-2097.1 -6367.5 -71.1 270 0 9.0 13.0 10.5 3.5 2 1 3 1 1
-2088.5 -6362.2 -71.1 271 0 6.5 7.5 10.5 3.5 2 1 3 0 0
-2076.1 -6357.0 -71.3 92 0 8.5 11.2 10.5 3.5 2 1 3 2 2
-2115.3 -6343.4 -72.0 91 0 6.0 10.3 10.5 3.5 2 1 3 3 3
-2124.1 -6361.2 -71.5 270 0 6.9 12.3 10.5 3.5 2 1 3 1 1
-2133.1 -6380.9 -71.3 357 0 11.6 9.2 10.5 3.5 2 0 3 3 3
-2136.5 -6365.0 -71.9 2 0 13.8 19.5 17.5 3.5 2 1 5 3 3
-2151.7 -6374.8 -71.6 359 0 9.8 4.9 10.5 3.5 2 0 3 0 0
-2152.1 -6400.2 -71.5 360 0 5.5 7.6 10.5 3.5 2 1 3 0 0
-2129.9 -6419.0 -71.2 359 0 6.5 5.7 10.5 3.5 4 0 3 1 1
-2137.0 -6421.3 -71.3 358 0 7.0 8.6 10.5 3.5 2 1 3 1 1
-2128.0 -6444.5 -71.1 359 0 8.5 6.6 10.5 3.5 2 0 3 5 5
-2137.4 -6438.6 -71.3 358 0 6.6 14.7 10.5 3.5 2 1 3 5 5
-2189.7 -6398.2 -72.0 270 0 12.0 34.1 17.5 3.5 2 1 5 3 3
-2169.6 -6414.3 -71.8 359 0 34.1 9.0 10.5 3.5 2 0 3 3 3
-2056.0 -6340.3 -71.6 186 0 35.5 10.4 17.5 3.5 2 0 5 3 3
-2177.0 -6343.2 -72.7 97 0 3.5 20.2 10.5 3.5 2 1 3 0 0
-2192.5 -6340.7 -72.9 95 0 8.5 16.0 10.5 3.5 2 1 3 3 3
-2197.5 -6347.0 -72.5 270 0 9.7 7.5 10.5 3.5 2 0 3 4 4
-2252.2 -6323.7 -73.8 93 0 24.1 13.5 17.5 3.5 4 0 5 1 1
-2249.7 -6332.9 -73.2 273 0 11.1 7.3 10.5 3.5 2 0 3 1 1
-2282.3 -6350.0 -73.3 181 0 11.3 7.1 10.5 3.5 2 0 3 2 2
-2290.5 -6342.0 -73.7 1 0 10.3 21.6 17.5 3.5 2 1 5 4 4
-2305.4 -6364.6 -73.4 2 0 24.1 5.0 10.5 0.0 0 0 3 3 3
-2294.7 -6378.7 -73.3 2 0 15.0 9.7 10.5 3.5 2 0 3 0 0
-2328.8 -6450.8 -73.1 2 0 15.5 4.3 10.5 3.5 2 0 3 2 2
-2339.7 -6480.7 -72.5 8 0 9.7 5.1 10.5 3.5 2 0 3 0 0
-2348.8 -6532.3 -71.7 9 0 10.6 39.3 17.5 3.5 2 1 5 0 0
-2525.1 -6336.3 -77.6 275 0 10.5 7.4 10.5 3.5 2 0 3 5 5
-2643.1 -6376.4 -82.5 102 0 9.3 15.7 10.5 3.5 2 1 3 5 5
-2593.5 -6462.6 -79.2 6 0 11.4 8.3 10.5 3.5 2 0 3 3 3
-2668.0 -6520.4 -79.1 101 0 7.7 6.9 10.5 3.5 4 0 3 3 3
-2703.7 -6521.4 -79.6 292 0 13.0 19.3 17.5 3.5 2 1 5 3 3
-2750.6 -6572.2 -76.7 279 0 4.9 6.6 10.5 3.5 2 1 3 5 5
-2757.4 -6551.7 -79.1 197 0 30.4 13.1 17.5 3.5 2 0 5 4 4
4092.5 2948.4 -75.7 195 0 7.6 16.6 5.0 2.5 2 1 2 4 4
-916.7 -5305.4 -58.0 87 0 17.6 13.8 5.0 2.5 2 0 2 5 5
-1038.8 -5425.3 -61.2 91 0 10.1 10.8 5.0 0.0 0 1 2 4 4
-1095.8 -5381.3 -62.8 272 0 7.6 8.2 7.5 2.5 2 1 3 2 2
-1187.7 -5815.6 -62.8 190 0 16.9 13.7 2.5 2.5 4 0 1 0 0
-1155.7 -5904.3 -60.5 124 0 9.6 64.4 7.5 2.5 2 1 3 3 3
-1540.9 -6024.7 -56.7 201 0 37.0 11.6 7.5 2.5 2 0 3 3 3
-1554.6 -6060.1 -58.8 201 0 39.0 11.6 10.0 2.5 2 0 4 3 3
-1538.0 -6108.5 -60.4 112 0 10.9 52.2 10.0 2.5 2 1 4 4 4
-1480.6 -5992.9 -57.9 293 0 10.9 66.8 7.5 2.5 2 1 3 4 4
-1518.7 -5895.2 -60.4 287 0 10.5 30.4 10.0 2.5 2 1 4 5 5
-605.3 -5697.4 -48.7 119 0 6.0 6.1 7.5 2.5 2 1 3 4 4
-529.8 -5338.8 -50.7 12 0 24.2 17.2 7.5 2.5 2 0 3 5 5
-681.2 -5277.9 -54.1 275 0 11.2 61.0 12.5 2.5 2 1 5 3 3
-1204.9 -5337.0 -66.0 4 0 8.1 6.8 5.0 2.5 2 0 2 1 1
-1259.5 -5347.9 -67.4 190 0 10.1 14.1 5.0 2.5 4 1 2 5 5
-1289.9 -5368.8 -68.5 281 0 11.1 10.5 5.0 2.5 4 0 2 0 0
-1299.7 -5410.0 -69.0 5 0 11.5 17.0 7.5 2.5 2 1 3 4 4
-1301.3 -5421.8 -69.1 6 0 8.3 16.1 7.5 2.5 2 1 3 0 0
-1340.1 -5429.2 -69.9 98 0 13.0 28.3 12.5 2.5 2 1 5 3 3
-1384.0 -5522.5 -71.6 0 0 6.6 20.9 2.5 2.5 2 1 1 4 4
-1414.0 -5620.9 -72.1 9 0 16.4 10.4 5.0 2.5 2 0 2 2 2
-1432.1 -5585.3 -72.5 360 0 8.9 4.7 7.5 2.5 2 0 3 4 4
-1440.2 -5547.5 -73.0 1 0 17.1 12.7 5.0 0.0 0 0 2 0 0
-1809.1 -6337.3 -66.5 189 0 19.5 16.5 10.5 3.5 2 0 3 2 2
-1820.4 -6558.3 -66.0 101 0 9.7 27.9 10.5 3.5 2 1 3 5 5
-1994.8 -5916.5 -79.2 109 0 5.9 8.2 10.5 3.5 2 1 3 3 3
-2019.4 -5875.4 -81.8 31 0 17.3 20.9 14.0 3.5 2 1 4 3 3
-2073.4 -5878.6 -83.0 293 0 5.0 12.6 10.5 3.5 2 1 3 0 0
-2101.4 -5865.3 -84.4 292 0 6.9 12.2 10.5 3.5 2 1 3 3 3
-2032.7 -4880.9 -84.0 290 0 10.9 7.9 5.0 2.5 4 0 2 4 4
-2057.1 -4873.4 -84.5 288 0 6.9 11.6 5.0 2.5 2 1 2 5 5
-2180.0 -4793.9 -88.3 113 0 6.1 12.8 7.5 2.5 2 1 3 2 2
-2238.4 -4731.8 -90.3 106 0 7.0 11.0 5.0 0.0 0 1 2 3 3
-1899.7 -4985.8 -81.2 277 0 6.3 15.0 7.5 2.5 2 1 3 5 5
-1301.6 -5085.9 -68.7 104 0 10.0 33.8 10.0 2.5 2 1 4 3 3
-1269.3 -5082.0 -68.0 7 0 32.8 9.1 7.5 0.0 0 0 3 0 0
-1284.9 -4968.3 -71.5 116 0 11.6 81.4 10.0 2.5 2 1 4 1 1
-1054.2 -5092.3 -64.0 195 0 4.2 15.8 2.5 2.5 2 1 1 2 2
-1100.2 -5009.2 -66.9 111 0 9.5 62.4 7.5 2.5 2 1 3 5 5
-691.0 -4753.8 -62.6 109 0 6.7 14.5 5.0 0.0 0 1 2 1 1
-672.3 -4418.8 -67.6 202 0 9.1 20.8 2.5 2.5 2 1 1 3 3
-95.8 -5719.6 -25.8 113 0 7.9 10.6 5.0 2.5 2 1 2 2 2
19.7 -5582.2 -15.4 113 0 11.9 11.4 7.5 2.5 2 0 3 3 3
23.1 -5560.5 -15.6 203 0 16.3 12.7 10.0 2.5 2 0 4 1 1
-114.4 -5199.3 -44.4 292 0 11.4 59.4 10.0 2.5 2 1 4 4 4
-0.6 -5243.0 -30.1 298 0 12.3 63.3 12.5 0.0 0 1 5 1 1
-18.2 -5402.4 -24.9 284 0 11.8 115.8 12.5 2.5 2 1 5 4 4
-62.6 -5385.8 -32.1 284 0 13.4 116.4 15.0 2.5 2 1 6 5 5
-116.4 -5363.3 -40.1 282 0 14.1 124.5 10.0 0.0 0 1 4 2 2
-160.1 -5352.0 -43.2 280 0 12.3 134.1 10.0 0.0 0 1 4 4 4
-429.2 -5331.4 -48.6 179 0 18.8 9.4 5.0 2.5 2 0 2 5 5
-398.8 -5312.9 -48.4 359 0 11.1 5.3 5.0 0.0 0 0 2 5 5
-409.3 -5308.0 -48.5 269 0 5.5 10.8 7.5 2.5 2 1 3 3 3
-428.4 -5314.3 -48.8 179 0 10.8 6.0 7.5 2.5 2 0 3 1 1
-602.3 -1896.7 -93.3 109 0 7.4 7.0 7.5 2.5 2 0 3 2 2
-493.1 -2263.3 -88.2 292 0 19.2 11.7 7.5 2.5 2 0 3 5 5
-476.5 -2265.7 -88.0 199 0 9.3 13.5 5.0 2.5 2 1 2 5 5
-482.2 -2281.0 -87.8 198 0 6.2 11.6 5.0 2.5 2 1 2 3 3
-473.7 -2252.2 -88.4 111 0 46.3 7.5 7.5 0.0 0 0 3 3 3
-255.8 -2606.9 -78.9 299 0 6.1 9.8 5.0 2.5 2 1 2 5 5
-531.2 -2413.6 -87.2 21 0 5.4 28.8 5.0 2.5 2 1 2 5 5
-634.1 -2498.3 -86.8 200 0 4.8 28.3 7.5 2.5 2 1 3 5 5
-125.1 -2919.9 -71.3 111 0 25.9 32.5 10.0 0.0 0 1 4 2 2
-834.1 -2598.8 -87.4 14 0 12.2 9.6 2.5 2.5 2 0 1 3 3
-1328.1 -2445.8 -92.9 116 0 18.8 6.3 5.0 2.5 2 0 2 1 1
-1307.6 -2455.3 -92.6 101 0 6.9 17.1 5.0 2.5 4 1 2 4 4
-1309.0 -2477.8 -92.3 185 0 16.9 8.5 5.0 2.5 2 0 2 1 1
-386.5 -3016.4 -76.8 115 0 8.3 13.4 2.5 0.0 0 1 1 2 2
-1583.6 -3089.7 -91.0 101 0 7.1 6.9 2.5 2.5 2 0 1 5 5
-1772.1 -3230.6 -95.2 102 0 9.9 61.0 7.5 2.5 4 1 3 5 5
-1711.6 -3271.4 -93.5 284 0 9.2 11.5 5.0 0.0 0 1 2 0 0
-1663.8 -3263.1 -92.6 105 0 6.9 17.8 7.5 2.5 2 1 3 5 5
-1623.0 -3279.1 -91.8 104 0 10.0 45.1 7.5 2.5 2 0 3 3 3
-1565.9 -3307.9 -90.7 290 0 16.9 4.0 2.5 2.5 2 0 1 1 1
-1191.7 -3808.3 -84.7 194 0 11.6 11.0 7.5 2.5 4 0 3 1 1
-1284.9 -3972.2 -83.6 16 0 4.5 6.7 7.5 2.5 2 1 3 1 1
-1243.0 -4042.2 -82.2 105 0 9.2 12.6 5.0 2.5 2 1 2 1 1
-832.4 -4166.3 -75.6 110 0 16.5 14.9 7.5 2.5 2 0 3 4 4
-1947.8 -2729.8 -101.1 2 0 60.1 11.1 10.0 2.5 2 0 4 3 3
-3861.0 -2539.7 -68.9 184 0 3.6 13.3 7.5 2.5 2 1 3 0 0
-4341.2 -2336.4 -56.1 277 0 4.0 12.1 5.0 2.5 2 0 2 3 3
-4336.3 -2337.1 -56.4 277 0 6.0 12.1 5.0 2.5 2 0 2 3 3
-4243.4 -2295.4 -58.7 95 0 6.6 15.2 5.0 2.5 2 1 2 2 2
-4216.1 -2401.3 -59.9 94 0 13.3 18.9 7.5 2.5 2 1 3 1 1
-4208.7 -2355.4 -59.9 273 0 7.0 17.2 7.5 0.0 0 1 3 1 1
-4161.6 -2303.9 -61.1 95 0 11.4 20.7 2.5 2.5 2 1 1 4 4
-3507.5 -1028.3 -70.0 189 0 44.6 24.9 10.0 0.0 0 0 4 0 0
-3559.7 -2458.5 -75.1 96 0 9.3 8.2 2.5 2.5 2 0 1 0 0
-3568.9 -2322.5 -74.2 2 0 11.9 6.6 7.5 2.5 2 0 3 2 2
-3575.9 -2333.4 -74.3 182 0 10.4 6.6 5.0 2.5 2 0 2 2 2
-3145.6 -4724.6 -83.0 180 0 13.5 12.1 2.5 2.5 2 0 1 2 2
-1531.0 -2194.5 -97.2 248 0 5.2 13.3 5.0 0.0 0 1 2 5 5
-908.2 -2174.5 -93.6 22 0 7.9 47.2 7.5 0.0 0 1 3 1 1
-1145.7 -1893.5 -97.8 27 0 14.7 8.5 5.0 2.5 2 0 2 1 1
-1186.3 -1919.4 -97.7 22 0 10.3 9.2 5.0 2.5 4 0 2 4 4
-1172.7 -1917.4 -97.5 28 0 10.1 4.8 5.0 2.5 2 0 2 0 0
-1164.1 -1992.1 -96.7 287 0 10.4 10.9 5.0 2.5 2 1 2 0 0
-1220.1 -1989.3 -96.7 16 0 8.1 10.5 7.5 2.5 4 1 3 2 2
-1347.5 -1982.1 -97.5 284 0 18.4 15.2 10.0 2.5 2 0 4 3 3
-1314.8 -2019.0 -96.7 284 0 9.4 8.7 2.5 2.5 2 0 1 0 0
-1238.6 -2038.4 -96.1 15 0 19.3 13.4 7.5 2.5 2 0 3 4 4
-1251.1 -2061.9 -95.9 13 0 17.0 12.0 5.0 2.5 2 0 2 1 1
-1305.3 -2188.6 -95.1 17 0 7.7 12.4 5.0 2.5 2 1 2 0 0
-1321.0 -2202.9 -95.1 108 0 8.1 8.1 7.5 0.0 0 1 3 4 4
-1307.6 -2233.4 -94.6 200 0 9.6 7.0 7.5 2.5 2 0 3 1 1
-21.6 -2197.6 -78.9 99 0 8.9 6.5 7.5 2.5 2 0 3 3 3
-15.4 -2181.5 -78.9 288 0 8.1 9.0 2.5 2.5 2 1 1 2 2
9.9 -2173.0 -78.3 290 0 16.8 4.7 2.5 2.5 2 0 1 2 2
43.3 -2248.4 -75.4 109 0 6.6 22.3 5.0 2.5 2 1 2 2 2
-193.3 -1894.7 -89.6 110 0 9.5 7.2 5.0 2.5 2 0 2 0 0
-217.4 -1894.2 -89.7 288 0 6.0 10.5 5.0 2.5 2 1 2 4 4
-340.2 -1845.3 -91.5 107 0 9.9 14.5 7.5 2.5 2 1 3 2 2
-337.0 -1813.1 -91.7 196 0 14.3 10.5 5.0 2.5 2 0 2 1 1
-340.4 -1798.7 -92.1 18 0 7.6 14.0 7.5 0.0 0 1 3 5 5
-557.4 -1609.6 -96.2 20 0 3.3 24.1 5.0 2.5 2 1 2 4 4
-686.4 -1603.9 -97.2 107 0 6.8 9.9 5.0 2.5 2 1 2 4 4
958.0 -311.8 -93.9 198 0 9.8 5.0 5.0 2.5 2 0 2 5 5
960.5 -292.3 -94.3 199 0 17.7 15.6 7.5 2.5 2 0 3 0 0
-16.5 -284.9 -102.2 16 0 10.8 6.0 2.5 2.5 2 0 1 5 5
-3492.9 -909.6 -67.9 287 0 8.0 7.1 5.0 2.5 2 0 2 0 0
-3540.9 -894.9 -65.7 279 0 7.6 11.2 5.0 2.5 2 1 2 3 3
-3465.3 -1161.4 -71.6 186 0 4.3 11.0 7.5 2.5 2 1 3 3 3
-3439.8 -1570.9 -74.7 278 0 13.6 7.5 7.5 2.5 2 0 3 0 0
-3480.1 -1561.2 -73.2 280 0 7.2 32.8 7.5 2.5 2 1 3 0 0
-3494.3 -1622.4 -73.1 100 0 7.2 9.9 2.5 2.5 2 1 1 4 4
-3527.5 -1594.8 -71.8 283 0 3.2 10.5 5.0 2.5 2 1 2 4 4
-3544.5 -1606.5 -71.6 189 0 8.3 9.8 7.5 0.0 0 1 3 0 0
-3562.6 -1648.8 -71.3 276 0 9.9 8.6 5.0 2.5 2 0 2 4 4
-3583.4 -1646.6 -70.6 271 0 13.2 6.1 2.5 2.5 2 0 1 0 0
-3607.0 -1644.5 -69.6 91 0 8.1 7.7 7.5 2.5 4 0 3 4 4
-3603.3 -1656.1 -70.0 272 0 8.8 8.0 2.5 2.5 2 0 1 0 0
-3638.0 -1695.8 -69.5 100 0 12.0 10.7 5.0 2.5 2 0 2 1 1
-1784.5 -5882.9 -66.8 0 0 7.3 9.0 10.5 3.5 2 1 3 5 5
-1837.0 -5810.6 -73.8 182 0 4.4 7.2 10.5 3.5 2 1 3 0 0
-2176.8 -5829.7 -87.4 292 0 15.0 14.6 14.0 3.5 4 0 4 1 1
-2151.4 -5841.2 -86.7 292 0 9.1 14.6 10.5 3.5 2 1 3 2 2
-2136.4 -5732.0 -88.7 285 0 14.3 32.0 14.0 3.5 2 0 4 1 1
-1869.3 -6344.6 -69.9 358 0 46.9 7.3 10.5 3.5 2 0 3 5 5
-1883.3 -6501.5 -67.6 289 0 9.4 28.1 10.5 3.5 2 1 3 2 2
-1978.8 -6319.0 -71.1 180 0 18.5 7.7 10.5 3.5 2 0 3 5 5
-2013.3 -6357.0 -70.6 181 0 9.7 26.8 10.5 3.5 2 0 3 3 3
-2090.6 -6211.0 -74.5 189 0 12.7 19.8 17.5 3.5 2 1 5 4 4
-2110.5 -6063.3 -79.1 9 0 11.0 15.9 17.5 3.5 2 1 5 3 3
-2122.7 -6122.8 -77.4 8 0 5.4 21.4 10.5 3.5 2 1 3 5 5
-2139.1 -6130.6 -77.2 10 0 7.2 7.0 10.5 3.5 4 0 3 0 0
-2124.0 -6134.5 -77.0 7 0 10.8 13.8 17.5 0.0 0 1 5 1 1
-2125.2 -6157.3 -76.3 5 0 5.2 16.2 10.5 3.5 2 1 3 5 5
-2127.0 -6168.5 -75.9 3 0 4.5 13.3 10.5 3.5 2 0 3 2 2
-2127.2 -6173.6 -75.9 3 0 5.8 17.9 10.5 3.5 2 0 3 2 2
-2127.5 -6179.4 -75.6 3 0 5.9 13.5 10.5 3.5 2 0 3 1 1
-2210.4 -6097.6 -79.3 32 0 4.9 13.6 10.5 3.5 4 1 3 0 0
-2301.4 -6096.5 -80.4 98 0 11.4 5.5 10.5 3.5 2 0 3 1 1
-2297.4 -6106.8 -80.1 99 0 8.4 7.5 10.5 3.5 4 0 3 3 3
-2283.9 -6088.9 -80.4 98 0 9.6 5.8 10.5 3.5 2 0 3 3 3
-2295.0 -6087.3 -80.8 98 0 12.8 8.9 10.5 3.5 2 0 3 0 0
-2282.8 -6051.2 -81.4 274 0 8.8 10.7 10.5 0.0 0 1 3 1 1
-2307.1 -5985.4 -83.9 180 0 8.6 8.8 10.5 3.5 2 1 3 3 3
-2293.0 -5997.4 -83.6 93 0 5.8 12.8 10.5 3.5 4 1 3 2 2
-2235.0 -5991.8 -82.8 93 0 9.8 5.3 10.5 3.5 4 0 3 2 2
-2233.0 -5955.1 -83.7 272 0 8.8 8.7 10.5 3.5 4 0 3 4 4
-2205.2 -5984.4 -82.5 282 0 7.7 12.5 10.5 3.5 4 1 3 1 1
-2217.4 -6062.4 -80.2 275 0 11.8 11.2 17.5 3.5 4 0 5 0 0
-2254.1 -6050.2 -81.1 282 0 13.0 16.7 17.5 0.0 0 1 5 2 2
-2277.0 -6115.2 -79.9 108 0 15.1 16.4 17.5 0.0 0 1 5 2 2
1948.3 999.8 -63.3 111 0 24.0 9.3 5.0 2.5 2 0 2 5 5
1964.5 1013.4 -63.0 20 0 8.8 19.1 5.0 2.5 2 1 2 3 3
1970.9 1056.1 -62.2 17 0 32.6 8.5 7.5 2.5 2 0 3 2 2
1952.1 1061.3 -62.2 197 0 32.1 9.2 5.0 2.5 2 0 2 5 5
1938.7 1065.1 -62.2 197 0 31.9 8.5 7.5 0.0 0 0 3 5 5
1929.2 1068.2 -62.2 197 0 31.5 8.7 7.5 2.5 2 0 3 1 1
1959.7 1113.6 -61.2 287 0 11.5 31.9 7.5 2.5 2 1 3 1 1
1972.2 1109.7 -61.2 288 0 9.1 31.6 7.5 2.5 2 1 3 4 4
1982.0 1106.2 -61.2 288 0 6.8 30.2 7.5 0.0 0 1 3 3 3
1999.1 1084.9 -61.2 17 0 29.9 7.4 7.5 0.0 0 0 3 1 1
1988.5 1050.1 -62.2 18 0 31.7 9.1 7.5 2.5 2 0 3 1 1
1997.3 900.9 -65.5 202 0 50.0 11.8 10.0 0.0 0 0 4 3 3
2018.6 949.3 -64.4 202 0 37.1 11.7 10.0 2.5 2 0 4 3 3
2085.7 978.1 -62.9 23 0 10.9 45.2 7.5 2.5 2 1 3 3 3
2068.3 936.5 -64.0 23 0 17.0 30.9 10.0 2.5 2 1 4 3 3
2049.2 885.9 -65.1 24 0 40.2 15.5 10.0 2.5 2 0 4 4 4
2748.3 1871.8 -69.8 102 0 13.8 8.4 5.0 2.5 2 0 2 5 5
2792.1 1935.4 -71.0 19 0 25.1 10.1 10.0 2.5 2 0 4 2 2
2767.8 1880.2 -70.6 109 0 10.2 47.5 5.0 2.5 2 0 2 0 0
2589.6 1819.7 -63.4 289 0 27.8 38.9 15.0 0.0 0 1 6 3 3
2312.1 1763.1 -60.5 200 0 6.9 7.9 7.5 2.5 2 1 3 1 1
2427.2 1850.6 -62.5 288 0 14.4 26.5 12.5 2.5 2 1 5 0 0
2443.9 1844.3 -61.6 289 0 12.2 22.6 17.5 0.0 0 1 7 5 5
2409.7 1782.6 -59.3 199 0 27.6 8.8 7.5 2.5 2 0 3 4 4
2417.0 1776.7 -58.9 198 0 34.2 11.9 12.5 2.5 2 0 5 0 0
2433.6 1804.6 -59.6 197 0 12.5 15.0 5.0 2.5 2 1 2 0 0
2365.0 1808.3 -62.1 198 0 25.4 18.2 10.0 2.5 2 0 4 2 2
2271.1 1617.8 -54.5 196 0 16.9 31.8 12.5 2.5 2 1 5 2 2
2527.6 1927.0 -63.5 289 0 10.8 10.6 7.5 2.5 2 0 3 3 3
2508.3 1915.2 -63.2 289 0 71.7 21.5 7.5 2.5 2 0 3 1 1
2621.4 1694.5 -63.0 346 0 12.4 22.2 7.5 2.5 2 1 3 3 3
2588.0 1619.1 -62.2 47 0 22.7 11.2 10.0 2.5 2 0 4 0 0
2528.6 1753.5 -60.6 36 0 4.7 7.8 5.0 0.0 0 1 2 3 3
2527.6 1544.5 -58.5 44 0 4.6 7.3 7.5 0.0 0 1 3 0 0
2532.5 1555.8 -59.0 31 0 4.6 7.3 7.5 0.0 0 1 3 5 5
2521.6 1562.2 -59.1 31 0 5.4 8.9 7.5 0.0 0 1 3 5 5
2517.2 1550.4 -58.6 25 0 5.2 8.7 2.5 0.0 0 1 1 1 1
2524.7 1660.4 -60.7 20 0 68.9 32.1 10.0 0.0 0 0 4 4 4
2490.3 1672.4 -59.9 20 0 70.6 31.7 12.5 0.0 0 0 5 0 0
2414.6 1712.8 -58.9 200 0 46.0 45.2 10.0 0.0 0 0 4 5 5
2379.8 1624.6 -57.6 119 0 65.7 29.6 12.5 0.0 0 0 5 5 5
2356.8 1574.5 -57.2 119 0 55.6 51.6 12.5 0.0 0 0 5 5 5
2444.4 1576.1 -59.3 119 0 70.3 32.6 15.0 0.0 0 0 6 4 4
2426.8 1545.2 -57.9 119 0 69.6 32.5 12.5 0.0 0 0 5 2 2
-1029.5 1983.2 -97.6 183 0 10.0 21.6 7.5 2.5 2 1 3 3 3
-1149.0 1757.8 -98.8 273 0 23.9 18.0 10.0 2.5 2 0 4 3 3
-1237.8 1768.1 -97.6 273 0 7.2 11.7 7.5 2.5 2 1 3 5 5
-1451.7 1805.3 -95.0 96 0 11.2 4.9 2.5 2.5 2 0 1 5 5
-1456.4 1793.7 -95.1 97 0 7.2 10.2 2.5 2.5 2 1 1 4 4
-1871.7 1694.2 -91.3 187 0 5.4 8.5 7.5 2.5 2 1 3 2 2
-1877.5 1672.0 -91.7 191 0 8.0 12.2 5.0 2.5 2 1 2 5 5
-1845.6 1674.5 -91.9 10 0 7.2 8.5 2.5 2.5 2 1 1 5 5
-1899.2 1474.0 -93.9 100 0 13.6 11.9 2.5 2.5 2 0 1 2 2
-1788.4 1057.5 -93.4 275 0 15.6 10.9 5.0 2.5 4 0 2 2 2
-1813.8 1060.4 -93.1 275 0 10.9 10.0 5.0 2.5 2 0 2 0 0
-1684.2 1054.4 -95.1 101 0 4.2 9.3 7.5 2.5 2 1 3 2 2
-1563.4 1029.7 -96.8 99 0 9.8 8.6 5.0 2.5 2 0 2 4 4
-1427.6 1012.2 -97.9 94 0 8.2 11.9 5.0 2.5 2 1 2 4 4
-1368.2 1016.5 -98.3 100 0 7.3 9.0 5.0 2.5 2 1 2 1 1
-1349.6 994.2 -98.5 272 0 10.0 5.8 7.5 2.5 2 0 3 5 5
-1335.8 1027.5 -98.5 10 0 9.7 8.4 5.0 2.5 2 0 2 3 3
-1299.4 976.1 -98.8 8 0 13.3 8.5 2.5 2.5 2 0 1 3 3
-1272.7 974.8 -99.1 278 0 6.6 8.7 2.5 0.0 0 1 1 5 5
-1326.2 857.7 -98.8 8 0 6.5 7.8 5.0 0.0 0 1 2 1 1
-1343.0 854.7 -98.7 98 0 14.2 7.7 7.5 2.5 2 0 3 4 4
-1300.9 866.7 -99.0 181 0 10.6 11.0 2.5 2.5 2 1 1 4 4
-1313.6 853.0 -98.9 5 0 7.1 7.8 7.5 2.5 2 1 3 4 4
-1383.8 204.7 -95.0 184 0 7.6 8.8 2.5 0.0 0 1 1 5 5
-1380.7 162.0 -94.9 186 0 14.3 10.5 7.5 0.0 0 0 3 3 3
-1396.8 125.5 -94.2 8 0 16.2 11.0 5.0 2.5 2 0 2 5 5
-1414.2 331.5 -95.3 95 0 14.2 11.7 10.0 2.5 2 0 4 2 2
-1403.2 369.3 -95.6 276 0 13.3 14.5 5.0 2.5 2 1 2 5 5
-1388.4 353.8 -95.7 7 0 14.8 5.6 7.5 2.5 2 0 3 3 3
-1394.2 336.9 -95.5 5 0 14.6 10.9 2.5 2.5 2 0 1 1 1
-759.2 608.1 -103.4 199 0 25.8 7.7 5.0 2.5 2 0 2 2 2
-794.8 517.3 -103.3 192 0 4.3 20.9 5.0 2.5 2 1 2 0 0
-2097.8 870.2 -89.0 272 0 13.9 6.1 5.0 2.5 2 0 2 0 0
-2314.7 913.9 -86.8 277 0 11.7 8.9 7.5 0.0 0 0 3 4 4
-2356.2 924.2 -86.2 94 0 9.9 14.5 5.0 2.5 2 1 2 2 2
-2370.6 925.7 -85.9 94 0 14.9 3.7 2.5 2.5 2 0 1 3 3
-2403.5 941.1 -85.2 94 0 4.6 11.2 5.0 2.5 2 1 2 5 5
-2461.8 943.6 -84.1 95 0 9.5 7.2 7.5 2.5 2 0 3 5 5
-2485.8 943.7 -83.6 90 0 7.2 5.2 5.0 2.5 2 0 2 5 5
-2512.9 949.2 -83.1 94 0 11.3 10.8 5.0 2.5 2 0 2 1 1
-2569.2 949.0 -81.9 275 0 5.9 12.5 5.0 2.5 2 1 2 4 4
-2796.6 906.2 -77.4 15 0 8.4 11.6 7.5 2.5 4 1 3 4 4
-1944.2 941.1 -91.2 188 0 3.6 13.5 5.0 2.5 2 1 2 2 2
-1909.2 996.6 -92.0 188 0 8.6 29.9 7.5 0.0 0 1 3 1 1
-1845.9 501.0 -90.3 180 0 5.9 8.7 5.0 2.5 2 1 2 0 0
-1830.4 340.4 -89.9 179 0 11.3 11.8 7.5 2.5 2 1 3 4 4
-3987.6 1991.5 -82.8 189 0 11.8 8.3 7.5 2.5 2 0 3 4 4
-4071.2 1750.8 -78.6 85 0 9.5 27.5 7.5 2.5 2 1 3 2 2
-4095.2 1797.7 -79.1 274 0 10.9 35.2 10.0 2.5 2 1 4 4 4
-2736.2 550.8 -79.3 95 0 12.1 6.8 2.5 2.5 2 0 1 2 2
-2747.6 3367.0 -105.5 291 0 10.9 42.9 10.0 0.0 0 1 4 5 5
-2720.6 3361.8 -105.4 289 0 11.8 47.8 12.5 2.5 2 1 5 1 1
-2690.8 3352.6 -105.1 287 0 12.8 52.8 15.0 2.5 2 1 6 0 0
-3134.0 3046.4 -98.3 283 0 6.1 10.7 7.5 2.5 2 1 3 0 0
-4505.6 1845.6 -78.1 9 0 35.7 19.4 10.0 0.0 0 0 4 4 4
-4547.4 1800.0 -77.7 1 0 24.1 9.0 7.5 2.5 2 0 3 4 4
-4205.9 4745.6 -102.9 4 0 7.3 13.1 7.5 0.0 0 1 3 2 2
-4981.0 4644.1 -97.9 105 0 8.3 16.9 7.5 2.5 2 1 3 1 1
1892.2 -3005.1 -37.1 27 0 5.1 8.0 5.0 2.5 2 1 2 2 2
1865.6 -2974.8 -37.4 130 0 6.9 4.6 2.5 2.5 2 0 1 5 5
1903.6 -2990.6 -36.8 34 0 8.4 5.1 2.5 0.0 0 0 1 3 3
1892.0 -2987.9 -36.9 124 0 9.5 8.3 5.0 2.5 2 0 2 4 4
1936.9 -2926.1 -35.6 26 0 7.4 9.3 5.0 2.5 2 1 2 0 0
1676.7 -2906.4 -31.8 87 0 11.4 25.4 10.0 2.5 2 0 4 5 5
1306.3 -3372.1 -45.7 93 0 11.7 56.8 10.0 2.5 2 1 4 0 0
1280.2 -3353.7 -45.6 92 0 12.0 46.0 10.0 2.5 2 1 4 2 2
1091.9 -3650.5 -52.9 94 0 5.9 13.8 2.5 2.5 2 1 1 2 2
1079.2 -3643.1 -53.2 184 0 9.5 9.6 2.5 2.5 2 1 1 5 5
638.6 -4063.5 -60.9 25 0 6.8 15.1 7.5 2.5 2 1 3 4 4
621.9 -4081.6 -60.8 116 0 15.0 16.5 7.5 2.5 2 1 3 2 2
480.8 -4263.4 -60.1 197 0 23.3 11.0 7.5 2.5 2 0 3 0 0
-1914.5 -6015.0 -75.3 206 0 17.6 23.1 14.0 3.5 2 1 4 0 0
-2214.8 -6222.8 -76.4 101 0 16.4 34.3 17.5 0.0 0 1 5 5 5
-2323.2 -6297.9 -75.0 13 0 10.7 15.7 14.0 3.5 2 1 4 0 0
2039.7 -1072.4 -66.9 281 0 4.9 7.5 5.0 0.0 0 1 2 3 3
2032.1 -1059.2 -67.1 8 0 7.2 8.8 2.5 2.5 2 1 1 2 2
1994.8 -1047.3 -66.7 279 0 19.3 9.8 7.5 2.5 2 0 3 4 4
1882.1 -2445.0 -36.8 115 0 8.2 45.0 7.5 2.5 2 1 3 5 5
1930.9 -2346.2 -38.0 295 0 11.6 63.1 17.5 2.5 2 1 7 0 0
2001.7 -2326.4 -40.3 184 0 6.1 5.6 5.0 2.5 4 0 2 3 3
2001.3 -2402.9 -38.8 23 0 61.9 11.6 10.0 2.5 2 0 4 2 2
2035.3 -2307.0 -41.1 293 0 11.6 70.6 12.5 2.5 2 0 5 1 1
2137.4 -3094.9 -32.7 316 0 12.7 20.4 10.0 2.5 2 1 4 5 5
2100.4 -3108.8 -33.5 226 0 24.9 29.1 7.5 0.0 0 1 3 4 4
2405.4 -3684.2 -37.6 92 0 15.5 9.3 7.5 2.5 2 0 3 4 4
2581.9 -3717.1 -40.1 92 0 10.6 6.1 5.0 2.5 2 0 2 5 5
2226.7 -4359.4 -35.8 10 0 7.3 10.0 7.5 2.5 4 1 3 5 5
2142.7 -4301.5 -36.9 283 0 15.8 12.3 7.5 2.5 2 0 3 5 5
1942.4 -4406.9 -42.2 0 0 30.8 15.7 12.5 2.5 2 0 5 4 4
1942.6 -4356.1 -43.3 0 0 51.3 16.1 10.0 2.5 4 0 4 4 4
2226.0 -4310.2 -34.8 281 0 10.3 5.6 2.5 2.5 2 0 1 1 1
2243.5 -4311.0 -34.9 15 0 10.3 4.6 5.0 2.5 2 0 2 2 2
2249.8 -4340.5 -35.4 14 0 6.3 12.6 2.5 2.5 2 1 1 2 2
2179.7 -3893.7 -40.8 271 0 11.4 19.9 5.0 2.5 2 0 2 2 2
2181.7 -3926.0 -40.0 100 0 9.8 6.6 7.5 2.5 2 0 3 5 5
2208.7 -3894.5 -42.0 280 0 12.1 11.8 7.5 2.5 2 0 3 5 5
2206.7 -3906.2 -41.5 280 0 12.2 29.8 10.0 2.5 2 0 4 4 4
1896.7 -3918.0 -46.5 105 0 11.4 70.4 10.0 2.5 2 0 4 5 5
1922.3 -3823.9 -45.2 285 0 11.4 27.2 7.5 2.5 2 0 3 1 1
1952.9 -3829.2 -43.8 283 0 10.6 18.5 5.0 2.5 2 1 2 5 5
1988.3 -3851.1 -42.8 14 0 29.6 11.1 10.0 2.5 2 0 4 3 3
1969.5 -3902.0 -43.5 104 0 11.1 39.2 10.0 2.5 2 0 4 4 4
1799.8 -3668.2 -47.8 12 0 6.6 8.7 5.0 2.5 2 1 2 5 5
1705.6 -3636.5 -48.2 30 0 10.8 12.4 7.5 2.5 4 1 3 1 1
1676.1 -3665.6 -48.2 21 0 5.6 8.1 5.0 0.0 0 1 2 0 0
1661.3 -3683.0 -48.2 25 0 8.3 8.7 7.5 2.5 2 1 3 2 2
1587.7 -3751.3 -48.3 118 0 3.8 12.2 7.5 2.5 2 0 3 4 4
1609.9 -3736.4 -48.4 27 0 4.9 15.0 5.0 2.5 4 1 2 4 4
1620.9 -3721.4 -48.3 33 0 31.0 8.6 7.5 2.5 2 0 3 1 1
1565.2 -3716.1 -48.5 114 0 10.7 30.9 7.5 0.0 0 1 3 2 2
1507.9 -3682.8 -48.7 122 0 10.2 30.8 7.5 2.5 2 1 3 3 3
928.7 -2649.1 110.2 15 0 9.9 6.3 5.0 2.5 2 0 2 0 0
2782.1 -2635.9 -39.9 53 0 49.2 6.6 7.5 2.5 2 0 3 1 1
2754.5 -2636.0 -39.1 35 0 7.9 49.5 7.5 2.5 2 1 3 5 5
2613.4 -2542.3 -38.8 210 0 23.5 45.8 10.0 0.0 0 1 4 3 3
2783.1 -2355.1 -45.0 214 0 24.7 69.0 7.5 0.0 0 1 3 3 3
2837.6 -2436.9 -43.4 351 0 14.8 11.3 7.5 2.5 4 0 3 0 0
2832.4 -2494.2 -42.6 34 0 31.8 24.4 7.5 0.0 0 0 3 0 0
2810.6 -2483.1 -42.7 34 0 26.1 36.0 12.5 0.0 0 0 5 0 0
3014.1 -1618.9 -60.4 274 0 12.4 71.0 12.5 2.5 2 0 5 3 3
3001.8 -1710.6 -59.5 184 0 42.6 12.3 7.5 2.5 2 0 3 1 1
3029.4 -1728.2 -59.4 97 0 11.3 35.6 10.0 2.5 2 1 4 3 3
3057.6 -1624.9 -59.4 274 0 12.3 66.6 12.5 2.5 4 1 5 1 1
3059.2 -1718.1 -59.3 8 0 42.8 11.9 15.0 0.0 0 0 6 3 3
3174.4 -1716.0 -57.1 94 0 10.4 74.4 12.5 2.5 2 1 5 0 0
3152.6 -1714.2 -58.2 94 0 11.6 74.4 12.5 2.5 2 1 5 2 2
-2281.6 -3097.6 -94.9 182 0 10.7 4.8 5.0 2.5 2 0 2 5 5
-2523.2 -3058.2 -91.8 274 0 31.6 3.7 7.5 2.5 2 0 3 4 4
-2924.6 -5360.7 -90.0 99 0 45.3 9.1 10.5 3.5 2 0 3 3 3
-2898.2 -5313.7 -88.8 279 0 11.1 23.8 14.0 3.5 2 1 4 4 4
-2898.3 -5346.3 -89.6 8 0 15.4 11.0 14.0 0.0 0 0 4 4 4
-2245.0 -6403.2 -72.6 270 0 12.3 28.6 17.5 3.5 2 1 5 4 4
-2169.0 -6452.3 -71.5 3 0 4.4 8.5 10.5 3.5 4 1 3 3 3
-2127.8 -6498.0 -70.2 0 0 12.3 12.0 17.5 3.5 2 0 5 2 2
-2127.2 -6457.9 -71.0 359 0 4.0 9.4 10.5 3.5 2 1 3 4 4
3227.1 -4894.4 -39.1 270 0 8.8 9.4 5.0 2.5 2 0 2 3 3
3999.6 -4126.1 -45.6 266 0 12.7 4.4 5.0 2.5 2 0 2 5 5
4003.1 -4095.6 -45.3 88 0 9.1 9.9 5.0 2.5 2 1 2 3 3
1307.4 -5179.6 -31.3 199 0 43.3 11.4 10.0 2.5 2 0 4 3 3
1235.8 -5055.2 -35.3 189 0 58.5 11.2 12.5 2.5 2 0 5 5 5
-6909.3 -2951.9 -14.4 274 0 8.9 7.3 7.5 2.5 4 0 3 3 3
-6897.7 -2952.8 -15.0 274 0 7.6 7.6 2.5 2.5 2 0 1 5 5
-6881.5 -2959.9 -15.5 3 0 8.4 8.8 7.5 2.5 2 1 3 3 3
-3436.3 -4208.1 -77.5 281 0 5.8 7.6 2.5 2.5 2 1 1 1 1
-3471.2 -4073.0 -77.7 30 0 7.2 8.2 5.0 2.5 2 1 2 1 1
-3513.6 -4185.9 -75.8 109 0 4.4 26.7 7.5 2.5 2 1 3 4 4
-3579.2 -4143.2 -75.4 9 0 10.0 11.8 5.0 2.5 2 1 2 1 1
-3571.9 -4142.4 -75.6 279 0 12.4 9.0 2.5 2.5 4 0 1 3 3
-3715.6 -4087.9 -73.2 282 0 10.5 8.7 5.0 2.5 2 0 2 5 5
-3803.7 -4094.1 -71.7 190 0 6.2 11.9 5.0 2.5 2 1 2 3 3
-3779.5 -4074.3 -72.2 284 0 17.1 18.7 7.5 2.5 2 1 3 1 1
-3791.1 -4154.7 -71.4 102 0 4.4 7.7 5.0 2.5 2 1 2 5 5
-3789.0 -4146.4 -71.5 102 0 3.7 15.1 5.0 2.5 2 1 2 4 4
-3792.6 -4124.1 -71.7 192 0 10.1 10.0 2.5 2.5 2 0 1 4 4
-3786.3 -4111.7 -71.8 192 0 12.7 7.6 7.5 2.5 2 0 3 0 0
-4157.8 -4266.9 -63.8 96 0 21.8 14.3 7.5 2.5 2 0 3 5 5
-4505.1 -3766.2 -62.0 109 0 9.2 7.7 5.0 2.5 2 0 2 1 1
-2467.7 -5671.3 -98.6 24 0 8.1 14.9 10.5 3.5 2 1 3 3 3
-2979.6 -5700.5 -99.7 180 0 19.2 13.5 14.0 3.5 4 0 4 3 3
-3602.4 -3363.8 -76.5 281 0 30.7 3.8 7.5 2.5 2 0 3 0 0
-2642.2 -5963.8 -91.6 16 0 8.2 4.9 10.5 3.5 2 0 3 5 5
-1772.0 -5682.3 -75.4 203 0 5.1 9.4 10.5 3.5 2 0 3 1 1
-1761.1 -5689.9 -75.2 113 0 4.7 11.9 10.5 3.5 2 1 3 4 4
-1787.2 -5691.1 -75.1 208 0 5.9 8.3 10.5 0.0 0 1 3 2 2
-1759.6 -5696.5 -74.7 25 0 6.5 10.4 10.5 3.5 2 1 3 0 0
-1775.7 -5660.7 -76.2 205 0 9.4 11.5 10.5 3.5 2 1 3 4 4
-2147.1 -5935.3 -83.4 293 0 5.8 16.5 10.5 3.5 2 1 3 3 3
-2409.6 -6537.2 -71.8 98 0 5.2 10.3 10.5 0.0 0 1 3 0 0
-2365.1 -6515.6 -71.9 16 0 8.1 9.4 10.5 3.5 2 1 3 0 0
-2388.8 -6506.8 -72.6 16 0 11.2 12.4 17.5 3.5 2 0 5 2 2
-2418.9 -6165.2 -80.2 13 0 10.9 9.2 10.5 3.5 2 0 3 4 4
-2481.2 -6213.6 -79.4 275 0 6.0 5.9 10.5 3.5 2 0 3 2 2
-2456.6 -6219.3 -78.9 280 0 10.4 7.4 10.5 3.5 2 0 3 0 0
-2442.6 -6218.6 -78.7 279 0 9.4 10.6 10.5 3.5 2 1 3 4 4
195.8 -4758.7 -50.9 275 0 10.4 51.8 10.0 2.5 4 1 4 1 1
150.0 -4826.4 -49.5 193 0 11.8 11.4 7.5 2.5 4 0 3 0 0
137.3 -4778.6 -51.8 358 0 89.1 12.2 12.5 2.5 2 0 5 2 2
141.0 -4867.5 -49.7 358 0 88.9 11.1 12.5 2.5 2 0 5 2 2
139.2 -4922.2 -44.8 267 0 12.1 46.4 12.5 2.5 2 0 5 2 2
207.5 -4892.5 -47.9 88 0 10.2 48.6 12.5 0.0 0 1 5 2 2
419.9 -5006.1 -37.5 84 0 10.8 42.1 12.5 2.5 2 1 5 2 2
-1770.3 -4572.2 -79.2 99 0 3.0 18.9 2.5 2.5 2 1 1 3 3
-1766.7 -4542.5 -79.1 189 0 19.8 3.7 2.5 2.5 2 0 1 0 0
-1791.1 -4545.0 -79.7 100 0 14.6 7.8 5.0 2.5 2 0 2 1 1
-1952.1 -5127.3 -82.0 15 0 5.6 17.0 5.0 2.5 2 1 2 1 1
-2004.2 -5112.8 -82.8 195 0 6.1 36.2 5.0 0.0 0 1 2 4 4
-1998.6 -5140.8 -83.3 13 0 4.2 13.0 7.5 2.5 2 1 3 3 3
-1784.7 -5241.6 -78.5 95 0 10.6 8.6 7.5 2.5 4 0 3 0 0
-985.8 -5005.1 -64.4 100 0 8.6 16.4 2.5 2.5 4 1 1 2 2
-3472.0 -4813.9 -75.9 191 0 7.1 13.0 7.5 2.5 2 1 3 2 2
-4367.8 -4610.1 -59.3 7 0 15.3 11.7 5.0 2.5 2 0 2 1 1
-4382.1 -4691.4 -59.4 97 0 11.8 74.0 7.5 2.5 2 1 3 1 1
-3684.4 -4630.8 -72.5 209 0 10.6 11.2 7.5 2.5 2 1 3 5 5
-3481.1 -4813.6 -75.7 192 0 9.1 7.9 5.0 2.5 2 0 2 3 3
-4173.3 -4728.5 -63.6 191 0 11.4 14.8 7.5 2.5 2 1 3 0 0
-5872.3 -6572.5 -31.7 272 0 6.9 6.4 7.5 0.0 0 0 3 0 0
-2541.9 -3831.8 -91.0 96 0 6.9 7.0 7.5 2.5 2 1 3 4 4
3867.2 -5822.0 -43.2 298 0 20.8 8.2 5.0 2.5 2 0 2 2 2
3858.3 -5816.7 -43.0 28 0 10.2 18.1 7.5 2.5 2 0 3 0 0
4150.4 -5789.9 -47.0 118 0 9.0 111.6 7.5 2.5 2 1 3 0 0
4965.0 -6097.3 -61.1 184 0 12.0 7.6 7.5 2.5 2 0 3 3 3
4971.0 -6047.3 -59.4 183 0 7.5 9.5 5.0 2.5 2 1 2 3 3
4959.4 -6029.6 -63.8 5 0 10.4 6.8 5.0 2.5 2 0 2 4 4
4953.1 -6015.4 -65.3 2 0 7.4 6.1 7.5 2.5 2 0 3 2 2
4935.8 -6006.8 -65.6 182 0 7.1 8.3 7.5 2.5 2 1 3 4 4
4963.6 -6014.2 -64.9 3 0 13.8 8.1 7.5 2.5 2 0 3 3 3
4959.9 -6078.0 -61.8 2 0 12.7 14.9 5.0 2.5 2 1 2 2 2
4954.1 -6092.1 -62.2 1 0 7.0 10.9 5.0 2.5 4 1 2 3 3
4938.5 -6106.9 -63.9 3 0 7.7 11.2 7.5 2.5 2 1 3 3 3
4926.1 -6106.0 -64.7 2 0 7.2 9.1 2.5 2.5 2 1 1 5 5
4925.9 -6097.4 -65.0 3 0 6.3 15.5 7.5 2.5 2 1 3 4 4
3950.7 -6270.8 -48.9 276 0 10.6 59.8 7.5 0.0 0 1 3 1 1
3373.0 -5413.0 -33.1 6 0 10.6 15.1 10.0 2.5 2 1 4 1 1
3308.4 -5417.4 -32.5 272 0 4.4 7.1 7.5 2.5 2 1 3 4 4
3308.2 -5403.3 -32.8 277 0 7.8 11.1 5.0 2.5 2 1 2 5 5
3240.6 -5481.2 -32.3 185 0 7.8 8.9 2.5 2.5 2 1 1 3 3
3211.6 -5499.9 -32.1 273 0 9.4 9.7 7.5 2.5 2 1 3 3 3
3221.6 -5532.6 -31.6 4 0 7.7 8.6 5.0 2.5 2 1 2 5 5
3147.0 -5538.4 -31.0 283 0 9.0 13.7 5.0 2.5 2 1 2 3 3
2796.7 -5804.5 -22.0 188 0 11.5 15.0 5.0 2.5 2 1 2 1 1
2861.2 -5850.7 -22.3 93 0 11.7 4.0 5.0 2.5 2 0 2 5 5
2429.1 -5806.6 -21.0 110 0 11.0 48.2 10.0 2.5 4 1 4 2 2
2461.5 -5769.1 -20.7 290 0 15.6 14.6 2.5 2.5 2 0 1 0 0
2466.7 -5820.3 -20.9 104 0 11.1 51.1 10.0 2.5 2 1 4 4 4
1813.2 -5968.7 -18.6 96 0 9.2 5.4 7.5 2.5 2 0 3 5 5
1780.0 -5962.6 -18.7 90 0 8.0 4.4 7.5 0.0 0 0 3 4 4
1773.2 -6002.6 -17.9 273 0 8.6 4.5 2.5 2.5 2 0 1 3 3
1764.8 -5989.0 -18.1 274 0 8.1 8.3 7.5 2.5 4 1 3 3 3
1765.9 -6058.4 -16.9 278 0 10.4 6.6 7.5 2.5 2 0 3 1 1
1767.9 -6046.6 -17.3 100 0 16.2 12.0 10.0 2.5 2 0 4 3 3
1710.5 -6007.8 -17.8 3 0 6.5 14.1 2.5 2.5 2 1 1 2 2
1710.5 -6021.7 -17.6 4 0 15.0 12.3 2.5 2.5 2 0 1 4 4
1675.1 -6053.4 -17.0 90 0 8.4 4.7 5.0 2.5 2 0 2 0 0
1642.9 -6039.8 -17.1 270 0 7.7 5.4 5.0 2.5 2 0 2 5 5
1602.2 -6054.3 -16.8 269 0 8.2 7.7 7.5 2.5 2 0 3 3 3
1581.5 -6070.3 -16.6 181 0 9.2 15.0 5.0 2.5 2 1 2 5 5
1557.2 -6116.6 -15.7 199 0 4.4 7.8 5.0 2.5 2 1 2 2 2
1549.3 -6123.9 -15.6 199 0 7.5 22.3 2.5 2.5 2 1 1 5 5
1401.2 -6071.3 -14.4 110 0 7.9 8.7 7.5 2.5 2 1 3 0 0
1380.3 -5885.1 -15.8 283 0 21.4 13.1 10.0 0.0 0 0 4 1 1
1395.2 -5886.5 -16.1 283 0 7.0 15.4 2.5 0.0 0 1 1 5 5
1405.0 -5891.0 -16.5 281 0 7.4 8.0 7.5 2.5 2 1 3 0 0
1417.3 -5888.7 -16.9 283 0 6.7 12.3 7.5 2.5 4 1 3 4 4
1412.1 -5868.6 -17.0 100 0 6.2 10.9 5.0 2.5 2 1 2 5 5
1404.0 -5833.6 -17.1 199 0 12.3 7.4 7.5 2.5 2 0 3 5 5
