-2136.4 5435.1 14.5 271 0 16.0 25.7 10.0 2.5 2 1 4 0 0
-6411.3 3757.2 -7.6 185 0 107.0 74.0 10.0 0.0 0 0 4 4 4
-5909.3 4722.2 -19.3 351 0 32.9 61.8 10.0 0.0 0 1 4 1 1
-3819.2 -44.5 18.4 174 0 22.5 12.6 7.5 0.0 0 0 3 4 4
-4120.9 258.9 11.5 73 0 23.9 12.0 12.5 2.5 2 0 5 2 2
-6390.3 3915.9 -8.4 184 0 92.1 36.5 12.5 0.0 0 0 5 1 1
-6324.2 4066.2 -13.7 94 0 41.4 124.3 10.0 0.0 0 1 4 2 2
-6454.4 4334.1 -19.8 183 0 150.6 80.9 17.5 0.0 0 0 7 0 0
-6832.1 4435.8 -23.0 276 0 115.4 36.3 10.0 0.0 0 0 4 1 1
-6096.3 3647.7 -10.1 186 0 115.5 25.7 10.0 0.0 0 0 4 2 2
-6211.9 3810.7 -8.8 96 0 203.0 64.2 12.5 0.0 0 0 5 2 2
-6125.5 3629.5 -9.2 7 0 152.5 196.5 10.0 0.0 0 1 4 1 1
-6298.7 3939.5 -10.1 187 0 66.0 203.0 12.5 0.0 0 1 5 3 3
-6698.8 4047.7 -15.8 98 0 45.9 30.4 10.0 0.0 0 0 4 4 4
-6562.1 4344.9 -24.4 96 0 140.4 132.1 12.5 0.0 0 0 5 5 5
-6025.9 3598.8 -11.1 2 0 45.9 25.6 7.5 0.0 0 0 3 2 2
-6569.0 4336.7 -16.8 275 0 137.8 69.2 10.0 0.0 0 0 4 4 4
-6770.9 4371.7 -22.3 7 0 34.3 70.8 17.5 0.0 0 1 7 5 5
-6666.9 4294.4 -16.3 7 0 32.2 67.4 12.5 0.0 0 1 5 4 4
-6334.3 4275.3 -16.7 8 0 124.7 35.5 12.5 0.0 0 0 5 0 0
-6232.7 4254.1 -16.2 187 0 50.5 63.0 12.5 0.0 0 1 5 5 5
-6414.7 3863.2 -9.8 6 0 51.2 89.1 10.0 0.0 0 0 4 4 4
-6473.8 4167.3 -14.4 187 0 158.9 84.4 10.0 0.0 0 0 4 2 2
-6420.1 3906.0 -7.3 8 0 36.3 31.1 10.0 0.0 0 0 4 5 5
-6816.1 4041.1 -17.9 94 0 176.1 82.2 10.0 0.0 0 0 4 0 0
-6649.9 3999.7 -18.5 277 0 244.3 94.3 12.5 0.0 0 0 5 1 1
-5977.5 3020.1 -5.5 87 0 29.8 7.1 10.5 2.5 2 0 3 2 2
-5932.3 3039.8 -7.2 79 0 9.5 35.7 7.5 2.5 2 1 3 0 0
-5929.1 3021.8 -5.9 354 0 6.7 20.0 10.5 2.5 4 1 3 0 0
-5623.3 3115.7 -12.2 255 0 12.5 16.4 7.0 2.5 2 1 2 5 5
-2461.3 5100.7 14.6 271 0 91.7 65.9 12.5 0.0 0 0 5 4 4
-4333.2 601.6 9.5 78 0 45.1 28.9 7.5 0.0 0 0 3 1 1
-4481.5 580.8 8.2 244 0 10.2 41.8 7.5 2.5 2 1 3 2 2
-4795.3 -100.0 5.5 26 0 16.6 24.3 10.0 2.5 4 1 4 2 2
-4445.0 540.2 8.4 69 0 14.6 15.0 5.0 2.5 2 1 2 4 4
-4266.8 466.7 10.4 187 0 3.9 9.8 5.0 0.0 0 1 2 1 1
-4175.0 465.3 10.6 186 0 13.0 35.1 7.5 2.5 2 1 3 5 5
-4459.0 1304.2 1.6 89 0 32.1 21.2 10.0 0.0 0 0 4 2 2
-6591.0 3274.7 -2.2 276 0 15.6 85.9 7.5 0.0 0 1 3 1 1
-6657.9 3121.8 -2.2 96 0 40.8 85.1 10.0 0.0 0 1 4 5 5
-4432.5 1306.1 1.6 84 0 7.8 20.6 5.0 2.5 2 1 2 5 5
-6661.4 3081.7 -2.0 280 0 17.2 24.0 10.0 2.5 2 1 4 2 2
