-2016.5 -5909.0 37.2 218 0 57.7 65.7 7.5 0.0 0 1 3 3 3
-2151.0 -6205.3 42.3 132 0 41.5 62.5 12.5 0.0 0 1 5 3 3
-2647.6 -5956.0 26.7 170 0 64.1 67.4 10.0 0.0 0 1 4 4 4
-6248.5 -3775.9 -12.9 183 0 17.7 8.0 7.5 0.0 0 0 3 0 0
-6194.8 -3788.7 -12.1 93 0 7.9 18.7 7.5 2.5 2 1 3 4 4
-6247.0 -3752.3 -13.5 183 0 9.2 46.0 7.5 2.5 2 1 3 2 2
-6221.1 -3707.9 -13.5 181 0 23.3 18.8 7.5 2.5 2 0 3 3 3
-6251.5 -3495.6 -13.7 176 0 100.3 19.2 10.0 0.0 0 0 4 5 5
-5540.0 -3144.8 -20.4 1 0 13.3 67.0 10.0 2.5 2 1 4 1 1
-5589.9 -2853.1 -18.4 322 0 19.8 29.7 12.5 2.5 2 1 5 3 3
-5743.0 -2606.6 -22.1 332 0 26.4 39.6 12.5 0.0 0 1 5 0 0
-6655.2 -1260.7 -33.4 170 0 12.4 19.6 10.0 2.5 2 1 4 5 5
-6607.1 -6276.5 0.0 95 0 49.6 17.2 10.0 2.5 2 0 4 4 4
-4316.7 -2863.2 -12.1 190 0 8.3 7.9 5.0 0.0 0 0 2 3 3
-4987.3 -1244.9 -24.7 54 0 11.8 88.8 7.5 2.5 2 1 3 2 2
-5013.5 -1170.0 -24.3 241 0 9.9 56.9 7.5 2.5 2 1 3 5 5
-2841.2 5072.3 -26.0 32 0 133.8 70.2 12.5 0.0 0 0 5 0 0
-1263.1 2600.9 -40.9 94 0 67.8 72.9 7.5 0.0 0 1 3 0 0
-2800.6 5136.2 -24.9 35 0 17.9 16.8 10.0 2.5 2 0 4 5 5
-2516.0 5139.0 -28.3 301 0 20.8 29.3 7.5 0.0 0 1 3 1 1
-1456.4 3772.0 -47.0 106 0 106.0 56.5 10.0 0.0 0 0 4 3 3
-4941.5 -3753.7 -17.4 330 0 31.5 17.1 7.5 2.5 2 0 3 4 4
-4981.0 -3242.4 -19.5 201 0 46.2 14.5 5.0 0.0 0 0 2 0 0
3739.2 1418.0 -31.4 154 0 18.4 17.7 7.5 2.5 2 0 3 2 2
3457.4 2002.7 -43.3 271 0 12.6 21.9 10.0 0.0 0 1 4 2 2
3424.5 2004.9 -43.9 271 0 11.5 12.1 5.0 2.5 2 1 2 4 4
3533.6 2080.4 -44.5 3 0 25.5 17.1 10.0 2.5 2 0 4 2 2
3556.5 2079.6 -44.5 356 0 20.7 10.7 7.5 2.5 4 0 3 1 1
3417.0 2035.3 -44.6 90 0 12.6 30.2 15.0 0.0 0 0 6 4 4
-5852.4 -6370.4 -9.3 270 0 5.7 17.7 5.0 2.5 2 1 2 2 2
-5841.3 -6352.5 -9.7 96 0 10.8 22.2 2.5 2.5 2 1 1 1 1
-6024.1 -6348.0 -7.7 89 0 12.2 22.6 7.5 2.5 2 1 3 2 2
-4638.7 -3691.1 -13.7 101 0 23.7 12.0 12.5 2.5 2 0 5 3 3
-4623.9 -3618.1 -12.8 93 0 19.4 18.5 10.0 2.5 2 0 4 4 4
-4795.2 -3863.3 -15.3 10 0 18.1 22.7 10.0 2.5 2 1 4 2 2
-4705.1 -3688.7 -14.9 10 0 21.7 22.2 12.5 2.5 2 1 5 2 2
-4667.2 -3687.7 -13.6 100 0 19.8 13.4 12.5 2.5 2 0 5 1 1
-4491.7 -3707.5 -11.9 12 0 16.8 23.2 12.5 2.5 4 1 5 3 3
-4539.1 -3574.7 -12.8 280 0 19.8 34.3 12.5 0.0 0 1 5 3 3
-4769.8 -3838.8 -14.6 281 0 14.4 17.2 5.0 2.5 2 1 2 1 1
-4521.8 -3734.2 -11.1 192 0 10.5 17.6 7.5 2.5 2 1 3 3 3
-4552.6 -3682.1 -12.0 100 0 6.7 7.9 5.0 2.5 2 1 2 5 5
-4586.6 -3645.7 -11.3 281 0 20.8 23.2 10.0 2.5 2 1 4 2 2
-4488.1 -3686.4 -11.9 11 0 16.9 22.3 10.0 2.5 2 1 4 2 2
-6814.5 -3253.7 -20.3 283 0 15.8 8.9 7.5 2.5 2 0 3 3 3
-6752.3 -3278.4 -19.4 198 0 9.3 18.8 5.0 0.0 0 1 2 2 2
-6794.9 -3295.5 -20.1 109 0 11.1 19.4 10.0 2.5 2 1 4 3 3
-6771.6 -3293.3 -19.8 20 0 19.4 11.9 7.5 2.5 4 0 3 1 1
-6914.3 -3264.3 -21.5 189 0 14.5 19.2 10.0 2.5 2 1 4 4 4
-6828.8 -3288.0 -20.5 98 0 12.6 21.0 10.0 2.5 2 1 4 1 1
-6908.6 -3228.9 -21.5 182 0 13.9 21.9 7.5 2.5 2 1 3 4 4
-6914.6 -3203.4 -21.7 181 0 17.7 13.0 5.0 2.5 2 0 2 5 5
-6645.5 -3298.8 -18.7 286 0 11.4 15.8 2.5 2.5 2 1 1 1 1
-6744.1 -3258.8 -19.7 198 0 12.0 14.0 10.0 2.5 2 1 4 0 0
-6812.6 -3291.8 -20.5 106 0 9.5 19.4 5.0 2.5 2 1 2 5 5
-6767.2 -3256.4 -19.8 18 0 14.8 20.5 7.5 2.5 4 1 3 2 2
-6709.0 -3263.3 -19.6 289 0 25.4 28.1 7.5 0.0 0 1 3 1 1
-6869.5 -3281.3 -21.0 94 0 10.1 12.9 10.0 2.5 2 1 4 4 4
-6874.9 -3251.2 -21.1 179 0 20.1 13.1 12.5 2.5 2 0 5 3 3
-6835.6 -3375.6 -20.4 99 0 10.4 16.3 7.5 2.5 2 1 3 3 3
-6843.5 -3208.5 -20.6 268 0 12.3 24.3 12.5 2.5 2 1 5 1 1
-4436.7 -1167.1 -22.4 90 0 15.4 20.0 10.0 2.5 2 0 4 1 1
-4435.6 -1147.1 -22.4 273 0 14.7 20.0 10.0 2.5 2 0 4 5 5
-3703.3 -5047.5 1.7 314 0 45.7 43.9 10.0 0.0 0 0 4 1 1
-3875.5 -5987.0 11.1 276 0 15.9 25.2 7.5 2.5 2 1 3 3 3
-1958.3 -5957.9 38.1 225 0 42.4 23.8 10.0 0.0 0 0 4 0 0
-1760.5 -6089.1 39.6 311 0 18.5 23.3 10.0 2.5 2 1 4 1 1
-3566.3 -6006.0 12.9 100 0 27.6 29.9 7.5 0.0 0 1 3 3 3
-6048.8 -1511.4 -24.4 150 0 13.8 21.1 10.0 0.0 0 1 4 3 3
-6239.8 -1391.5 -25.8 184 0 13.2 12.5 7.5 2.5 2 0 3 1 1
-6304.4 -1476.5 -26.5 153 0 13.9 29.0 10.0 2.5 2 1 4 5 5
-6190.4 153.7 -42.4 282 0 16.2 64.3 12.5 2.5 2 0 5 4 4
-6031.5 -1539.3 -24.5 150 0 10.1 19.9 5.0 2.5 2 1 2 4 4
-6056.9 -1569.2 -25.2 331 0 9.3 16.1 5.0 2.5 2 1 2 5 5
-6101.8 -1546.6 -24.8 240 0 16.0 13.8 5.0 2.5 2 0 2 2 2
-6237.7 -1369.1 -25.7 186 0 19.6 16.0 7.5 2.5 2 0 3 3 3
-6295.3 -1492.7 -26.3 154 0 13.1 50.3 7.5 2.5 2 1 3 2 2
-6010.1 -1622.3 -26.1 195 0 15.3 19.4 7.5 2.5 2 1 3 2 2
-6055.1 -1747.5 -26.6 266 0 37.0 14.0 10.0 2.5 2 0 4 4 4
-5975.8 -1714.5 -25.6 102 0 7.8 12.0 7.5 2.5 2 1 3 4 4
-5875.7 -1680.2 -23.5 290 0 15.4 14.2 5.0 2.5 2 0 2 0 0
-6018.1 -1676.1 -26.3 197 0 11.3 17.0 7.5 2.5 2 1 3 3 3
-6150.8 -1739.4 -26.2 177 0 18.5 62.7 10.0 2.5 2 1 4 0 0
-6065.9 -1560.2 -25.0 61 0 18.9 10.6 7.5 2.5 2 0 3 5 5
-6156.1 -73.7 -33.8 102 0 42.8 12.8 7.5 2.5 2 0 3 1 1
-6288.2 -1504.3 -26.1 157 0 10.5 43.1 12.5 2.5 2 1 5 0 0
-6059.2 -1524.7 -24.8 330 0 15.2 32.7 7.5 2.5 2 1 3 1 1
-6202.3 -1375.9 -25.2 270 0 22.9 10.2 2.5 2.5 2 0 1 2 2
-5956.2 -1619.3 -25.7 97 0 18.6 12.4 5.0 2.5 2 0 2 3 3
-6077.5 -94.0 -34.0 98 0 12.1 13.6 5.0 2.5 4 1 2 5 5
-6111.4 -84.0 -33.8 97 0 13.0 10.1 2.5 2.5 2 0 1 0 0
-6240.7 -1410.9 -25.9 184 0 15.3 18.5 12.5 0.0 0 1 5 3 3
-5921.7 -1705.1 -25.2 107 0 84.6 14.6 10.0 2.5 2 0 4 5 5
-5839.2 -1648.7 -23.3 288 0 19.1 72.1 10.0 2.5 2 1 4 2 2
-5865.3 -1633.3 -24.2 98 0 76.7 13.8 10.0 2.5 2 0 4 2 2
-5852.7 -1739.4 -23.2 93 0 8.4 8.1 7.5 2.5 2 0 3 2 2
-5905.2 -1669.9 -24.2 285 0 11.4 14.3 2.5 2.5 4 1 1 2 2
-6095.3 -89.1 -33.9 102 0 14.2 11.4 5.0 2.5 2 0 2 4 4
-6243.7 -1432.5 -26.1 182 0 12.9 19.1 5.0 2.5 2 1 2 4 4
-6173.9 68.8 -40.1 99 0 50.1 16.7 12.5 2.5 2 0 5 2 2
-6053.3 -1580.6 -25.3 328 0 13.8 15.3 7.5 0.0 0 1 3 2 2
-6313.2 -1461.1 -26.7 148 0 12.3 39.3 7.5 2.5 2 1 3 0 0
-6128.5 141.8 -40.7 279 0 17.4 62.4 10.0 2.5 2 1 4 3 3
-5919.6 -1621.5 -25.0 98 0 34.5 9.7 7.5 2.5 2 0 3 0 0
-6027.0 -1560.0 -24.8 158 0 8.0 13.3 7.5 2.5 2 1 3 2 2
-6045.7 -1542.8 -25.0 331 0 10.6 16.7 5.0 2.5 2 0 2 5 5
-6035.6 -1611.0 -25.5 333 0 12.4 16.8 7.5 2.5 2 1 3 4 4
-5948.0 -1720.8 -24.9 100 0 4.4 10.2 2.5 2.5 2 0 1 1 1
-5921.1 -1634.9 -24.8 287 0 13.9 42.1 10.0 2.5 2 1 4 4 4
-6017.1 -1761.8 -26.6 359 0 30.9 15.5 15.0 0.0 0 0 6 4 4
-6311.9 -1428.3 -27.0 241 0 30.4 16.7 7.5 2.5 2 0 3 5 5
-6052.0 -1688.6 -26.2 195 0 7.8 28.7 7.5 2.5 2 1 3 5 5
-6271.8 -1413.8 -26.8 279 0 22.9 15.6 7.5 2.5 2 0 3 4 4
-2760.7 1342.4 -24.1 83 0 23.6 48.3 12.5 2.5 4 1 5 1 1
-2666.7 1391.5 -24.3 353 0 26.0 80.7 7.5 0.0 0 1 3 2 2
-2662.3 1362.1 -24.6 353 0 25.3 23.7 10.0 0.0 0 0 4 2 2
-2639.4 1396.2 -24.9 173 0 22.1 36.4 7.5 0.0 0 1 3 2 2
-2602.9 1379.0 -24.7 353 0 10.6 29.7 10.0 2.5 2 1 4 5 5
-6137.0 -921.5 -27.9 93 0 15.8 18.3 7.5 0.0 0 1 3 4 4
3823.9 1795.9 -41.5 138 0 39.0 11.0 12.5 2.5 2 0 5 3 3
-6521.9 -2911.2 -21.4 177 0 39.6 20.9 10.0 0.0 0 0 4 5 5
-6812.1 -3132.3 -22.2 91 0 15.7 22.7 7.5 2.5 4 1 3 3 3
-2115.3 1836.2 -33.5 358 0 112.6 263.0 7.5 0.0 0 1 3 0 0
-3229.3 1060.6 -16.3 149 0 77.3 41.7 7.5 0.0 0 0 3 3 3
-2439.0 1977.8 -32.5 85 0 26.9 17.5 10.0 2.5 2 0 4 4 4
-2440.4 2023.5 -32.5 269 0 32.8 23.5 10.0 0.0 0 0 4 2 2
-2571.6 1977.6 -26.3 355 0 49.2 30.2 7.5 0.0 0 0 3 3 3
-2497.9 2017.4 -29.2 268 0 23.1 16.4 15.0 0.0 0 0 6 5 5
-2584.6 1948.5 -26.2 265 0 30.6 50.8 12.5 0.0 0 1 5 1 1
-2460.3 2018.3 -30.9 268 0 12.1 19.1 7.5 2.5 2 1 3 1 1
-2495.3 1973.4 -29.1 83 0 30.1 21.5 10.0 0.0 0 0 4 5 5
-1948.0 2523.4 -35.6 42 0 21.1 10.6 7.5 2.5 2 0 3 2 2
-1888.1 2780.1 -38.8 283 0 13.4 14.7 2.5 2.5 2 1 1 3 3
-1878.5 2736.3 -38.6 4 0 11.4 23.2 10.0 2.5 2 1 4 5 5
-1873.7 2790.2 -39.2 79 0 17.3 21.6 7.5 2.5 4 1 3 4 4
-1858.0 2787.3 -39.3 94 0 9.5 25.7 7.5 2.5 2 1 3 4 4
-1808.2 2781.7 -39.4 96 0 17.1 17.5 15.0 0.0 0 1 6 3 3
-1961.7 2765.3 -38.5 182 0 9.2 28.0 7.5 0.0 0 1 3 0 0
-1884.1 2784.8 -39.1 7 0 29.6 14.0 10.0 2.5 2 0 4 0 0
-1863.3 2318.2 -36.8 85 0 36.3 18.1 7.5 2.5 4 0 3 1 1
-1984.8 2347.8 -35.0 43 0 30.0 28.6 10.0 0.0 0 0 4 2 2
-1844.6 2490.7 -38.6 101 0 20.9 20.1 7.5 2.5 2 0 3 1 1
-1796.5 2483.2 -40.1 87 0 34.5 26.3 12.5 0.0 0 0 5 2 2
-1873.0 2367.5 -36.7 267 0 18.7 25.0 5.0 2.5 2 1 2 2 2
-1945.3 2310.2 -35.6 82 0 31.6 23.8 10.0 0.0 0 0 4 5 5
-2569.9 1976.9 -26.6 174 0 50.4 29.0 7.5 0.0 0 0 3 2 2
-1795.5 2698.1 -38.1 40 0 16.4 26.0 10.0 2.5 2 1 4 5 5
-2495.0 1954.1 -29.0 263 0 44.0 43.6 15.0 0.0 0 0 6 2 2
-2618.3 1859.2 -26.1 167 0 9.0 10.3 5.0 2.5 2 1 2 4 4
-1811.3 2679.0 -37.8 40 0 31.2 29.1 10.0 0.0 0 0 4 5 5
-1961.7 2620.5 -36.8 183 0 30.3 21.8 5.0 0.0 0 0 2 3 3
-1975.7 2405.3 -35.2 221 0 51.9 15.9 7.5 2.5 2 0 3 2 2
-2091.1 2151.8 -34.5 92 0 21.5 14.3 7.5 2.5 2 0 3 3 3
-2607.7 1864.1 -26.1 177 0 8.2 8.8 5.0 0.0 0 1 2 2 2
-2133.8 1931.1 -33.4 267 0 17.9 20.7 10.0 2.5 4 1 4 5 5
-1876.7 2524.9 -37.6 218 0 32.1 20.1 7.5 0.0 0 0 3 4 4
-1815.3 2524.4 -39.8 179 0 23.6 21.2 15.0 0.0 0 0 6 4 4
-2528.1 1970.4 -27.0 91 0 31.2 20.2 7.5 0.0 0 0 3 3 3
-2113.8 1882.2 -33.5 342 0 22.4 23.2 10.0 2.5 2 1 4 3 3
-2475.8 2017.7 -30.2 269 0 16.6 19.6 10.0 2.5 2 1 4 1 1
-1853.2 2368.1 -37.1 269 0 16.2 24.5 7.5 2.5 2 1 3 1 1
-2603.4 1848.3 -26.2 83 0 9.1 4.9 5.0 2.5 2 0 2 0 0
-1889.9 2363.6 -36.2 268 0 15.6 19.7 7.5 2.5 2 1 3 1 1
-2171.2 1944.3 -33.3 269 0 96.6 13.2 5.0 2.5 2 0 2 5 5
-1795.0 2764.8 -39.2 310 0 19.2 33.6 10.0 0.0 0 1 4 1 1
-2017.2 2311.2 -35.0 51 0 19.7 28.4 7.5 2.5 2 1 3 5 5
-2122.4 2175.1 -34.1 39 0 11.5 27.9 15.0 0.0 0 1 6 2 2
-1855.6 2701.5 -38.0 219 0 22.1 16.5 10.0 2.5 2 0 4 5 5
-2001.0 2325.5 -34.6 38 0 20.5 29.0 7.5 2.5 4 1 3 5 5
-1910.9 2364.7 -35.9 270 0 17.9 19.1 10.0 0.0 0 1 4 5 5
-2760.7 1853.7 -25.0 67 0 18.5 24.2 10.0 2.5 2 1 4 0 0
-1907.7 2313.8 -36.1 88 0 30.3 24.0 10.0 0.0 0 0 4 1 1
-2529.9 1951.5 -26.7 267 0 26.9 47.2 7.5 0.0 0 1 3 1 1
-2066.1 2149.8 -34.7 92 0 26.0 42.5 12.5 0.0 0 1 5 3 3
-2499.3 1842.9 -27.8 122 0 8.7 40.6 7.5 0.0 0 1 3 0 0
-2102.1 2210.7 -34.7 288 0 26.4 40.3 10.0 0.0 0 1 4 0 0
-2169.7 1931.9 -33.4 273 0 29.7 28.0 10.0 0.0 0 0 4 0 0
-2134.5 2161.4 -33.7 34 0 27.8 32.9 12.5 0.0 0 1 5 3 3
-1808.4 1883.0 -36.9 355 0 30.3 18.8 12.5 2.5 2 0 5 4 4
-2215.8 2044.4 -32.4 86 0 59.1 18.3 7.5 2.5 2 0 3 0 0
-2178.5 2103.1 -32.5 92 0 22.6 9.5 5.0 2.5 2 0 2 0 0
-2158.6 2007.7 -32.8 267 0 12.8 12.6 5.0 2.5 4 0 2 3 3
-2105.6 2029.4 -34.1 84 0 14.5 20.4 10.0 2.5 2 0 4 4 4
-2099.1 1835.3 -33.8 174 0 15.2 21.6 12.5 2.5 2 1 5 0 0
-2046.1 1819.3 -34.4 264 0 32.0 13.2 7.5 2.5 2 0 3 0 0
-2097.6 1967.9 -33.9 86 0 20.9 20.0 7.5 2.5 2 0 3 2 2
-2091.3 2098.7 -34.3 89 0 20.2 12.0 7.5 2.5 4 0 3 4 4
-1909.0 1891.3 -36.0 262 0 23.3 26.7 10.0 0.0 0 1 4 1 1
-1846.6 1813.9 -36.2 354 0 14.1 22.8 7.5 2.5 2 1 3 0 0
-2215.7 2021.5 -32.5 38 0 28.0 14.0 7.5 2.5 2 0 3 5 5
-2111.6 2088.2 -34.2 270 0 38.5 13.3 7.5 2.5 2 0 3 3 3
-2013.1 1823.9 -34.8 263 0 30.1 14.3 5.0 2.5 4 0 2 2 2
-2094.9 1807.0 -33.9 172 0 13.5 28.9 5.0 2.5 2 1 2 1 1
-2069.7 2097.3 -34.4 94 0 15.0 14.3 5.0 2.5 2 0 2 1 1
-2298.4 2021.7 -32.4 219 0 14.2 30.2 7.5 2.5 2 1 3 5 5
-1850.9 1866.7 -36.6 356 0 13.9 14.7 2.5 2.5 2 1 1 2 2
-2197.6 2090.3 -32.2 271 0 20.9 15.5 10.0 2.5 2 0 4 3 3
-1953.5 1861.8 -35.7 175 0 32.1 34.9 10.0 0.0 0 1 4 5 5
-1903.8 1846.5 -36.0 84 0 23.6 12.1 10.0 2.5 4 0 4 1 1
-1879.2 1848.9 -36.3 86 0 22.7 12.3 10.0 2.5 2 0 4 1 1
-2190.3 1999.4 -32.7 39 0 14.5 20.1 7.5 2.5 2 1 3 4 4
-1842.4 1841.6 -36.6 176 0 21.8 33.0 10.0 0.0 0 1 4 1 1
-1869.8 1841.0 -36.4 266 0 33.6 14.6 7.5 2.5 2 0 3 0 0
-2096.2 2170.5 -34.6 101 0 18.1 10.5 7.5 2.5 2 0 3 0 0
-2138.6 2100.3 -33.5 89 0 19.5 10.2 7.5 2.5 2 0 3 5 5
-1881.2 1893.2 -36.4 266 0 24.6 28.3 7.5 0.0 0 1 3 2 2
-2076.3 2084.6 -34.3 261 0 27.1 22.9 10.0 0.0 0 0 4 2 2
-2297.5 1972.8 -32.7 40 0 16.4 30.4 7.5 2.5 2 1 3 3 3
-2233.3 2001.5 -32.5 36 0 20.8 20.1 12.5 2.5 2 0 5 3 3
-2091.3 2030.2 -34.1 90 0 14.1 21.7 7.5 2.5 2 0 3 4 4
-1849.9 1879.2 -36.8 174 0 36.4 21.2 10.0 0.0 0 0 4 2 2
-2056.0 1830.7 -34.3 83 0 38.9 22.1 10.0 0.0 0 0 4 4 4
-2232.0 2024.9 -32.4 36 0 15.7 13.4 7.5 2.5 2 0 3 3 3
-2166.3 2127.1 -32.8 90 0 16.3 19.3 7.5 2.5 2 1 3 1 1
-2250.0 1965.5 -32.8 176 0 17.0 33.5 7.5 2.5 2 1 3 5 5
-2124.6 2025.2 -33.7 89 0 19.0 16.1 7.5 2.5 2 0 3 4 4
-2201.6 1981.6 -32.7 44 0 22.6 27.3 10.0 2.5 2 1 4 1 1
-2128.8 2148.1 -34.0 275 0 25.8 26.9 12.5 0.0 0 1 5 4 4
-2063.3 2138.2 -34.5 276 0 16.7 21.7 10.0 2.5 2 1 4 4 4
-2271.3 2043.4 -32.3 223 0 42.2 26.2 7.5 0.0 0 0 3 3 3
-2151.0 2024.0 -33.0 88 0 30.7 21.9 10.0 0.0 0 0 4 5 5
-2090.8 2140.2 -34.4 270 0 21.6 18.3 12.5 2.5 2 0 5 5 5
-2106.1 2072.1 -34.2 270 0 24.3 16.7 7.5 0.0 0 0 3 5 5
-2194.4 2027.2 -32.7 217 0 24.7 17.9 7.5 2.5 2 0 3 4 4
-1863.9 1953.7 -36.7 267 0 33.3 19.6 7.5 0.0 0 0 3 3 3
-2018.4 2059.0 -34.8 272 0 18.1 20.8 7.5 2.5 2 1 3 4 4
-1829.2 2164.1 -37.1 354 0 15.1 29.1 7.5 2.5 2 1 3 5 5
-1867.6 2056.7 -36.7 176 0 15.3 12.2 5.0 2.5 2 0 2 5 5
-1959.2 1907.7 -35.5 175 0 20.1 17.7 7.5 2.5 2 0 3 4 4
-1865.0 1982.0 -36.7 177 0 16.1 16.2 12.5 2.5 2 1 5 2 2
-1962.0 2059.0 -35.5 271 0 14.2 21.8 10.0 2.5 2 0 4 2 2
-1912.6 1951.8 -36.0 86 0 13.4 18.6 5.0 2.5 2 0 2 3 3
-1833.9 1963.9 -37.0 90 0 17.6 13.3 7.5 2.5 2 0 3 4 4
-1871.8 2084.9 -36.7 179 0 20.0 18.7 7.5 2.5 2 0 3 1 1
-1896.8 1932.9 -36.1 357 0 17.6 21.9 10.0 2.5 2 0 4 0 0
-1937.5 2043.3 -35.7 358 0 11.3 15.2 10.0 2.5 2 1 4 3 3
-1960.9 1924.4 -35.3 358 0 18.3 20.9 7.5 2.5 2 1 3 2 2
-2023.5 2003.2 -34.7 91 0 15.4 31.8 7.5 2.5 2 0 3 2 2
-1927.6 1901.6 -35.8 88 0 23.6 16.9 10.0 2.5 4 0 4 3 3
-1984.5 1937.9 -35.0 353 0 8.5 16.4 5.0 2.5 2 1 2 2 2
-1839.7 2025.7 -36.9 359 0 29.1 10.7 10.0 2.5 2 0 4 1 1
-1793.1 1979.9 -37.4 359 0 31.0 30.7 10.0 0.0 0 0 4 2 2
-1840.2 2053.4 -36.9 357 0 18.6 14.4 7.5 2.5 2 0 3 0 0
-1864.1 2217.3 -36.9 177 0 18.1 29.1 7.5 2.5 2 1 3 0 0
-2018.9 1993.3 -34.8 269 0 19.5 20.9 10.0 2.5 2 0 4 4 4
-2049.9 1994.8 -34.4 267 0 26.0 22.0 10.0 2.5 4 0 4 1 1
-1919.0 1979.8 -36.2 178 0 12.8 31.0 10.0 2.5 2 1 4 2 2
-1947.1 1939.8 -35.6 267 0 19.0 17.7 10.0 2.5 2 0 4 2 2
-1945.3 2062.8 -35.7 267 0 14.0 12.0 10.0 2.5 2 0 4 3 3
-1877.6 1961.7 -36.3 357 0 16.2 28.6 7.5 2.5 2 0 3 4 4
-1799.3 2007.4 -37.3 354 0 16.5 37.0 7.5 2.5 2 1 3 0 0
-1840.9 2077.3 -37.0 86 0 19.6 18.2 7.5 2.5 2 0 3 5 5
-2073.5 1955.3 -35.0 175 0 17.6 82.1 10.0 2.5 2 1 4 3 3
-1923.0 2050.6 -36.0 179 0 15.2 10.7 10.0 2.5 2 0 4 3 3
-1941.8 2104.3 -35.7 270 0 14.1 9.6 7.5 0.0 0 0 3 2 2
-2044.2 2003.0 -34.5 89 0 26.0 15.9 10.0 2.5 2 0 4 0 0
-1961.3 2101.8 -35.5 269 0 18.1 22.3 12.5 2.5 2 1 5 3 3
-1875.9 2096.9 -36.4 359 0 12.8 57.1 10.0 2.5 2 1 4 2 2
-1891.3 1917.4 -36.3 175 0 22.1 13.7 10.0 2.5 2 0 4 4 4
-1951.1 1947.8 -35.5 89 0 14.8 19.8 12.5 2.5 4 1 5 1 1
-1823.9 1954.9 -37.1 268 0 22.1 17.4 12.5 2.5 2 0 5 0 0
-1998.4 2059.6 -35.0 271 0 17.9 21.2 10.0 0.0 0 1 4 4 4
-1800.8 2058.0 -37.4 0 0 18.7 18.7 10.0 2.5 2 1 4 2 2
-1855.0 2184.8 -37.0 177 0 11.8 17.2 7.5 2.5 2 1 3 1 1
-1998.8 2102.5 -35.1 268 0 22.2 24.8 7.5 2.5 2 1 3 3 3
-1962.1 1944.9 -35.3 357 0 19.9 18.7 7.5 2.5 2 0 3 4 4
-2037.0 2061.1 -34.5 271 0 15.2 23.3 10.0 2.5 2 1 4 3 3
-1998.2 1994.2 -35.0 269 0 21.9 21.5 7.5 2.5 2 0 3 3 3
-1895.9 1912.6 -36.1 359 0 14.9 19.4 10.0 2.5 4 1 4 1 1
-1932.4 2024.2 -35.7 0 0 19.4 21.3 12.5 2.5 2 1 5 1 1
-1872.6 2104.1 -36.7 179 0 15.2 17.7 10.0 2.5 2 1 4 5 5
-1935.1 1951.8 -35.8 88 0 28.9 14.5 7.5 2.5 2 0 3 5 5
-1962.3 1904.3 -35.3 355 0 14.8 20.5 10.0 2.5 2 1 4 5 5
-1926.8 1940.6 -35.8 269 0 16.3 17.8 7.5 2.5 2 0 3 3 3
-1971.2 1957.3 -35.3 88 0 23.3 11.4 10.0 2.5 4 0 4 3 3
-1809.2 2217.0 -37.2 359 0 20.8 24.0 7.5 2.5 2 1 3 1 1
-1979.0 2101.6 -35.3 268 0 16.1 23.3 10.0 2.5 2 1 4 2 2
-1978.6 2060.3 -35.3 270 0 17.7 23.0 7.5 2.5 2 0 3 0 0
-1926.4 1979.5 -35.8 358 0 13.1 28.2 7.5 2.5 2 1 3 3 3
-2046.4 1894.6 -34.6 85 0 58.3 17.7 10.0 0.0 0 0 4 5 5
-1863.8 1908.3 -36.6 87 0 25.9 22.2 15.0 0.0 0 0 6 1 1
-1860.7 2199.7 -36.9 174 0 11.3 24.0 12.5 0.0 0 1 5 4 4
-1868.8 2013.7 -36.7 177 0 11.0 18.3 5.0 2.5 2 1 2 4 4
-1876.5 1998.9 -36.4 358 0 12.0 17.0 2.5 2.5 2 1 1 5 5
-1822.9 1821.4 -36.4 266 0 29.6 14.9 12.5 2.5 2 0 5 5 5
-1976.4 1993.3 -35.3 270 0 19.4 22.0 7.5 2.5 2 1 3 2 2
-1876.1 2082.8 -36.4 358 0 12.2 53.5 7.5 2.5 2 1 3 2 2
-1923.0 1998.1 -36.0 179 0 13.8 17.2 5.0 0.0 0 1 2 5 5
-2056.5 2027.6 -34.5 180 0 14.4 24.9 10.0 0.0 0 1 4 5 5
-1853.9 2105.1 -37.0 175 0 17.2 22.4 10.0 2.5 2 1 4 4 4
-1928.7 1995.2 -35.7 358 0 10.0 25.4 7.5 2.5 2 1 3 2 2
-1833.2 1911.8 -37.0 86 0 33.8 21.6 10.0 0.0 0 0 4 3 3
-1875.9 2040.6 -36.4 358 0 10.2 18.2 5.0 2.5 2 1 2 1 1
-1835.9 1979.2 -37.0 83 0 21.8 11.8 10.0 2.5 2 0 4 0 0
-1790.4 1934.6 -37.4 3 0 41.3 19.7 5.0 0.0 0 0 2 1 1
-1808.4 2121.1 -37.3 353 0 9.1 14.9 2.5 2.5 2 1 1 1 1
-1813.4 2142.3 -37.3 5 0 25.6 15.7 10.0 2.5 2 0 4 2 2
-2751.7 2593.5 -26.6 83 0 22.8 16.6 7.5 2.5 2 0 3 0 0
-1924.3 2237.6 -36.2 178 0 18.8 30.0 10.0 2.5 2 1 4 5 5
-2764.3 2487.5 -25.9 80 0 28.6 41.6 7.5 0.0 0 1 3 3 3
-2678.7 2807.8 -30.1 92 0 45.8 50.3 7.5 0.0 0 1 3 4 4
-2760.7 2630.2 -26.6 263 0 17.6 17.7 10.0 2.5 4 1 4 3 3
-1821.2 2517.6 -38.9 359 0 8.8 19.1 2.5 2.5 2 1 1 2 2
-1904.0 2159.9 -36.3 177 0 22.0 12.7 7.5 2.5 2 0 3 5 5
-2376.3 2806.6 -31.7 180 0 16.4 26.1 7.5 2.5 2 1 3 4 4
-2710.1 2551.9 -26.7 351 0 13.2 27.5 7.5 2.5 2 1 3 3 3
-1903.5 2209.3 -36.2 91 0 13.0 13.1 5.0 2.5 2 1 2 1 1
-2003.8 2205.9 -35.1 89 0 26.9 21.9 12.5 2.5 4 0 5 2 2
-2385.2 2820.7 -31.9 359 0 17.5 28.6 7.5 2.5 2 1 3 0 0
-2808.1 2507.1 -25.3 173 0 14.3 18.1 10.0 2.5 2 1 4 1 1
-2701.3 2506.3 -26.6 351 0 32.9 45.8 7.5 0.0 0 1 3 0 0
-2241.3 1923.3 -33.2 265 0 16.0 14.9 10.0 2.5 2 0 4 4 4
-1968.5 2143.9 -35.6 179 0 12.0 19.4 5.0 2.5 2 1 2 0 0
-1969.2 2159.5 -35.6 183 0 13.9 19.8 7.5 2.5 2 1 3 1 1
-1905.5 2146.6 -36.3 268 0 25.0 13.7 5.0 2.5 4 0 2 0 0
-1976.4 2175.7 -35.3 357 0 15.4 17.9 12.5 2.5 2 1 5 2 2
-2467.2 2775.3 -31.2 97 0 19.1 19.8 10.0 2.5 2 1 4 2 2
-1994.4 2194.8 -35.2 268 0 28.2 11.2 12.5 2.5 2 0 5 1 1
-1930.4 2255.6 -35.8 356 0 21.4 20.4 10.0 2.5 2 0 4 5 5
-2708.8 2534.4 -26.6 351 0 18.5 43.7 7.5 2.5 2 1 3 3 3
-2830.4 2808.5 -30.5 183 0 11.7 50.9 10.0 2.5 2 1 4 5 5
-1937.9 2207.6 -35.9 88 0 29.2 13.1 7.5 2.5 2 0 3 0 0
-1810.2 2242.1 -37.2 358 0 21.3 24.0 10.0 2.5 2 1 4 1 1
-1978.8 2152.2 -35.2 358 0 20.6 34.2 10.0 0.0 0 1 4 0 0
-1879.9 2231.4 -36.5 90 0 27.4 25.2 10.0 0.0 0 0 4 1 1
-1810.5 2262.5 -37.1 357 0 14.6 24.5 7.5 2.5 2 1 3 0 0
-1886.1 2209.4 -36.4 90 0 17.9 14.5 10.0 2.5 4 0 4 3 3
-2726.6 2802.6 -30.3 90 0 36.1 10.9 10.0 2.5 2 0 4 1 1
-2016.1 2242.0 -35.3 181 0 16.4 40.9 10.0 2.5 4 1 4 2 2
-2512.9 2790.1 -31.2 186 0 23.9 13.2 7.5 2.5 2 0 3 3 3
-1885.6 2292.9 -36.4 269 0 21.5 29.5 10.0 0.0 0 1 4 2 2
-2613.7 2853.6 -30.6 271 0 24.4 56.9 10.0 2.5 2 1 4 3 3
-1931.3 2281.5 -35.7 357 0 17.8 22.1 7.5 2.5 4 1 3 2 2
-2729.0 2624.6 -26.9 351 0 14.9 20.7 7.5 2.5 2 1 3 3 3
-1836.7 2248.0 -36.9 358 0 34.8 26.3 7.5 0.0 0 0 3 5 5
-1964.0 2283.4 -35.5 270 0 18.3 39.7 7.5 2.5 2 1 3 0 0
-2030.9 2143.5 -34.8 179 0 9.1 16.9 7.5 2.5 2 1 3 2 2
-2757.2 2642.8 -27.0 91 0 45.3 28.2 7.5 0.0 0 0 3 0 0
-2806.6 2485.8 -25.2 174 0 11.4 17.5 5.0 2.5 2 1 2 1 1
-2003.9 2277.0 -35.1 206 0 18.6 24.6 10.0 0.0 0 1 4 0 0
-2716.2 2581.8 -26.8 353 0 16.8 29.4 7.5 2.5 2 1 3 2 2
-1971.0 2181.0 -35.6 180 0 25.9 17.7 7.5 2.5 2 0 3 3 3
-2390.0 2783.1 -31.5 7 0 41.1 40.6 7.5 0.0 0 0 3 0 0
-2481.2 2822.5 -31.5 277 0 19.3 17.3 7.5 2.5 2 0 3 4 4
-2639.7 2800.0 -29.8 91 0 29.1 17.7 7.5 2.5 2 0 3 3 3
-1909.3 2168.5 -36.1 355 0 19.3 17.7 7.5 2.5 2 0 3 1 1
-2446.0 2770.9 -31.5 100 0 20.7 40.2 7.5 0.0 0 1 3 1 1
-1910.0 2184.4 -36.1 355 0 8.5 14.0 5.0 2.5 2 1 2 2 2
-1971.3 2205.4 -35.5 87 0 32.0 22.0 10.0 0.0 0 0 4 3 3
-2764.2 2811.0 -31.1 88 0 30.8 48.4 7.5 0.0 0 1 3 0 0
-2765.6 2745.2 -29.6 1 0 31.3 39.8 12.5 0.0 0 1 5 0 0
-2487.2 2777.5 -31.1 90 0 14.9 12.1 7.5 2.5 2 0 3 5 5
-2741.3 2366.8 -25.9 357 0 13.9 15.2 5.0 2.5 2 1 2 1 1
-2739.6 2349.1 -25.9 356 0 9.5 21.1 2.5 2.5 2 1 1 3 3
-2802.8 2132.2 -25.0 175 0 16.6 23.1 10.0 2.5 2 1 4 3 3
-2754.1 2236.2 -25.5 358 0 24.5 18.7 7.5 2.5 2 0 3 1 1
-2782.7 2201.1 -25.2 358 0 15.1 25.4 7.5 2.5 2 1 3 5 5
-2805.4 2370.8 -25.4 266 0 28.4 17.7 10.0 2.5 2 0 4 0 0
-2801.5 2151.4 -25.1 170 0 14.0 23.4 5.0 2.5 2 1 2 1 1
-2801.9 2324.4 -25.5 264 0 29.5 13.0 10.0 2.5 4 0 4 3 3
-2774.2 2372.4 -25.8 266 0 30.6 17.0 10.0 2.5 2 0 4 5 5
-2775.7 2090.1 -24.9 356 0 17.4 26.2 10.0 2.5 2 1 4 0 0
-2738.9 2334.5 -25.9 358 0 11.9 22.1 7.5 2.5 2 1 3 4 4
-2761.3 2291.9 -25.7 88 0 16.6 16.6 10.0 2.5 2 0 4 5 5
-2801.0 2110.7 -25.0 177 0 17.2 22.4 7.5 2.5 2 1 3 1 1
-2772.7 2049.1 -24.8 354 0 17.2 24.7 10.0 2.5 2 1 4 3 3
-2719.1 2045.0 -25.4 86 0 13.3 20.2 10.0 2.5 2 1 4 3 3
-2791.9 2334.9 -25.6 87 0 28.0 16.5 7.5 2.5 2 0 3 5 5
-2709.6 2011.0 -25.3 85 0 7.2 7.7 5.0 2.5 2 1 2 2 2
-2710.9 2030.3 -25.3 263 0 7.2 8.3 5.0 2.5 2 1 2 2 2
-2598.7 2103.3 -26.6 267 0 41.1 19.7 10.0 2.5 2 0 4 1 1
-2739.6 2085.6 -25.3 268 0 18.4 18.4 10.0 2.5 2 0 4 5 5
-2803.4 2067.9 -24.9 179 0 17.3 25.1 7.5 2.5 2 1 3 5 5
-2711.6 2077.9 -25.4 357 0 17.0 15.4 7.5 2.5 2 0 3 0 0
-2736.2 2044.5 -25.2 86 0 14.4 18.4 7.5 2.5 2 1 3 5 5
-2762.4 2050.7 -25.1 177 0 19.8 13.8 7.5 2.5 2 0 3 4 4
-2766.2 2025.2 -24.9 265 0 15.8 17.6 12.5 0.0 0 1 5 4 4
-2725.2 2028.8 -25.3 269 0 21.3 17.2 10.0 2.5 2 0 4 0 0
-2575.5 2072.0 -26.5 356 0 19.2 40.6 7.5 2.5 2 1 3 2 2
-2756.9 2083.9 -25.1 268 0 14.9 18.8 12.5 0.0 0 1 5 3 3
-2780.6 2177.3 -25.1 355 0 19.0 24.5 7.5 0.0 0 1 3 5 5
-2686.7 2030.4 -25.6 266 0 13.8 10.9 2.5 2.5 2 0 1 2 2
-2637.4 2099.9 -26.2 263 0 30.9 16.5 10.0 2.5 2 0 4 1 1
-2796.5 2009.2 -24.7 166 0 18.0 21.1 10.0 2.5 2 1 4 2 2
-2737.4 2301.4 -25.8 357 0 18.1 15.0 7.5 2.5 2 0 3 0 0
-2802.7 2245.7 -25.2 261 0 16.1 24.6 10.0 2.5 2 1 4 5 5
-2756.3 2261.5 -25.6 358 0 20.6 19.6 12.5 2.5 4 0 5 1 1
-2798.2 2288.5 -25.5 88 0 32.7 18.8 7.5 0.0 0 0 3 0 0
-2739.7 2318.5 -25.9 358 0 11.4 21.0 2.5 2.5 2 1 1 1 1
-2701.1 2054.4 -25.6 173 0 13.7 18.3 10.0 2.5 2 1 4 5 5
-2751.7 2028.6 -25.1 248 0 14.0 21.2 7.5 2.5 2 1 3 3 3
-2722.0 2278.1 -26.0 268 0 20.8 20.4 10.0 2.5 2 0 4 2 2
-2704.4 2120.1 -25.8 175 0 14.1 20.5 7.5 2.5 2 1 3 0 0
-2697.5 2225.9 -26.0 89 0 13.8 13.6 5.0 2.5 4 0 2 1 1
-2657.6 2136.7 -26.0 357 0 15.2 27.5 7.5 2.5 2 1 3 2 2
-2742.4 2237.7 -25.8 177 0 19.6 16.4 10.0 2.5 2 0 4 4 4
-2679.6 2077.5 -25.7 357 0 15.5 20.2 10.0 2.5 2 1 4 0 0
-2633.4 2226.2 -26.6 87 0 26.4 17.2 7.5 2.5 2 0 3 3 3
-2773.6 2199.4 -25.4 169 0 16.4 16.6 10.0 2.5 2 1 4 1 1
-2775.0 2175.3 -25.4 177 0 20.9 20.4 7.5 2.5 2 0 3 0 0
-2666.3 2278.7 -26.4 269 0 15.9 28.6 7.5 2.5 2 1 3 0 0
-2744.8 2208.6 -25.6 270 0 17.9 16.8 10.0 2.5 2 0 4 4 4
-2679.9 2223.8 -26.2 86 0 16.1 18.1 10.0 2.5 2 1 4 5 5
-2648.9 2119.1 -26.2 175 0 14.4 15.1 7.5 2.5 2 1 3 3 3
-2626.1 2145.4 -26.4 266 0 13.4 13.5 7.5 2.5 2 1 3 5 5
-2659.6 2173.0 -26.1 359 0 16.5 22.6 10.0 2.5 2 1 4 4 4
-2656.5 2118.5 -26.0 356 0 15.3 26.6 10.0 2.5 2 1 4 1 1
-2670.9 2232.8 -26.4 176 0 17.6 21.7 7.5 2.5 2 1 3 2 2
-2619.2 2155.5 -26.5 89 0 14.8 19.0 7.5 2.5 2 1 3 0 0
-2706.4 2165.2 -25.8 175 0 11.7 15.0 2.5 2.5 2 1 1 1 1
-2588.5 2237.6 -26.9 357 0 14.0 29.8 7.5 2.5 2 1 3 1 1
-2611.5 2148.3 -26.5 266 0 13.4 14.3 7.5 2.5 2 1 3 3 3
-2716.1 2230.4 -25.9 89 0 15.2 17.7 10.0 2.5 2 1 4 0 0
-2596.0 2157.6 -26.8 87 0 28.8 18.3 7.5 0.0 0 0 3 5 5
-2702.7 2143.2 -25.8 176 0 16.7 16.2 12.5 2.5 4 0 5 4 4
-2651.4 2138.9 -26.3 180 0 14.1 17.4 5.0 0.0 0 1 2 2 2
-2619.4 2113.6 -26.3 83 0 17.8 14.4 10.0 2.5 2 0 4 5 5
-2724.6 2213.0 -25.7 270 0 8.6 18.5 5.0 2.5 4 1 2 0 0
-2613.4 2204.9 -26.9 87 0 52.8 17.2 10.0 2.5 4 0 4 0 0
-2660.3 2154.2 -26.1 358 0 16.4 26.7 7.5 2.5 2 1 3 2 2
-2725.1 2168.2 -25.7 87 0 18.9 14.1 10.0 2.5 2 0 4 5 5
-2707.3 2179.0 -26.0 176 0 14.2 23.0 10.0 2.5 2 1 4 1 1
-2653.9 2192.9 -26.3 211 0 13.3 22.1 12.5 2.5 2 1 5 5 5
-2648.7 2153.2 -26.3 87 0 15.6 18.6 10.0 2.5 2 1 4 4 4
-2745.5 2168.9 -25.5 89 0 13.9 18.9 7.5 2.5 2 1 3 0 0
-2695.7 2278.6 -26.2 267 0 16.9 22.9 7.5 2.5 2 1 3 1 1
-2513.0 2243.4 -29.4 3 0 23.9 26.7 7.5 0.0 0 1 3 3 3
-2375.0 2284.6 -30.3 181 0 18.1 21.8 7.5 2.5 2 1 3 1 1
-2335.0 2260.2 -30.5 4 0 13.2 17.1 5.0 2.5 2 1 2 2 2
-2426.9 2290.8 -29.8 267 0 18.9 15.2 10.0 2.5 4 0 4 4 4
-2438.5 2232.7 -30.1 275 0 15.8 12.9 7.5 2.5 2 0 3 5 5
-2336.3 2237.9 -30.7 6 0 14.5 26.0 7.5 2.5 2 1 3 2 2
-2448.5 2289.1 -29.6 270 0 18.6 13.9 10.0 2.5 2 0 4 3 3
-2422.2 2198.7 -30.4 95 0 15.7 13.2 5.0 2.5 2 0 2 5 5
-2499.9 2256.1 -29.2 1 0 12.2 17.9 2.5 2.5 2 1 1 1 1
-2544.3 2265.2 -29.1 272 0 9.8 15.3 5.0 2.5 2 1 2 0 0
-2221.9 2212.5 -32.0 277 0 26.0 15.1 12.5 2.5 2 0 5 5 5
-2451.4 2208.9 -30.2 185 0 13.8 20.3 7.5 2.5 2 1 3 3 3
-2385.3 2266.6 -30.1 356 0 13.7 17.5 5.0 2.5 4 1 2 2 2
-2472.5 2243.8 -29.7 269 0 16.6 12.5 5.0 2.5 2 0 2 5 5
-2378.2 2222.8 -30.7 176 0 12.5 16.4 5.0 2.5 2 1 2 1 1
-2261.5 2209.6 -31.5 188 0 7.9 20.0 5.0 2.5 2 1 2 2 2
-2286.1 2293.0 -31.3 274 0 15.6 28.6 7.5 2.5 2 1 3 0 0
-2397.1 2178.0 -30.8 276 0 9.3 19.4 2.5 2.5 2 1 1 3 3
-2428.0 2259.4 -29.9 87 0 18.4 13.0 10.0 2.5 2 0 4 5 5
-2271.0 2240.6 -31.2 274 0 14.3 25.9 10.0 2.5 2 1 4 3 3
-2301.0 2291.6 -30.9 263 0 11.7 22.2 10.0 2.5 2 1 4 4 4
-2421.0 2231.1 -30.2 278 0 15.1 14.7 10.0 2.5 2 0 4 2 2
-2470.3 2287.4 -29.4 269 0 17.9 12.8 2.5 2.5 2 0 1 4 4
-2342.4 2128.9 -31.5 359 0 12.7 18.1 5.0 2.5 2 1 2 5 5
-2313.4 2184.5 -31.5 187 0 10.5 21.0 10.0 2.5 4 1 4 3 3
-2241.7 2257.3 -31.8 5 0 17.0 18.6 7.5 2.5 2 1 3 1 1
-2448.8 2257.1 -29.7 89 0 16.9 11.9 2.5 0.0 0 0 1 4 4
-2317.7 2186.5 -31.2 6 0 9.5 21.5 2.5 0.0 0 1 1 1 1
-2392.2 2201.7 -30.6 8 0 12.7 17.6 2.5 2.5 2 1 1 4 4
-2482.2 2259.9 -29.4 0 0 13.9 22.9 10.0 0.0 0 1 4 2 2
-2334.2 2282.2 -30.4 2 0 14.9 14.0 2.5 2.5 4 0 1 2 2
-2408.1 2292.8 -29.9 267 0 15.8 15.9 7.5 2.5 2 1 3 5 5
-2294.1 2220.0 -31.3 274 0 28.1 14.9 7.5 2.5 2 0 3 3 3
-2468.9 2255.7 -29.5 90 0 19.4 15.3 7.5 2.5 2 0 3 2 2
-2373.3 2263.5 -30.4 187 0 14.7 18.1 10.0 2.5 2 1 4 4 4
-2307.7 2198.4 -31.3 186 0 11.1 17.3 7.5 2.5 2 1 3 4 4
-2317.8 2199.4 -31.1 7 0 10.4 25.0 10.0 2.5 2 1 4 1 1
-2144.9 2284.4 -34.4 260 0 20.7 20.5 10.0 2.5 4 0 4 0 0
-2240.4 2279.3 -32.1 3 0 9.2 13.8 7.5 2.5 2 1 3 4 4
-2326.8 2273.9 -30.6 183 0 30.7 16.7 7.5 0.0 0 0 3 1 1
-2342.8 2150.2 -31.3 3 0 10.0 17.2 2.5 2.5 2 1 1 3 3
-2211.2 2227.1 -32.5 185 0 14.4 23.4 7.5 2.5 2 1 3 2 2
-2341.1 2193.5 -31.0 3 0 19.8 15.5 7.5 2.5 2 0 3 2 2
-2316.5 2217.3 -31.0 2 0 16.8 16.9 10.0 2.5 4 1 4 4 4
-2386.6 2199.0 -30.8 181 0 9.6 14.0 5.0 2.5 2 1 2 2 2
-2384.2 2285.0 -30.0 0 0 20.8 14.7 7.5 2.5 2 0 3 3 3
-2721.6 2662.0 -27.5 166 0 11.8 19.7 5.0 2.5 2 1 2 0 0
-2408.0 2671.4 -30.1 189 0 13.1 20.2 7.5 2.5 2 0 3 5 5
-2525.8 2631.6 -29.7 174 0 17.0 28.2 7.5 2.5 2 1 3 4 4
-2687.3 2506.3 -27.0 164 0 38.7 18.3 5.0 2.5 2 0 2 3 3
-2630.5 2679.8 -28.7 271 0 11.4 35.4 7.5 2.5 2 1 3 5 5
-2315.3 2622.2 -30.9 356 0 10.5 26.2 12.5 0.0 0 1 5 1 1
-2411.7 2713.5 -30.4 282 0 27.7 12.4 7.5 2.5 2 0 3 0 0
-2358.7 2664.6 -30.4 7 0 13.0 27.3 7.5 2.5 2 1 3 4 4
-2460.9 2560.0 -29.1 355 0 13.3 23.5 7.5 0.0 0 1 3 2 2
-2475.8 2500.2 -28.9 84 0 20.1 15.0 7.5 2.5 2 0 3 4 4
-2522.0 2606.2 -29.4 174 0 19.5 22.2 7.5 2.5 2 1 3 1 1
-2514.4 2690.3 -30.1 176 0 14.4 12.7 5.0 2.5 2 0 2 2 2
-2459.6 2586.3 -29.2 352 0 22.9 22.4 10.0 2.5 2 0 4 5 5
-2671.1 2705.8 -28.4 270 0 31.4 9.1 7.5 2.5 2 0 3 0 0
-2521.5 2579.0 -29.2 172 0 20.9 36.0 7.5 0.0 0 1 3 5 5
-2685.6 2595.7 -27.6 166 0 39.9 14.8 7.5 2.5 4 0 3 4 4
-2642.7 2700.5 -28.9 269 0 35.0 11.4 12.5 2.5 4 0 5 3 3
-2512.5 2552.7 -28.8 174 0 17.5 25.8 7.5 2.5 2 1 3 1 1
-2463.6 2716.0 -30.5 190 0 13.2 31.6 10.0 2.5 2 1 4 4 4
-2377.0 2708.6 -30.5 279 0 30.7 14.1 10.0 2.5 2 0 4 5 5
-2706.9 2594.4 -27.3 164 0 45.8 16.7 12.5 2.5 2 0 5 3 3
-2319.8 2705.4 -31.0 3 0 18.2 17.8 10.0 2.5 2 0 4 4 4
-2457.0 2677.9 -30.1 185 0 13.1 30.0 10.0 2.5 2 1 4 1 1
-2807.7 2683.8 -28.0 179 0 9.3 26.8 5.0 2.5 2 1 2 4 4
-2468.2 2638.2 -29.7 353 0 17.5 28.1 10.0 2.5 2 1 4 2 2
-2350.4 2720.5 -30.8 271 0 20.5 12.1 10.0 2.5 2 0 4 2 2
-2677.6 2694.5 -28.2 269 0 20.2 58.2 5.0 2.5 2 1 2 3 3
-2717.7 2646.2 -27.5 167 0 13.1 19.2 10.0 2.5 2 1 4 5 5
-2463.5 2734.3 -30.7 187 0 10.8 29.2 7.5 2.5 2 1 3 2 2
-2363.0 2682.2 -30.4 8 0 12.8 30.2 5.0 2.5 2 1 2 0 0
-2714.8 2629.8 -27.4 167 0 12.4 19.0 2.5 2.5 2 1 1 0 0
-2747.2 2698.7 -28.0 354 0 32.3 13.5 12.5 2.5 2 0 5 4 4
-2716.9 2679.9 -27.7 165 0 12.0 20.7 5.0 2.5 2 1 2 5 5
-2471.8 2663.5 -30.0 355 0 19.6 49.4 10.0 2.5 2 1 4 0 0
-2377.0 2726.2 -30.5 279 0 32.5 14.2 12.5 2.5 2 0 5 0 0
-2594.2 2536.9 -28.4 83 0 14.3 21.2 10.0 2.5 2 1 4 1 1
-2423.3 2672.8 -30.0 187 0 16.1 14.0 5.0 2.5 2 0 2 1 1
-2412.2 2732.5 -30.6 281 0 30.5 15.2 7.5 2.5 2 0 3 0 0
-2316.8 2668.5 -31.0 358 0 29.6 22.2 7.5 0.0 0 0 3 1 1
-2608.7 2533.9 -28.2 83 0 13.5 23.8 7.5 2.5 2 1 3 0 0
-2677.8 2546.6 -27.4 170 0 18.0 15.4 7.5 2.5 2 0 3 3 3
-2447.0 2510.0 -29.2 357 0 16.1 16.6 7.5 2.5 2 1 3 1 1
-2355.7 2595.2 -30.5 88 0 25.3 17.0 7.5 2.5 2 0 3 0 0
-2322.3 2639.7 -30.9 355 0 9.9 20.2 7.5 2.5 2 1 3 0 0
-2675.4 2522.3 -27.3 173 0 18.2 19.4 7.5 2.5 2 1 3 4 4
-2463.4 2610.3 -29.4 353 0 13.2 25.1 7.5 2.5 4 1 3 5 5
-2322.7 2592.3 -30.9 85 0 28.7 21.0 7.5 2.5 2 0 3 3 3
-2512.8 2499.1 -28.7 133 0 13.2 25.1 7.5 2.5 2 1 3 5 5
-2312.9 2576.4 -30.9 357 0 12.7 26.0 7.5 2.5 2 1 3 3 3
-2270.8 2623.5 -32.2 267 0 19.7 29.3 12.5 2.5 4 1 5 4 4
-2154.0 2544.9 -34.3 268 0 32.3 29.7 7.5 0.0 0 0 3 4 4
-2037.5 2523.8 -35.5 4 0 6.0 11.3 7.5 2.5 2 1 3 5 5
-2178.6 2432.5 -33.6 85 0 34.0 29.8 10.0 0.0 0 0 4 4 4
-2304.2 2675.4 -31.5 180 0 9.3 23.9 5.0 2.5 2 1 2 2 2
-2199.2 2439.2 -32.9 358 0 30.3 35.9 7.5 0.0 0 1 3 0 0
-2311.4 2557.3 -30.9 356 0 14.1 26.4 10.0 2.5 2 1 4 2 2
-2029.0 2476.6 -35.1 91 0 31.7 14.9 7.5 0.0 0 0 3 1 1
-2127.4 2433.9 -34.1 359 0 12.1 28.5 10.0 2.5 2 1 4 4 4
-2311.6 2415.1 -30.9 356 0 11.6 21.1 5.0 2.5 2 1 2 5 5
-2084.4 2438.2 -34.8 359 0 23.6 23.6 10.0 2.5 2 1 4 0 0
-2127.5 2452.2 -34.2 358 0 12.2 23.9 5.0 2.5 2 1 2 0 0
-2266.8 2587.4 -32.3 268 0 18.7 29.9 15.0 0.0 0 1 6 1 1
-2199.4 2531.5 -33.2 358 0 31.3 38.0 15.0 0.0 0 1 6 5 5
-2211.4 2483.0 -33.0 84 0 20.8 16.4 10.0 2.5 2 0 4 3 3
-2292.7 2623.7 -31.5 269 0 14.9 31.5 10.0 2.5 4 1 4 0 0
-2308.7 2703.6 -31.8 186 0 12.8 39.6 10.0 2.5 2 1 4 3 3
-2293.1 2500.4 -32.1 177 0 26.7 34.2 10.0 0.0 0 1 4 5 5
-2223.6 2627.1 -33.6 190 0 15.8 25.5 7.5 2.5 2 1 3 0 0
-2091.8 2480.0 -34.6 90 0 26.5 17.3 10.0 0.0 0 0 4 2 2
-2138.0 2476.7 -34.3 269 0 25.4 13.3 7.5 2.5 2 0 3 4 4
-2366.2 2537.5 -30.4 177 0 13.8 23.2 12.5 2.5 2 1 5 5 5
-2247.0 2702.0 -32.8 278 0 34.0 24.6 7.5 0.0 0 0 3 3 3
-2051.9 2547.3 -35.8 268 0 8.5 11.2 7.5 2.5 4 1 3 2 2
-2218.3 2639.9 -33.5 97 0 18.0 29.8 7.5 2.5 2 1 3 5 5
-2366.0 2557.6 -30.5 181 0 15.0 24.7 10.0 2.5 2 1 4 0 0
-2367.9 2574.6 -30.5 177 0 12.1 27.8 10.0 2.5 2 1 4 4 4
-2062.0 2478.4 -34.5 91 0 22.1 17.4 10.0 2.5 2 0 4 2 2
-2366.6 2514.2 -30.4 178 0 16.5 27.8 10.0 0.0 0 1 4 4 4
-2197.4 2570.8 -33.4 360 0 33.2 31.8 7.5 0.0 0 0 3 0 0
-2080.7 2502.3 -35.1 87 0 25.3 42.4 12.5 0.0 0 1 5 5 5
-2115.7 2543.5 -34.5 270 0 17.7 11.5 7.5 2.5 2 0 3 0 0
-2099.5 2475.1 -34.4 271 0 38.0 12.5 7.5 2.5 2 0 3 2 2
-2300.1 2689.1 -31.5 186 0 10.0 20.9 5.0 2.5 2 1 2 0 0
-2249.6 2585.9 -32.9 222 0 20.2 34.0 7.5 0.0 0 1 3 1 1
-1995.4 2468.1 -34.9 275 0 31.4 21.2 12.5 0.0 0 0 5 4 4
-2211.1 2701.6 -33.4 266 0 11.3 18.6 12.5 0.0 0 1 5 0 0
-2051.5 2432.8 -34.0 92 0 21.1 13.0 15.0 0.0 0 0 6 0 0
-2071.5 2473.7 -34.2 268 0 17.6 16.8 12.5 2.5 4 0 5 5 5
-1992.1 2475.1 -35.2 91 0 33.1 15.6 7.5 2.5 4 0 3 1 1
-2195.4 2600.2 -33.5 357 0 16.6 20.8 10.0 2.5 2 1 4 4 4
-2343.2 2393.2 -30.5 261 0 15.3 11.3 2.5 0.0 0 0 1 3 3
-2151.6 2381.6 -34.0 182 0 9.7 27.1 7.5 2.5 4 1 3 1 1
-2307.5 2339.6 -30.8 359 0 19.8 22.3 7.5 0.0 0 1 3 1 1
-2172.2 2313.3 -33.5 6 0 17.3 17.8 10.0 2.5 2 1 4 4 4
-2361.0 2311.3 -30.0 89 0 15.9 16.2 10.0 2.5 2 1 4 5 5
-2183.9 2415.7 -33.2 271 0 16.6 12.8 2.5 2.5 2 0 1 1 1
-2215.7 2345.6 -32.6 277 0 16.7 15.6 7.5 2.5 2 0 3 4 4
-2200.0 2307.3 -33.1 95 0 15.3 17.7 7.5 2.5 2 1 3 5 5
-2216.0 2390.6 -32.7 180 0 7.9 16.6 5.0 2.5 2 1 2 1 1
-2181.5 2345.0 -33.2 272 0 13.7 18.7 10.0 2.5 2 1 4 4 4
-2131.3 2413.0 -34.1 269 0 13.4 8.8 2.5 2.5 4 0 1 5 5
-2155.7 2413.9 -33.6 269 0 12.3 9.0 5.0 2.5 2 0 2 4 4
-2286.0 2313.5 -31.4 89 0 7.1 20.6 7.5 0.0 0 1 3 3 3
-2220.3 2368.6 -32.6 183 0 19.4 17.5 7.5 2.5 2 0 3 5 5
-2119.0 2335.6 -34.3 135 0 9.4 14.8 7.5 2.5 2 1 3 0 0
-2214.3 2410.6 -32.6 2 0 13.3 10.4 7.5 2.5 2 0 3 5 5
-2350.9 2342.0 -30.3 179 0 14.8 16.2 2.5 2.5 2 1 1 4 4
-2192.9 2358.3 -33.0 93 0 19.0 18.2 12.5 2.5 4 0 5 2 2
-2057.4 2412.3 -34.7 272 0 25.4 12.2 10.0 2.5 2 0 4 5 5
-2307.9 2359.5 -30.8 359 0 13.3 27.4 7.5 2.5 2 1 3 3 3
-2308.0 2318.0 -30.8 358 0 14.8 18.7 7.5 2.5 2 1 3 5 5
-2234.8 2313.8 -32.4 90 0 14.1 14.9 7.5 2.5 2 1 3 5 5
-2344.0 2379.5 -30.4 271 0 18.0 19.1 12.5 2.5 2 1 5 3 3
-2197.2 2346.2 -32.9 274 0 15.1 18.7 7.5 2.5 2 1 3 0 0
-2225.6 2370.9 -32.3 1 0 16.1 18.1 7.5 0.0 0 1 3 1 1
-2112.1 2385.8 -34.3 270 0 10.3 10.7 5.0 2.5 2 1 2 1 1
-2095.9 2386.3 -34.6 267 0 19.4 10.6 5.0 2.5 2 0 2 4 4
-2218.0 2308.9 -32.8 97 0 17.0 19.5 10.0 2.5 2 1 4 3 3
-2116.9 2414.7 -34.3 269 0 12.0 9.6 2.5 2.5 2 0 1 4 4
-2291.7 2367.6 -31.3 180 0 48.9 6.3 7.5 2.5 2 0 3 2 2
-2231.4 2390.6 -32.2 2 0 13.9 14.4 5.0 2.5 2 1 2 5 5
-2305.3 2385.2 -31.0 359 0 19.0 24.6 7.5 2.5 2 1 3 1 1
-2342.2 2312.4 -30.3 89 0 13.8 14.6 2.5 2.5 2 1 1 4 4
-2167.8 2383.8 -33.3 91 0 7.7 10.3 7.5 2.5 2 1 3 4 4
-2264.0 2324.0 -31.9 87 0 26.7 69.3 12.5 0.0 0 1 5 3 3
-2101.0 2414.8 -34.8 272 0 31.1 11.3 7.5 2.5 2 0 3 2 2
-2128.1 2367.4 -34.2 223 0 15.8 20.8 5.0 2.5 2 1 2 2 2
-2133.1 2299.9 -34.5 91 0 20.6 30.6 10.0 0.0 0 1 4 4 4
-2642.8 2297.8 -26.7 88 0 22.6 22.6 7.5 2.5 2 1 3 2 2
-2726.3 2326.3 -26.1 178 0 6.8 12.8 7.5 2.5 2 1 3 2 2
-2705.2 2294.8 -26.2 87 0 21.4 20.8 7.5 0.0 0 0 3 3 3
-2388.5 2374.4 -29.7 272 0 14.4 15.1 7.5 2.5 2 1 3 5 5
-2732.0 2363.3 -26.2 177 0 16.6 15.9 10.0 0.0 0 0 4 3 3
-2499.4 2350.1 -29.1 180 0 77.2 37.8 12.5 0.0 0 0 5 5 5
-2725.4 2293.4 -26.0 87 0 16.8 20.3 12.5 0.0 0 1 5 2 2
-2619.4 2300.5 -26.9 90 0 16.2 11.8 5.0 2.5 2 0 2 4 4
-2551.0 2341.2 -28.3 271 0 13.1 15.6 2.5 0.0 0 1 1 1 1
-2676.0 2307.9 -26.4 359 0 18.4 15.8 10.0 0.0 0 0 4 4 4
-2633.4 2378.8 -27.0 266 0 21.3 12.3 7.5 2.5 2 0 3 4 4
-2567.3 2340.6 -28.2 268 0 14.1 15.9 7.5 2.5 2 1 3 1 1
-2536.7 2340.5 -28.4 268 0 13.8 14.8 5.0 2.5 2 1 2 3 3
-2551.5 2383.7 -28.0 266 0 34.4 12.4 10.0 2.5 2 0 4 4 4
-2667.2 2369.3 -26.8 176 0 12.4 20.2 12.5 2.5 2 1 5 5 5
-2731.0 2342.1 -26.2 177 0 11.6 22.9 7.5 2.5 2 1 3 2 2
-2594.3 2311.7 -27.1 358 0 21.6 14.9 10.0 2.5 2 0 4 2 2
-2408.3 2372.9 -29.5 269 0 15.3 13.3 2.5 2.5 2 0 1 3 3
-2675.8 2328.3 -26.4 359 0 14.3 30.0 5.0 2.5 4 1 2 3 3
-2678.3 2345.1 -26.4 357 0 11.7 23.9 10.0 2.5 2 1 4 3 3
-2673.6 2367.1 -26.6 357 0 20.8 21.6 10.0 2.5 2 1 4 0 0
-2706.1 2373.9 -26.3 267 0 17.7 18.8 10.0 0.0 0 1 4 5 5
-2561.3 2304.8 -28.4 91 0 23.9 13.9 7.5 2.5 2 0 3 0 0
-2522.2 2342.3 -28.5 268 0 12.6 17.0 10.0 2.5 2 1 4 2 2
-2537.7 2353.3 -28.2 89 0 17.2 14.2 2.5 2.5 4 0 1 4 4
-2527.5 2310.3 -28.6 62 0 21.3 10.3 10.0 2.5 2 0 4 0 0
-2596.0 2333.8 -27.2 359 0 13.5 20.4 5.0 2.5 2 1 2 4 4
-2663.5 2296.9 -26.5 89 0 15.9 22.9 10.0 2.5 2 1 4 1 1
-1911.4 2563.1 -35.7 27 0 9.9 10.1 2.5 2.5 2 1 1 2 2
-2654.4 2345.0 -26.8 177 0 17.9 16.6 5.0 2.5 2 0 2 0 0
-2586.6 2313.5 -28.1 176 0 13.6 11.0 5.0 2.5 2 0 2 2 2
-2555.4 2353.7 -28.0 90 0 18.4 13.9 2.5 2.5 2 0 1 1 1
-2438.1 2403.1 -29.3 88 0 25.8 13.6 7.5 2.5 2 0 3 1 1
-2640.2 2392.6 -27.0 87 0 22.2 35.7 12.5 0.0 0 1 5 2 2
-2615.5 2392.6 -27.3 87 0 20.7 10.3 2.5 2.5 2 0 1 0 0
-2431.5 2456.3 -29.3 357 0 15.0 21.4 10.0 2.5 2 1 4 5 5
-2607.2 2428.9 -27.4 358 0 7.7 22.3 7.5 0.0 0 1 3 2 2
-2507.3 2449.0 -28.7 176 0 13.7 24.6 10.0 2.5 2 1 4 4 4
-2508.1 2428.8 -28.7 177 0 12.2 26.3 7.5 2.5 4 1 3 4 4
-2459.9 2403.8 -29.0 88 0 14.2 33.0 15.0 0.0 0 1 6 4 4
-2411.6 2404.6 -29.5 88 0 15.8 13.4 5.0 2.5 2 0 2 4 4
-2487.3 2402.5 -28.7 87 0 22.4 13.6 10.0 2.5 2 0 4 4 4
-2735.2 2430.1 -25.9 86 0 31.7 15.0 10.0 2.5 2 0 4 1 1
-2776.6 2416.8 -25.4 264 0 12.3 12.6 7.5 2.5 4 1 3 0 0
-2651.2 2470.4 -27.1 269 0 10.2 18.3 5.0 2.5 2 1 2 0 0
-2639.2 2472.7 -27.3 264 0 12.1 16.5 10.0 2.5 2 1 4 3 3
-2664.1 2470.4 -26.9 261 0 10.2 17.7 5.0 0.0 0 1 2 2 2
-2763.2 2432.7 -25.4 84 0 16.6 14.3 10.0 2.5 2 0 4 1 1
-2762.6 2420.2 -25.6 265 0 13.3 15.4 5.0 2.5 4 1 2 1 1
-2691.5 2392.1 -26.4 87 0 20.7 30.9 7.5 0.0 0 1 3 2 2
-2743.1 2419.3 -25.9 266 0 18.2 28.8 12.5 2.5 2 1 5 2 2
-2774.4 2386.1 -25.5 86 0 13.3 13.7 10.0 2.5 2 1 4 4 4
-2766.6 2465.2 -25.5 263 0 15.9 14.7 7.5 2.5 2 0 3 1 1
-2681.0 2470.2 -26.7 266 0 12.0 19.8 7.5 2.5 2 1 3 1 1
-2792.5 2431.9 -25.1 85 0 12.3 11.6 10.0 2.5 2 0 4 2 2
-2791.3 2415.4 -25.2 263 0 13.9 11.7 10.0 2.5 2 0 4 2 2
-2781.8 2464.1 -25.2 262 0 12.6 13.8 5.0 2.5 2 1 2 0 0
-2637.6 2450.3 -27.2 263 0 13.1 15.7 2.5 2.5 2 1 1 4 4
-2434.4 2475.3 -29.3 358 0 16.3 20.0 7.5 0.0 0 1 3 3 3
-2677.2 2436.5 -26.7 178 0 14.6 14.1 2.5 2.5 2 0 1 4 4
-2666.6 2393.7 -26.7 86 0 23.5 31.2 10.0 0.0 0 1 4 1 1
-2605.7 2465.6 -27.7 357 0 11.2 25.9 7.5 2.5 2 1 3 5 5
-2617.9 2414.2 -27.3 87 0 19.6 7.4 5.0 2.5 2 0 2 0 0
-2456.3 2453.6 -29.0 356 0 17.5 21.7 7.5 2.5 2 1 3 5 5
-2560.9 2396.4 -27.9 86 0 25.3 32.3 7.5 0.0 0 1 3 2 2
-2589.6 2397.7 -27.5 87 0 21.2 33.3 10.0 0.0 0 1 4 3 3
-2532.4 2429.9 -28.3 267 0 31.9 12.4 15.0 0.0 0 0 6 1 1
-2426.0 2480.4 -29.5 175 0 8.8 16.3 7.5 2.5 2 1 3 3 3
-2429.2 2437.1 -29.3 359 0 9.3 22.2 5.0 0.0 0 1 2 5 5
-2512.3 2467.1 -28.7 175 0 15.5 29.0 10.0 2.5 2 1 4 5 5
-2439.6 2429.1 -29.3 268 0 23.2 9.5 5.0 0.0 0 0 2 4 4
-2789.6 2386.5 -25.3 83 0 15.3 14.1 7.5 2.5 2 0 3 0 0
-2797.0 2461.3 -25.0 262 0 13.7 11.4 5.0 0.0 0 0 2 4 4
-2530.6 2399.6 -28.2 88 0 29.0 10.3 7.5 2.5 2 0 3 5 5
-4618.4 -1831.2 -21.7 273 0 68.9 60.8 7.5 0.0 0 0 3 2 2
-6244.7 -2373.1 -26.1 174 0 17.5 16.8 10.0 2.5 2 0 4 0 0
-6253.5 -2188.6 -25.0 189 0 52.2 32.6 12.5 2.5 2 0 5 5 5
-6676.7 -1091.1 -36.2 143 0 11.3 21.3 7.5 2.5 4 1 3 4 4
-6696.8 -1080.8 -37.5 113 0 32.5 11.7 10.0 2.5 4 0 4 3 3
-6731.1 -1067.2 -38.6 113 0 31.3 11.0 5.0 2.5 2 0 2 0 0
-5770.0 276.1 -37.3 191 0 14.5 37.2 17.5 0.0 0 1 7 0 0
-5059.1 3403.7 -41.2 133 0 25.6 13.4 12.5 2.5 2 0 5 2 2
-4837.8 3708.7 -37.5 183 0 23.9 24.1 10.0 2.5 2 1 4 2 2
-4845.4 3652.2 -37.7 182 0 7.4 45.2 7.5 2.5 2 1 3 3 3
-4844.8 3664.1 -37.6 184 0 9.1 46.7 7.5 2.5 2 1 3 3 3
-5233.4 -2621.2 -25.8 280 0 13.3 34.1 10.0 2.5 2 1 4 0 0
-5216.3 -2623.7 -26.4 280 0 13.3 34.1 7.5 2.5 2 1 3 1 1
-5197.7 -2626.5 -26.3 280 0 13.3 34.1 7.5 2.5 2 1 3 5 5
-5180.3 -2628.5 -26.1 280 0 13.3 34.1 10.0 2.5 2 1 4 5 5
-5159.5 -2632.2 -25.8 280 0 13.3 34.1 7.5 0.0 0 1 3 4 4
-5224.4 -2670.6 -25.8 278 0 14.1 44.3 12.5 0.0 0 1 5 0 0
-5205.7 -2671.7 -26.3 278 0 14.1 44.3 7.5 2.5 2 1 3 5 5
-5187.3 -2674.5 -26.2 278 0 14.1 44.3 7.5 2.5 2 1 3 5 5
-5168.7 -2678.8 -26.0 278 0 14.1 44.3 7.5 2.5 2 1 3 3 3
-5403.8 -3006.8 -22.8 277 0 8.5 13.3 7.5 2.5 2 1 3 0 0
-5421.9 -3049.4 -23.0 187 0 23.3 22.7 10.0 2.5 2 0 4 2 2
-5469.9 -2828.1 -16.9 87 0 10.5 41.9 7.5 2.5 2 1 3 4 4
-5469.7 -2764.6 -17.8 358 0 32.6 12.6 12.5 2.5 2 0 5 0 0
-5488.9 -2762.9 -18.2 0 0 41.0 15.8 12.5 2.5 2 0 5 2 2
-5474.2 -2722.9 -18.9 359 0 18.8 17.6 7.5 2.5 2 0 3 4 4
-5514.5 -2691.5 -19.1 269 0 7.7 12.8 2.5 0.0 0 1 1 4 4
-5485.6 -2691.0 -18.9 266 0 9.1 13.6 2.5 2.5 2 1 1 1 1
-5599.2 -2695.0 -19.7 247 0 8.3 15.2 7.5 2.5 4 1 3 2 2
-5582.2 -2690.7 -19.6 265 0 10.2 21.0 7.5 2.5 2 1 3 4 4
-5556.1 -2780.8 -17.9 174 0 11.7 39.4 7.5 2.5 2 1 3 5 5
-5560.7 -2761.7 -18.4 175 0 14.5 44.4 10.0 2.5 2 1 4 1 1
-5579.3 -2741.6 -19.1 178 0 13.4 37.7 7.5 2.5 2 1 3 1 1
-5627.1 -2801.2 -18.9 327 0 21.2 23.8 10.0 2.5 4 1 4 0 0
-5669.3 -2829.0 -19.0 149 0 8.7 6.4 7.5 0.0 0 0 3 5 5
-5666.8 -2817.6 -19.2 151 0 9.4 14.9 7.5 2.5 2 1 3 5 5
-5650.4 -2866.5 -18.6 145 0 17.5 24.2 7.5 2.5 2 1 3 3 3
-5637.7 -2886.4 -18.8 145 0 21.1 13.6 10.0 2.5 2 0 4 3 3
-5605.0 -2835.3 -18.5 325 0 16.2 26.3 7.5 2.5 2 1 3 4 4
-5633.1 -2978.7 -19.0 188 0 19.4 19.3 5.0 2.5 2 0 2 4 4
-6689.6 -5858.5 0.8 273 0 19.0 112.3 10.0 0.0 0 1 4 4 4
-5818.6 -2652.6 -22.1 158 0 32.4 33.7 10.0 0.0 0 1 4 0 0
-4216.7 -885.0 -25.7 279 0 17.1 12.9 5.0 2.5 2 0 2 1 1
-5880.6 -3911.4 -17.0 91 0 9.6 24.4 2.5 2.5 4 1 1 3 3
-2529.1 2014.4 -27.3 267 0 30.8 22.0 10.0 0.0 0 0 4 2 2
