5736.0 6211.1 -7.9 65 0 10.4 13.2 5.0 2.5 2 1 2 4 4
6001.1 5757.7 -6.9 177 0 16.5 11.6 7.5 2.5 2 0 3 5 5
5980.2 5652.3 -8.1 94 0 18.5 12.1 5.0 0.0 0 0 2 5 5
5898.5 5670.0 -5.7 174 0 8.5 30.4 7.5 0.0 0 1 3 1 1
5969.2 5694.9 -7.4 174 0 8.5 30.4 7.5 0.0 0 1 3 5 5
5934.9 5670.6 -6.8 176 0 8.9 30.4 7.5 0.0 0 1 3 2 2
5931.8 5708.7 -6.1 174 0 8.6 30.4 7.5 0.0 0 1 3 3 3
5979.3 5669.2 -7.8 94 0 18.4 12.1 5.0 0.0 0 0 2 5 5
5945.1 5649.8 -7.1 94 0 18.5 11.9 10.0 0.0 0 0 4 5 5
5898.3 5689.1 -5.4 174 0 8.5 30.4 5.0 0.0 0 1 2 2 2
5967.4 5752.2 -6.5 178 0 9.1 31.2 7.5 0.0 0 1 3 3 3
5931.9 5751.0 -5.5 176 0 8.8 30.9 7.5 0.0 0 1 3 4 4
6619.1 5645.9 -8.8 1 0 32.9 112.4 17.5 0.0 0 1 7 3 3
5860.3 5743.4 -2.6 355 0 7.8 39.2 7.5 0.0 0 1 3 0 0
5987.8 5711.7 -7.6 175 0 9.0 25.4 7.5 2.5 2 1 3 1 1
6562.0 5602.5 -7.9 92 0 107.5 19.4 10.0 0.0 0 0 4 1 1
5815.2 5715.7 -2.2 175 0 32.9 9.1 7.5 2.5 4 0 3 0 0
5874.3 5715.4 -3.7 355 0 35.7 11.1 10.0 2.5 2 0 4 2 2
5861.5 5697.0 -3.4 354 0 9.0 32.6 7.5 2.5 2 1 3 0 0
6485.8 5618.0 -8.8 87 0 17.9 41.6 7.5 2.5 2 1 3 4 4
