620.0 1129.4 1.1 137 0 10.6 20.7 2.5 2.5 2 1 1 0 0
2793.2 2419.9 0.9 101 0 9.1 14.1 7.5 2.5 2 1 3 2 2
2764.3 2402.4 4.3 107 0 13.2 16.4 2.5 2.5 2 1 1 3 3
2806.8 2401.8 3.7 15 0 9.5 8.5 7.5 2.5 2 0 3 1 1
2799.9 2391.7 5.3 8 0 10.0 10.8 5.0 2.5 2 1 2 3 3
2828.9 2452.5 -5.4 51 0 7.3 10.4 2.5 0.0 0 1 1 0 0
2824.1 2473.2 -7.4 322 0 11.3 15.7 5.0 2.5 2 1 2 5 5
2817.7 2510.7 -12.3 298 0 11.0 12.0 7.5 2.5 2 1 3 5 5
2800.0 2481.3 -7.7 194 0 9.5 11.3 2.5 2.5 2 1 1 2 2
2789.5 2464.4 -4.1 196 0 7.9 11.1 7.5 2.5 2 1 3 4 4
2773.9 2435.8 1.2 218 0 12.2 13.5 5.0 2.5 2 1 2 1 1
2776.9 2412.9 2.9 182 0 10.7 21.8 5.0 2.5 2 1 2 4 4
2777.9 2402.5 4.9 190 0 9.3 9.7 7.5 0.0 0 1 3 0 0
2788.5 2373.4 6.9 93 0 10.9 13.1 10.0 0.0 0 1 4 5 5
2772.5 2391.5 6.2 190 0 13.5 11.0 5.0 2.5 2 0 2 2 2
2775.0 2378.4 8.3 180 0 4.9 6.2 5.0 2.5 2 1 2 5 5
2744.7 2377.0 10.1 195 0 6.6 14.1 7.5 2.5 2 1 3 4 4
