-6856.6 -3218.4 -22.9 352 0 43.4 10.7 12.5 2.5 2 0 5 1 1
-6587.7 -3872.3 -17.2 277 0 11.5 118.9 10.0 2.5 2 1 4 5 5
4109.3 5358.7 11.9 6 0 12.7 10.9 2.5 2.5 2 0 1 4 4
4077.4 5317.5 10.8 84 0 21.7 14.2 7.5 2.5 2 0 3 4 4
4066.0 5411.9 12.4 288 0 15.7 12.7 7.5 2.5 2 0 3 2 2
4081.9 5395.1 11.9 287 0 17.9 12.1 7.5 2.5 2 0 3 5 5
4105.2 5375.1 12.1 355 0 9.6 11.7 5.0 2.5 2 1 2 4 4
3144.8 -777.4 3.1 203 0 16.3 29.2 10.0 2.5 2 1 4 3 3
3396.1 -49.1 4.9 97 0 11.9 12.7 12.0 2.5 2 1 3 4 4
3054.5 -1259.4 17.6 349 0 27.3 13.0 10.0 2.5 2 0 4 3 3
-4283.9 1806.4 -8.9 61 0 18.0 14.0 12.5 2.5 4 0 5 2 2
