-6893.6 2477.7 104.6 117 0 12.8 24.7 5.0 2.5 2 1 2 3 3
-6890.0 2511.3 105.3 167 0 9.8 11.7 7.5 2.5 2 1 3 5 5
-6912.3 2508.9 104.7 173 0 11.7 17.2 2.5 2.5 2 1 1 1 1
-6921.8 2581.6 104.7 262 0 9.3 63.7 7.5 2.5 2 1 3 0 0
-6892.1 2584.5 105.6 260 0 11.8 63.0 12.5 2.5 2 1 5 5 5
5484.5 4858.5 -149.4 95 0 12.9 22.6 10.0 2.5 2 1 4 3 3
1695.8 5947.6 -132.6 98 0 11.5 18.2 2.5 0.0 0 1 1 4 4
1709.0 6258.1 -129.9 284 0 5.8 9.1 2.5 2.5 2 1 1 5 5
1714.0 6238.6 -130.1 107 0 12.4 10.7 7.5 2.5 2 0 3 4 4
1715.5 6270.1 -129.9 113 0 16.9 7.8 2.5 2.5 2 0 1 5 5
1621.2 6283.9 -129.1 288 0 7.0 19.9 7.5 2.5 2 1 3 5 5
1629.3 6313.0 -129.1 107 0 8.8 32.5 7.5 2.5 2 1 3 1 1
1824.2 6325.3 -130.7 7 0 17.1 8.6 5.0 2.5 2 0 2 3 3
1927.8 6279.3 -131.8 6 0 10.4 16.6 5.0 2.5 2 1 2 1 1
1915.8 6180.7 -132.5 98 0 5.7 11.5 7.5 0.0 0 1 3 4 4
1930.2 6188.0 -132.6 96 0 11.7 18.6 5.0 2.5 2 1 2 1 1
1916.0 6193.6 -132.4 102 0 10.2 10.5 2.5 2.5 2 1 1 3 3
1881.2 6159.8 -132.5 279 0 10.0 16.4 5.0 2.5 2 1 2 2 2
1906.1 6159.0 -132.8 279 0 13.0 16.0 7.5 2.5 2 1 3 4 4
1893.7 6194.3 -132.2 103 0 12.3 15.4 10.0 2.5 2 1 4 2 2
1861.4 6205.7 -131.8 103 0 10.0 13.3 7.5 2.5 2 1 3 3 3
2008.5 6113.5 -133.4 285 0 9.1 9.0 7.5 2.5 2 0 3 4 4
2049.3 6104.0 -133.6 283 0 5.6 8.1 5.0 2.5 2 1 2 1 1
2037.6 6171.7 -133.3 284 0 3.1 16.3 7.5 2.5 2 1 3 1 1
2046.6 6137.8 -133.4 104 0 4.0 16.2 7.5 2.5 2 1 3 5 5
2057.5 6128.2 -133.5 108 0 5.1 14.3 7.5 2.5 2 1 3 1 1
2059.8 6103.2 -133.7 282 0 9.3 10.5 7.5 2.5 2 1 3 4 4
2113.5 6069.4 -134.0 16 0 17.1 7.0 2.5 2.5 2 0 1 4 4
2146.9 6101.1 -134.2 108 0 7.2 9.7 7.5 2.5 2 1 3 5 5
2186.5 6085.4 -134.7 116 0 3.0 12.0 7.5 2.5 2 1 3 1 1
2291.2 6040.7 -135.9 284 0 12.0 4.2 5.0 2.5 2 0 2 1 1
2331.8 6014.3 -136.4 291 0 8.2 6.5 5.0 2.5 2 0 2 2 2
2388.9 6003.8 -137.1 288 0 9.8 5.0 7.5 2.5 4 0 3 5 5
2376.5 6010.5 -136.9 288 0 12.9 16.5 5.0 2.5 2 1 2 5 5
2380.3 6036.9 -137.0 109 0 14.6 10.1 7.5 2.5 2 0 3 4 4
2552.5 5991.0 -142.2 193 0 10.6 23.9 7.5 0.0 0 1 3 1 1
2572.5 5968.3 -142.5 104 0 33.8 8.2 7.5 0.0 0 0 3 3 3
2583.2 5922.6 -143.1 286 0 14.0 31.7 10.0 2.5 2 1 4 1 1
2373.4 5606.6 -137.3 10 0 11.6 26.6 10.0 2.5 2 1 4 5 5
2166.0 5845.6 -135.3 285 0 6.4 10.7 5.0 2.5 2 1 2 4 4
2121.2 5863.1 -135.0 281 0 18.0 9.4 7.5 2.5 4 0 3 1 1
2093.2 5833.0 -135.0 103 0 8.5 6.0 2.5 2.5 4 0 1 2 2
2095.2 5858.8 -135.0 284 0 21.8 16.0 10.0 2.5 2 0 4 0 0
2062.8 5901.0 -134.5 25 0 14.6 3.6 7.5 2.5 2 0 3 4 4
2048.4 5877.6 -134.6 285 0 7.5 16.0 7.5 0.0 0 1 3 4 4
1907.3 5881.3 -133.9 102 0 7.3 8.1 7.5 2.5 2 1 3 5 5
1842.8 5946.5 -133.3 99 0 11.4 8.8 5.0 0.0 0 0 2 0 0
1823.6 5926.2 -133.3 285 0 4.5 7.2 5.0 0.0 0 1 2 1 1
1822.1 5912.3 -133.4 284 0 9.6 19.4 7.5 2.5 2 1 3 2 2
1637.8 5932.2 -132.1 274 0 8.2 12.0 2.5 2.5 2 1 1 1 1
1500.5 5962.3 -130.2 100 0 22.1 6.3 7.5 2.5 2 0 3 5 5
1321.6 5967.6 -129.7 269 0 4.6 27.2 5.0 2.5 2 1 2 0 0
1195.2 5896.1 -133.0 183 0 9.7 9.2 5.0 0.0 0 0 2 2 2
1216.5 5873.4 -134.4 2 0 4.9 7.0 7.5 2.5 2 1 3 3 3
1192.4 5867.5 -135.1 188 0 10.6 17.0 10.0 2.5 2 1 4 3 3
1191.5 5878.0 -133.9 96 0 6.9 10.3 2.5 2.5 2 1 1 2 2
1235.0 5957.8 -129.2 275 0 6.8 9.7 5.0 2.5 2 1 2 3 3
1227.8 5948.0 -129.9 279 0 8.0 10.4 2.5 2.5 2 1 1 5 5
1224.6 5922.7 -131.1 7 0 7.9 5.9 7.5 2.5 2 0 3 5 5
1241.1 5901.6 -132.5 8 0 5.8 22.4 5.0 0.0 0 1 2 5 5
1225.4 5985.0 -128.5 93 0 4.0 8.5 7.5 2.5 2 1 3 2 2
1172.3 5975.0 -128.6 278 0 12.8 10.2 2.5 2.5 2 0 1 1 1
1123.6 5988.0 -128.4 96 0 10.0 3.9 2.5 2.5 2 0 1 1 1
1110.4 5988.3 -128.4 89 0 15.3 3.5 5.0 0.0 0 0 2 0 0
1079.1 5981.8 -128.5 269 0 18.5 4.5 7.5 2.5 2 0 3 1 1
794.7 5822.2 -138.8 208 0 5.6 18.6 7.5 2.5 2 1 3 1 1
793.8 5851.7 -138.7 293 0 6.5 12.9 5.0 2.5 2 1 2 0 0
1697.8 4937.2 -87.6 5 0 10.1 13.9 7.5 2.5 2 1 3 4 4
1635.8 4927.8 -88.3 272 0 8.4 5.4 2.5 2.5 2 0 1 4 4
1645.9 4928.0 -87.7 271 0 7.5 7.3 7.5 2.5 2 0 3 2 2
1649.8 4941.4 -89.6 269 0 7.7 7.6 5.0 0.0 0 0 2 4 4
1639.5 4937.3 -89.6 271 0 8.3 4.1 7.5 2.5 2 0 3 4 4
31.1 5478.4 -124.7 192 0 9.7 17.6 2.5 2.5 2 1 1 4 4
66.5 5486.1 -122.7 97 0 7.8 4.9 5.0 2.5 2 0 2 1 1
623.1 6354.8 -127.2 179 0 5.3 6.2 7.5 2.5 2 1 3 4 4
605.5 6313.6 -127.5 1 0 7.2 7.4 7.5 2.5 2 1 3 1 1
220.6 6205.7 -138.4 90 0 12.3 9.0 2.5 2.5 2 0 1 1 1
241.2 6227.9 -137.1 272 0 6.9 12.0 5.0 2.5 2 1 2 5 5
220.5 6228.7 -137.9 271 0 6.0 8.5 5.0 0.0 0 1 2 0 0
141.3 6108.2 -135.5 3 0 48.2 9.6 7.5 2.5 2 0 3 2 2
79.5 6181.6 -129.2 273 0 7.3 7.9 5.0 2.5 2 1 2 0 0
84.7 6200.3 -129.9 272 0 6.9 8.6 7.5 2.5 2 1 3 5 5
91.8 6186.6 -130.0 286 0 6.1 13.9 7.5 2.5 2 1 3 3 3
126.8 6184.2 -132.3 13 0 13.9 13.5 5.0 2.5 2 0 2 1 1
126.3 6200.5 -132.5 7 0 6.1 7.6 5.0 2.5 2 1 2 4 4
85.7 6120.1 -129.3 90 0 7.0 15.5 5.0 2.5 2 1 2 4 4
50.4 6104.4 -128.4 92 0 9.7 10.2 5.0 2.5 2 1 2 3 3
45.7 6132.2 -126.9 185 0 12.7 12.0 10.0 2.5 2 0 4 5 5
40.5 6136.5 -125.9 186 0 9.1 5.0 5.0 2.5 2 0 2 5 5
41.5 6147.9 -127.0 181 0 8.5 17.9 7.5 2.5 2 1 3 2 2
46.0 6154.0 -126.9 99 0 4.8 18.8 5.0 2.5 2 1 2 1 1
-6.2 6199.1 -124.7 182 0 10.7 13.9 7.5 2.5 4 1 3 3 3
-71.1 6100.9 -123.1 177 0 8.4 26.2 2.5 2.5 2 1 1 3 3
-43.9 6081.9 -123.2 1 0 8.2 7.4 5.0 2.5 2 0 2 3 3
-36.6 6086.6 -123.8 1 0 17.9 7.2 2.5 2.5 2 0 1 1 1
-34.9 6061.9 -125.6 8 0 15.6 5.3 2.5 2.5 4 0 1 1 1
-46.1 5888.7 -137.6 84 0 9.4 9.1 5.0 2.5 2 0 2 1 1
-222.9 5918.5 -121.5 99 0 9.4 6.1 2.5 2.5 2 0 1 1 1
-244.2 5850.0 -123.6 104 0 6.3 9.9 5.0 2.5 2 1 2 0 0
-270.3 5567.0 -135.1 182 0 6.0 6.2 5.0 0.0 0 1 2 3 3
-268.2 5596.5 -137.3 183 0 9.3 12.1 7.5 2.5 2 1 3 0 0
-264.4 5618.7 -136.7 273 0 6.5 6.2 5.0 2.5 2 0 2 2 2
-441.8 5769.5 -120.5 278 0 7.3 11.0 7.5 2.5 2 1 3 3 3
-471.0 5765.7 -120.2 277 0 8.7 6.6 7.5 2.5 2 0 3 1 1
-480.3 5740.1 -120.3 185 0 12.4 8.1 7.5 0.0 0 0 3 5 5
-696.8 5732.1 -127.5 100 0 9.7 7.6 7.5 2.5 4 0 3 5 5
-905.9 6217.4 -115.2 87 0 11.5 13.4 7.5 2.5 2 1 3 1 1
-915.0 6209.0 -117.2 270 0 19.2 12.3 7.5 2.5 2 0 3 1 1
-951.4 6211.8 -118.2 91 0 4.5 17.2 7.5 2.5 4 1 3 0 0
-1001.2 6193.1 -119.8 241 0 3.1 10.5 5.0 2.5 2 1 2 1 1
-995.8 6221.0 -118.1 92 0 16.7 8.9 5.0 2.5 2 0 2 3 3
-978.5 6247.3 -117.4 272 0 5.6 12.6 5.0 2.5 2 1 2 4 4
-990.4 6201.9 -119.1 79 0 15.6 8.8 7.5 0.0 0 0 3 3 3
-1385.0 6314.6 -114.3 182 0 9.9 7.4 7.5 2.5 2 0 3 5 5
-1358.9 6319.0 -115.2 274 0 7.2 7.7 5.0 2.5 2 1 2 2 2
-1321.0 6329.7 -116.8 93 0 7.2 6.0 5.0 2.5 2 0 2 3 3
-1782.2 6193.0 -93.5 10 0 10.0 25.5 7.5 2.5 2 1 3 1 1
-1856.4 6264.0 -89.3 303 0 8.7 4.2 7.5 2.5 4 0 3 3 3
-1845.1 6261.5 -91.2 291 0 11.6 4.5 2.5 2.5 4 0 1 3 3
-1812.6 6213.3 -92.4 104 0 9.4 6.8 5.0 2.5 2 0 2 0 0
-1784.5 6300.8 -98.5 192 0 14.3 19.4 10.0 0.0 0 1 4 4 4
-1794.6 6280.8 -97.0 200 0 4.3 22.4 7.5 2.5 2 0 3 5 5
-1808.9 6261.5 -95.0 300 0 6.9 12.2 7.5 0.0 0 1 3 3 3
-1527.2 6102.7 -97.8 88 0 5.7 5.5 5.0 2.5 2 0 2 5 5
-1635.8 6090.2 -91.8 91 0 8.1 6.7 7.5 2.5 2 0 3 2 2
-1657.7 6155.3 -95.9 179 0 7.8 7.0 5.0 2.5 2 0 2 3 3
-1608.5 6212.5 -101.2 89 0 12.6 8.4 5.0 2.5 4 0 2 4 4
-1562.0 6230.8 -104.1 357 0 7.3 6.4 5.0 2.5 2 0 2 5 5
-1577.6 6222.3 -102.9 87 0 5.6 7.4 7.5 2.5 4 1 3 4 4
-1421.6 6246.6 -111.7 89 0 6.7 6.9 7.5 2.5 2 1 3 4 4
-1458.1 6258.2 -110.6 179 0 10.9 8.0 2.5 2.5 2 0 1 4 4
6070.7 4880.9 -152.2 107 0 11.5 8.3 5.0 2.5 2 0 2 4 4
6180.6 5290.7 -151.8 18 0 8.7 18.5 7.5 2.5 4 1 3 5 5
6144.3 5352.4 -151.9 202 0 6.9 9.5 2.5 2.5 2 1 1 5 5
6516.9 6147.2 -149.2 192 0 7.8 12.9 5.0 2.5 2 1 2 0 0
6308.8 5779.1 -150.9 196 0 4.7 17.3 5.0 2.5 2 1 2 4 4
6416.1 5705.7 -153.1 279 0 10.6 8.2 2.5 2.5 2 0 1 0 0
6395.0 5695.1 -153.1 193 0 7.7 11.2 5.0 2.5 2 1 2 3 3
6401.0 5670.0 -153.3 10 0 7.0 11.1 7.5 2.5 2 1 3 3 3
6371.7 5675.6 -153.3 190 0 9.5 14.3 7.5 2.5 2 1 3 0 0
6369.4 5664.3 -153.3 190 0 8.7 14.0 5.0 2.5 2 1 2 1 1
6361.3 5623.7 -153.5 191 0 13.6 8.4 5.0 2.5 2 0 2 4 4
6160.1 5406.4 -151.9 289 0 9.1 8.7 5.0 0.0 0 0 2 4 4
6128.5 5440.1 -151.7 203 0 5.8 14.5 5.0 0.0 0 1 2 3 3
6108.8 5400.6 -151.6 112 0 9.3 11.7 2.5 2.5 2 1 1 5 5
6042.9 5354.6 -152.1 19 0 11.9 26.0 10.0 2.5 2 1 4 0 0
5995.7 5305.0 -151.8 15 0 19.3 24.8 12.5 2.5 2 1 5 4 4
5982.2 5282.2 -151.3 15 0 23.3 16.4 7.5 2.5 2 0 3 3 3
5930.3 5250.5 -151.4 195 0 9.5 4.8 2.5 2.5 2 0 1 4 4
5906.8 5193.4 -152.1 196 0 12.8 13.0 5.0 2.5 2 1 2 5 5
5890.5 5124.9 -151.7 13 0 13.7 13.6 7.5 2.5 2 0 3 0 0
5876.0 5128.7 -151.7 13 0 14.4 35.5 12.5 0.0 0 1 5 1 1
5865.8 4456.4 -153.9 195 0 13.7 11.6 5.0 2.5 2 0 2 2 2
5816.6 4408.1 -154.8 196 0 9.9 7.1 7.5 2.5 2 0 3 3 3
5808.9 4380.9 -155.3 197 0 43.2 11.3 10.0 2.5 4 0 4 3 3
5860.9 4360.3 -154.1 2 0 5.7 7.4 2.5 2.5 2 1 1 2 2
5868.3 4238.3 -154.2 272 0 29.6 12.0 7.5 0.0 0 0 3 2 2
5849.5 4238.6 -154.4 276 0 6.4 12.1 2.5 2.5 2 1 1 3 3
5751.5 4267.3 -156.6 193 0 10.1 7.3 7.5 2.5 2 0 3 1 1
5792.6 4188.2 -156.2 3 0 18.5 19.3 10.0 2.5 2 1 4 3 3
5809.4 4231.0 -155.5 276 0 14.2 14.7 5.0 0.0 0 1 2 2 2
5792.4 4233.7 -155.9 277 0 8.6 32.8 7.5 2.5 2 1 3 4 4
5777.7 4235.9 -156.3 277 0 9.7 32.9 7.5 2.5 2 1 3 0 0
5752.4 4190.4 -156.7 185 0 11.2 16.6 5.0 2.5 2 1 2 5 5
5678.6 4205.5 -158.6 73 0 8.4 17.5 7.5 2.5 2 1 3 4 4
5580.4 4160.3 -161.2 74 0 10.4 25.5 10.0 2.5 2 1 4 1 1
5598.5 4167.2 -160.8 75 0 10.5 25.6 10.0 0.0 0 1 4 3 3
5606.7 4235.4 -160.5 74 0 26.8 11.0 10.0 2.5 2 0 4 5 5
5570.0 4370.9 -160.9 277 0 15.4 118.8 10.0 0.0 0 1 4 3 3
-2399.7 2546.4 131.7 139 0 10.1 9.6 5.0 2.5 2 0 2 0 0
-2388.9 2598.0 133.5 293 0 8.0 15.9 5.0 2.5 2 1 2 5 5
748.3 1726.9 -83.0 96 0 8.6 6.4 2.5 2.5 2 0 1 4 4
807.6 1742.6 -81.0 278 0 7.4 5.8 7.5 2.5 4 0 3 0 0
866.4 1700.1 -84.1 185 0 5.8 7.5 5.0 2.5 2 1 2 1 1
844.3 1709.0 -82.8 190 0 5.2 6.2 5.0 2.5 4 1 2 4 4
849.5 1725.5 -82.0 99 0 6.3 6.8 2.5 2.5 2 1 1 5 5
858.2 1729.6 -82.6 280 0 7.2 9.6 2.5 2.5 2 1 1 4 4
820.0 1735.0 -80.8 190 0 6.0 6.3 7.5 2.5 2 1 3 1 1
3280.7 3915.2 -128.7 5 0 7.0 11.1 2.5 2.5 2 1 1 3 3
3288.7 3991.4 -128.2 7 0 61.0 21.6 12.5 2.5 2 0 5 3 3
3348.4 3893.5 -130.5 102 0 6.8 9.8 7.5 2.5 2 1 3 2 2
3573.9 3739.3 -137.6 115 0 6.7 8.1 7.5 2.5 2 1 3 3 3
3697.0 3706.1 -140.2 0 0 3.9 14.8 5.0 2.5 2 1 2 0 0
3678.7 3693.1 -140.1 136 0 8.3 9.3 7.5 2.5 2 1 3 1 1
3645.6 3695.3 -139.8 106 0 14.3 7.9 2.5 2.5 2 0 1 3 3
3639.1 3610.7 -139.7 91 0 9.2 22.2 7.5 2.5 2 1 3 4 4
4024.5 3531.0 -143.8 105 0 9.5 10.0 7.5 0.0 0 1 3 5 5
4056.9 3519.3 -144.1 102 0 8.4 25.7 7.5 2.5 2 1 3 1 1
4065.4 3514.5 -144.2 105 0 8.1 11.6 7.5 2.5 2 1 3 3 3
4048.3 3368.2 -144.0 10 0 51.7 10.6 7.5 2.5 4 0 3 0 0
4167.3 3473.0 -145.0 279 0 20.7 11.2 5.0 2.5 2 0 2 2 2
4141.3 3507.3 -144.5 104 0 8.1 11.8 5.0 2.5 2 1 2 2 2
4178.4 3506.6 -144.4 99 0 6.3 15.0 7.5 2.5 2 1 3 5 5
4199.2 3494.4 -144.5 100 0 10.7 3.6 7.5 2.5 2 0 3 5 5
4217.1 3490.8 -144.5 107 0 4.1 8.5 5.0 2.5 2 1 2 5 5
4206.7 3509.0 -144.4 99 0 9.7 11.9 7.5 2.5 2 1 3 1 1
4190.7 3468.2 -145.0 280 0 7.6 13.0 7.5 2.5 2 1 3 5 5
4194.2 3440.8 -145.2 190 0 3.6 11.6 7.5 2.5 2 1 3 5 5
4201.2 3442.5 -145.1 100 0 6.8 7.7 5.0 2.5 2 1 2 0 0
4205.2 3463.9 -145.0 280 0 10.4 11.6 7.5 2.5 2 1 3 0 0
4220.5 3469.2 -145.0 280 0 8.3 18.5 7.5 2.5 4 1 3 0 0
4261.9 3461.3 -144.8 282 0 11.5 3.3 5.0 2.5 2 0 2 5 5
4500.2 3326.3 -146.7 16 0 4.0 19.3 2.5 2.5 2 1 1 3 3
4673.8 3369.6 -147.9 280 0 17.9 3.2 7.5 2.5 2 0 3 5 5
4657.1 3361.8 -148.0 284 0 9.9 71.4 7.5 2.5 2 1 3 2 2
4800.1 3361.8 -148.9 194 0 5.2 22.9 5.0 2.5 4 1 2 0 0
4798.7 3385.8 -148.7 198 0 6.8 10.0 5.0 2.5 2 1 2 4 4
4796.0 3377.4 -148.7 198 0 8.3 9.2 5.0 0.0 0 1 2 5 5
5015.1 3335.4 -149.5 14 0 6.0 5.7 5.0 2.5 2 0 2 3 3
5024.0 3384.8 -149.4 284 0 16.6 4.9 2.5 2.5 2 0 1 5 5
4966.9 3394.3 -149.1 285 0 11.2 24.1 12.5 0.0 0 1 5 4 4
4927.6 3408.3 -148.9 284 0 45.7 31.9 10.0 0.0 0 0 4 4 4
1267.1 4056.2 -83.8 120 0 31.3 11.3 12.5 2.5 2 0 5 1 1
1283.3 4031.7 -84.6 110 0 7.8 21.5 5.0 2.5 2 1 2 3 3
1302.0 4036.0 -85.0 22 0 20.9 7.6 5.0 2.5 2 0 2 4 4
1277.1 3997.7 -86.5 300 0 32.4 8.1 7.5 0.0 0 0 3 3 3
5978.6 6383.9 -146.2 5 0 13.4 7.0 7.5 2.5 2 0 3 0 0
5685.2 4188.9 -158.4 270 0 7.4 42.9 7.5 0.0 0 1 3 1 1
-2234.3 119.3 131.6 175 0 7.8 5.2 5.0 2.5 2 0 2 2 2
960.8 2960.5 -77.3 353 0 9.0 26.6 5.0 2.5 4 1 2 4 4
1088.3 3030.8 -80.9 271 0 7.7 7.9 7.5 2.5 2 1 3 5 5
1112.5 2993.0 -81.2 90 0 11.2 7.3 5.0 2.5 2 0 2 1 1
1147.8 3039.3 -82.4 100 0 7.9 7.5 5.0 2.5 2 0 2 1 1
1175.7 3009.1 -82.7 15 0 7.9 19.6 5.0 2.5 2 1 2 1 1
1527.8 2649.6 -104.2 102 0 11.7 12.2 7.5 2.5 2 1 3 1 1
1543.3 2690.5 -103.9 271 0 6.6 11.8 7.5 2.5 2 1 3 5 5
-2122.5 42.0 133.7 77 0 9.9 8.6 7.5 2.5 2 0 3 0 0
-2154.0 70.7 133.3 261 0 5.8 10.1 7.5 2.5 2 1 3 3 3
-2140.1 72.7 132.1 270 0 5.9 8.2 5.0 2.5 2 1 2 2 2
-2141.9 36.9 135.8 104 0 12.2 7.8 5.0 2.5 2 0 2 2 2
-2228.7 132.6 128.9 179 0 10.1 11.1 2.5 2.5 2 1 1 5 5
-2224.0 111.5 131.9 181 0 7.5 6.3 7.5 2.5 2 0 3 3 3
-2230.5 99.0 133.8 180 0 7.5 9.2 2.5 0.0 0 1 1 2 2
-2202.2 155.9 125.2 345 0 5.6 18.0 5.0 2.5 2 1 2 5 5
-2198.3 131.2 128.2 266 0 7.8 5.6 2.5 2.5 2 0 1 1 1
-2212.8 95.8 132.7 182 0 7.6 14.7 5.0 2.5 2 1 2 0 0
-2210.1 67.0 136.2 90 0 11.6 8.8 5.0 2.5 2 0 2 1 1
-2315.9 5225.9 -122.7 100 0 8.7 4.7 7.5 2.5 2 0 3 1 1
-2271.7 5257.6 -119.6 282 0 7.7 5.3 2.5 2.5 2 0 1 0 0
-2282.8 5268.7 -117.8 102 0 13.1 18.8 7.5 2.5 2 1 3 4 4
-2239.6 5365.8 -115.0 193 0 4.3 8.3 5.0 2.5 2 1 2 2 2
5637.3 3481.4 -160.5 12 0 13.2 16.1 5.0 2.5 2 1 2 0 0
5925.8 4014.2 -152.1 14 0 4.6 26.2 5.0 0.0 0 1 2 3 3
5928.9 4051.4 -152.1 284 0 20.1 11.0 7.5 2.5 2 0 3 3 3
6404.2 3752.0 -159.2 107 0 8.7 8.5 2.5 2.5 2 0 1 3 3
6514.0 3709.8 -160.3 103 0 7.4 13.6 5.0 2.5 4 1 2 4 4
5661.9 3477.0 -161.3 196 0 20.6 11.1 5.0 2.5 2 0 2 0 0
5983.0 6318.5 -146.3 188 0 6.6 6.6 5.0 2.5 2 1 2 4 4
6014.1 6268.4 -146.8 12 0 10.7 10.7 7.5 2.5 2 0 3 3 3
5969.5 6238.5 -147.1 191 0 14.8 5.9 7.5 2.5 2 0 3 1 1
5978.5 6228.7 -147.1 101 0 6.5 14.9 7.5 2.5 2 1 3 1 1
5995.1 6238.4 -147.1 14 0 10.7 10.3 7.5 2.5 2 0 3 4 4
5945.2 6243.2 -147.0 11 0 15.4 21.2 5.0 2.5 2 1 2 5 5
5181.2 6202.5 -145.5 5 0 27.7 11.2 7.5 2.5 2 0 3 3 3
5261.6 6178.1 -145.8 18 0 8.0 9.3 5.0 2.5 2 1 2 3 3
5383.1 -406.5 -137.3 23 0 10.9 5.1 7.5 2.5 2 0 3 3 3
5405.9 -381.7 -137.2 27 0 15.6 3.9 7.5 2.5 2 0 3 3 3
5352.5 -432.8 -137.7 26 0 7.9 10.3 5.0 2.5 2 1 2 0 0
5342.3 -463.7 -138.0 22 0 4.1 16.8 5.0 2.5 2 1 2 4 4
5105.5 -2069.3 -120.1 204 0 33.3 7.0 7.5 2.5 4 0 3 4 4
5074.1 -1832.4 -131.4 122 0 9.8 8.3 5.0 2.5 2 0 2 0 0
5121.2 -1817.3 -131.1 137 0 8.5 7.2 7.5 2.5 2 0 3 1 1
4250.0 -1378.7 -151.2 94 0 14.8 12.6 5.0 2.5 2 0 2 4 4
5117.6 1383.4 -161.0 110 0 7.2 37.5 7.5 2.5 2 1 3 2 2
6150.5 2743.4 -159.6 101 0 10.6 10.8 2.5 2.5 2 1 1 4 4
6141.1 2693.0 -159.4 20 0 4.6 7.5 2.5 2.5 2 1 1 5 5
6129.7 2694.0 -159.3 108 0 3.1 11.6 7.5 2.5 2 1 3 4 4
5965.3 2754.2 -157.8 317 0 8.3 7.4 2.5 2.5 2 0 1 1 1
3858.5 2532.0 -143.9 209 0 4.0 31.7 7.5 2.5 2 1 3 0 0
3729.1 2293.0 -144.8 199 0 10.1 32.1 10.0 0.0 0 1 4 1 1
-2338.1 295.0 104.7 98 0 5.5 6.0 7.5 2.5 2 1 3 1 1
-2133.2 -1015.5 145.3 264 0 6.5 10.1 2.5 2.5 2 1 1 0 0
-2094.2 -990.9 148.4 261 0 15.5 11.1 2.5 2.5 2 0 1 5 5
-2005.1 -1177.0 158.3 300 0 9.9 6.2 7.5 2.5 2 0 3 2 2
5770.1 -4991.8 -44.3 269 0 12.2 11.8 7.5 2.5 2 0 3 0 0
5757.0 -5958.7 -25.2 278 0 6.8 11.5 5.0 2.5 2 1 2 1 1
5330.0 -5408.5 -34.8 91 0 11.8 7.8 5.0 2.5 2 0 2 0 0
5304.1 -5403.4 -34.8 198 0 7.4 6.8 5.0 0.0 0 0 2 5 5
5395.4 -5350.4 -35.6 185 0 16.6 3.7 7.5 2.5 2 0 3 4 4
5450.6 -5556.2 -33.5 89 0 9.0 3.5 2.5 2.5 2 0 1 4 4
5792.8 -6495.9 -5.3 107 0 8.9 7.6 5.0 2.5 2 0 2 2 2
374.8 -4501.7 -144.6 309 0 16.7 8.8 5.0 0.0 0 0 2 2 2
297.3 -4269.0 -141.4 284 0 8.8 60.9 7.5 2.5 4 1 3 0 0
300.6 -4332.3 -141.9 104 0 9.7 61.5 7.5 2.5 2 1 3 0 0
481.7 -4038.6 -145.3 286 0 9.4 76.6 7.5 2.5 4 1 3 0 0
440.3 -4097.8 -144.6 106 0 9.3 60.3 7.5 0.0 0 1 3 3 3
6388.4 1254.1 -155.3 297 0 7.6 8.6 5.0 2.5 2 1 2 1 1
6115.5 1222.9 -156.0 27 0 4.3 19.8 5.0 2.5 2 1 2 1 1
5815.7 839.1 -150.6 290 0 5.5 10.0 5.0 2.5 2 1 2 5 5
5768.8 796.0 -150.1 289 0 22.4 5.7 5.0 2.5 2 0 2 2 2
5723.4 898.4 -152.1 108 0 9.2 10.2 5.0 2.5 2 1 2 4 4
5705.0 840.4 -151.1 201 0 3.8 31.7 2.5 2.5 2 1 1 5 5
5770.5 847.8 -151.3 23 0 10.8 31.6 7.5 2.5 2 1 3 5 5
5744.4 4685.1 -154.1 96 0 20.9 32.7 10.0 0.0 0 1 4 5 5
5709.8 4455.9 -155.3 10 0 14.3 19.6 7.5 2.5 2 1 3 4 4
5725.3 4453.4 -155.6 8 0 12.9 7.7 5.0 2.5 2 0 2 4 4
5683.0 4439.8 -156.0 193 0 13.3 22.1 10.0 2.5 2 1 4 4 4
5617.9 4545.3 -151.3 186 0 9.3 8.4 5.0 2.5 2 0 2 1 1
5556.2 4599.7 -150.6 171 0 14.8 9.1 5.0 0.0 0 0 2 3 3
5566.4 4658.0 -151.0 270 0 18.4 7.2 7.5 2.5 2 0 3 5 5
5655.0 4677.6 -152.5 92 0 6.2 9.9 2.5 2.5 4 1 1 4 4
5616.1 4753.4 -150.8 187 0 8.8 18.7 7.5 2.5 2 0 3 2 2
5636.6 4780.8 -151.0 220 0 50.3 10.3 10.0 2.5 2 0 4 0 0
5668.7 4799.6 -151.8 188 0 7.5 41.2 7.5 0.0 0 1 3 0 0
5670.8 4812.6 -151.7 189 0 8.0 39.2 7.5 2.5 4 1 3 2 2
5673.0 4766.0 -152.3 269 0 14.3 43.1 10.0 2.5 2 1 4 2 2
5681.6 4765.6 -152.0 178 0 14.9 17.8 12.5 2.5 2 1 5 2 2
5692.0 4712.6 -152.9 90 0 18.5 15.5 7.5 2.5 2 0 3 3 3
5770.9 4720.6 -154.5 96 0 9.3 8.4 7.5 2.5 2 0 3 0 0
5742.4 4828.6 -152.3 282 0 5.9 29.3 5.0 2.5 2 1 2 3 3
5731.9 4775.7 -152.8 277 0 19.4 10.2 5.0 2.5 4 0 2 4 4
5764.2 4748.0 -153.8 9 0 8.3 51.4 7.5 2.5 2 1 3 0 0
5728.3 4893.9 -152.3 193 0 7.5 27.9 5.0 0.0 0 1 2 2 2
5759.1 4909.9 -152.6 196 0 6.0 16.5 7.5 2.5 2 1 3 3 3
5774.1 4920.8 -152.9 196 0 12.2 24.5 5.0 2.5 2 1 2 1 1
5774.6 4897.2 -152.8 193 0 17.0 17.0 10.0 0.0 0 0 4 0 0
5768.3 4965.3 -151.8 20 0 9.3 7.9 2.5 2.5 4 0 1 5 5
5778.4 5022.9 -152.3 286 0 8.4 4.5 2.5 2.5 4 0 1 2 2
5770.7 4977.8 -151.9 17 0 11.5 33.8 10.0 2.5 2 1 4 2 2
5706.3 4955.3 -151.4 108 0 30.2 11.7 7.5 2.5 4 0 3 4 4
5686.3 5032.0 -151.8 15 0 19.8 17.5 10.0 2.5 2 0 4 3 3
5645.4 5053.2 -151.7 287 0 17.1 19.7 10.0 2.5 2 1 4 4 4
78.5 3764.3 -58.2 90 0 9.0 24.0 5.0 0.0 0 1 2 1 1
67.7 3807.8 -57.4 359 0 8.7 5.7 5.0 2.5 2 0 2 5 5
62.4 3822.1 -57.2 269 0 6.6 9.1 7.5 2.5 4 1 3 1 1
43.9 3823.2 -56.6 265 0 3.8 7.9 7.5 2.5 4 1 3 4 4
40.5 3756.9 -57.0 265 0 5.7 9.7 7.5 2.5 2 1 3 0 0
26.9 3737.9 -57.1 179 0 12.5 15.1 5.0 2.5 2 1 2 0 0
19.8 3729.0 -56.4 357 0 15.2 7.0 5.0 2.5 2 0 2 4 4
10.6 3780.5 -55.8 91 0 6.8 4.6 7.5 2.5 4 0 3 5 5
12.6 3745.1 -56.0 360 0 10.2 5.5 7.5 2.5 2 0 3 5 5
-3.8 3762.8 -55.6 271 0 5.6 20.7 7.5 2.5 2 0 3 4 4
-9.3 3762.9 -55.4 271 0 5.6 20.7 5.0 2.5 2 0 2 0 0
4780.8 2004.6 -158.2 283 0 5.7 10.7 2.5 2.5 2 1 1 3 3
4797.8 1998.5 -158.4 281 0 4.1 9.0 5.0 2.5 2 1 2 5 5
4822.0 2000.1 -158.5 104 0 5.8 6.1 5.0 0.0 0 1 2 5 5
4834.3 1995.0 -158.8 199 0 6.9 8.8 7.5 2.5 2 1 3 4 4
4882.4 2089.7 -158.2 188 0 4.6 9.3 5.0 2.5 2 1 2 5 5
4872.8 2034.9 -158.6 96 0 9.5 10.3 7.5 2.5 2 1 3 2 2
4810.1 2064.7 -157.7 100 0 8.8 7.3 7.5 2.5 2 0 3 3 3
4817.4 2042.1 -157.9 100 0 4.6 7.7 2.5 2.5 2 1 1 4 4
4829.9 2079.1 -157.8 280 0 10.1 10.2 5.0 2.5 4 1 2 2 2
4806.5 2030.9 -158.1 284 0 6.2 8.0 7.5 0.0 0 1 3 2 2
4734.2 1985.1 -157.9 105 0 5.7 7.9 5.0 2.5 2 1 2 4 4
4723.7 1990.7 -157.7 108 0 8.4 8.2 2.5 2.5 2 0 1 4 4
4711.6 1994.0 -157.6 107 0 13.4 4.4 2.5 2.5 2 0 1 4 4
4706.7 1990.5 -157.7 279 0 5.8 8.1 2.5 2.5 2 1 1 2 2
4680.9 1961.0 -157.7 198 0 12.9 12.1 5.0 0.0 0 0 2 1 1
4674.1 1933.6 -157.5 192 0 12.0 10.2 7.5 2.5 2 0 3 4 4
4332.5 -1685.9 -137.7 182 0 10.6 9.4 7.5 2.5 2 0 3 4 4
4307.8 -1597.9 -141.5 182 0 13.0 12.5 2.5 0.0 0 0 1 3 3
4109.4 -2160.3 -126.3 24 0 29.8 9.9 7.5 2.5 4 0 3 4 4
4128.7 -1362.8 -150.6 112 0 10.0 13.6 5.0 2.5 2 1 2 5 5
4139.8 -1370.6 -150.1 113 0 12.0 9.1 2.5 2.5 2 0 1 5 5
6163.1 4246.7 -155.3 93 0 9.9 14.9 5.0 2.5 2 1 2 3 3
2701.5 3703.2 -124.1 184 0 16.0 7.2 5.0 2.5 2 0 2 3 3
2692.4 3752.7 -123.7 7 0 13.1 13.4 7.5 2.5 2 1 3 1 1
2663.7 3735.9 -123.6 10 0 13.3 26.1 7.5 2.5 2 1 3 4 4
2698.9 3846.5 -123.2 94 0 17.3 3.9 5.0 2.5 2 0 2 1 1
2578.5 3820.7 -122.7 96 0 4.9 10.3 5.0 2.5 2 1 2 5 5
2591.7 3854.5 -122.7 278 0 18.5 16.0 7.5 2.5 2 0 3 2 2
2470.2 3798.7 -121.3 99 0 8.7 9.4 7.5 2.5 2 1 3 1 1
2509.8 3849.8 -122.1 279 0 11.2 27.7 7.5 2.5 2 1 3 0 0
2387.5 3938.3 -119.1 260 0 14.0 4.3 5.0 2.5 2 0 2 0 0
2293.8 3893.5 -117.0 0 0 9.3 8.5 5.0 2.5 2 0 2 0 0
2194.5 3911.8 -114.8 270 0 12.1 9.9 7.5 2.5 2 0 3 3 3
2008.7 3495.2 -112.0 293 0 8.9 9.8 7.5 2.5 2 1 3 5 5
1881.3 3453.8 -109.4 286 0 18.9 6.2 2.5 2.5 2 0 1 0 0
1866.5 3447.7 -109.1 288 0 15.2 9.6 5.0 2.5 2 0 2 5 5
1796.5 3466.7 -107.4 285 0 10.0 3.5 7.5 2.5 2 0 3 1 1
1789.8 3477.7 -107.3 104 0 15.3 8.5 5.0 2.5 2 0 2 4 4
1772.5 3481.8 -106.8 104 0 9.7 5.0 5.0 2.5 2 0 2 3 3
1763.4 3484.0 -106.6 104 0 9.1 13.0 7.5 2.5 2 0 3 3 3
1698.5 3430.1 -105.2 100 0 8.8 12.4 7.5 2.5 4 1 3 0 0
1532.2 3403.1 -101.4 117 0 11.3 3.6 7.5 2.5 2 0 3 2 2
1504.0 3393.1 -100.8 276 0 8.7 4.1 7.5 0.0 0 0 3 2 2
1488.3 3406.5 -100.3 283 0 7.3 4.7 7.5 2.5 2 0 3 4 4
1499.5 3436.6 -100.6 101 0 8.9 3.7 2.5 2.5 2 0 1 5 5
1501.0 3421.0 -100.7 106 0 15.8 10.7 7.5 2.5 4 0 3 1 1
1462.1 3467.0 -98.5 8 0 6.8 12.8 5.0 2.5 2 1 2 0 0
1370.8 3519.6 -93.6 15 0 10.2 5.9 5.0 2.5 2 0 2 5 5
1385.3 3515.7 -93.9 15 0 10.2 15.0 2.5 2.5 2 0 1 1 1
1314.2 3461.9 -91.5 94 0 7.8 12.9 2.5 2.5 2 1 1 5 5
1415.6 2564.7 -103.4 13 0 18.8 10.3 5.0 2.5 2 0 2 2 2
1449.5 2659.0 -102.9 288 0 14.4 3.0 2.5 2.5 2 0 1 2 2
1462.1 2627.0 -103.4 17 0 3.9 11.3 5.0 2.5 2 1 2 0 0
1478.5 2770.2 -102.2 184 0 3.8 12.1 5.0 2.5 2 1 2 2 2
1491.0 2784.6 -102.0 279 0 5.9 5.4 5.0 2.5 2 0 2 2 2
1483.6 2789.5 -102.0 278 0 7.8 9.5 2.5 0.0 0 1 1 4 4
1398.8 2738.3 -100.5 274 0 9.1 15.6 2.5 2.5 2 1 1 4 4
1362.8 2796.1 -92.4 185 0 7.1 11.0 7.5 2.5 2 1 3 2 2
1364.8 2816.4 -91.2 270 0 10.6 8.8 5.0 2.5 2 0 2 0 0
1385.0 2982.7 -92.5 283 0 6.1 8.2 7.5 0.0 0 1 3 0 0
1390.3 2917.8 -93.8 105 0 14.3 10.8 5.0 2.5 2 0 2 5 5
1300.9 2974.2 -85.8 107 0 11.9 4.3 7.5 2.5 2 0 3 2 2
1181.3 3049.7 -83.3 97 0 9.0 6.2 7.5 2.5 2 0 3 2 2
1169.0 3050.6 -83.1 99 0 14.0 7.1 7.5 2.5 2 0 3 3 3
1097.4 3094.8 -81.7 269 0 10.9 9.6 2.5 0.0 0 0 1 5 5
1082.5 3087.9 -81.3 271 0 9.7 8.8 5.0 2.5 2 0 2 4 4
1043.8 3074.2 -80.3 181 0 12.0 5.4 2.5 2.5 4 0 1 4 4
1016.9 2996.0 -78.9 357 0 4.6 10.4 7.5 2.5 2 0 3 0 0
693.3 3099.4 -72.6 88 0 13.5 8.4 2.5 2.5 2 0 1 1 1
683.7 3099.2 -72.2 89 0 3.8 11.6 7.5 2.5 2 1 3 1 1
646.8 3099.6 -70.2 82 0 3.8 8.8 2.5 2.5 2 1 1 2 2
654.4 3100.3 -70.8 79 0 9.1 9.5 5.0 0.0 0 1 2 2 2
639.1 3072.9 -69.9 262 0 8.7 8.3 7.5 2.5 2 0 3 5 5
508.6 3028.7 -62.9 171 0 21.0 4.2 5.0 2.5 2 0 2 3 3
533.0 3020.0 -63.9 354 0 9.4 5.1 5.0 0.0 0 0 2 3 3
600.2 2927.7 -67.5 238 0 8.9 7.0 7.5 2.5 2 0 3 0 0
560.8 2986.0 -65.3 356 0 15.1 18.3 7.5 2.5 2 1 3 5 5
554.5 2944.5 -64.8 354 0 3.3 15.3 5.0 2.5 2 1 2 1 1
450.2 2876.8 -54.5 182 0 4.9 6.5 7.5 2.5 2 1 3 3 3
465.9 2860.4 -54.4 91 0 10.1 8.1 7.5 2.5 2 0 3 1 1
475.3 2862.0 -54.8 94 0 7.2 5.0 5.0 2.5 2 0 2 5 5
492.0 2861.9 -55.8 4 0 10.3 7.2 5.0 2.5 2 0 2 3 3
87.9 3232.0 -49.8 76 0 12.9 17.5 2.5 0.0 0 1 1 4 4
105.4 3750.8 -59.2 271 0 8.4 6.4 5.0 0.0 0 0 2 2 2
183.3 3781.4 -61.5 87 0 10.5 7.1 5.0 2.5 2 0 2 3 3
464.8 3759.5 -71.0 271 0 15.3 12.1 5.0 2.5 2 0 2 3 3
492.3 3768.9 -71.9 272 0 21.4 13.8 15.0 0.0 0 0 6 5 5
505.7 3744.5 -71.7 0 0 5.4 5.6 5.0 2.5 2 1 2 0 0
606.7 3690.2 -73.0 92 0 9.1 7.3 5.0 2.5 2 0 2 4 4
627.8 3468.5 -70.5 268 0 10.9 4.4 5.0 2.5 2 0 2 2 2
625.0 3486.1 -70.5 270 0 14.5 11.9 7.5 2.5 2 0 3 4 4
593.9 3462.9 -68.6 88 0 6.1 4.9 2.5 2.5 2 0 1 5 5
-1734.2 4785.1 -110.3 108 0 4.2 11.2 2.5 2.5 2 1 1 5 5
-1703.7 4795.3 -111.3 106 0 7.1 12.5 5.0 2.5 2 1 2 2 2
-1718.7 4760.5 -109.9 284 0 6.5 14.9 5.0 2.5 2 1 2 4 4
-1762.1 4587.8 -105.5 114 0 5.5 11.5 7.5 2.5 2 1 3 4 4
-1711.0 4561.3 -106.5 109 0 7.1 8.7 5.0 2.5 4 1 2 0 0
-1607.9 4533.6 -110.4 106 0 7.4 7.2 5.0 2.5 4 0 2 1 1
-1596.1 4541.1 -110.8 280 0 8.2 12.1 7.5 2.5 2 1 3 4 4
-1695.0 4479.2 -107.2 202 0 9.3 12.5 7.5 2.5 2 1 3 5 5
-1678.4 4471.9 -108.0 206 0 10.1 17.1 10.0 2.5 2 1 4 2 2
-1679.6 4409.6 -107.4 110 0 15.5 10.0 7.5 2.5 2 0 3 2 2
-1627.9 4438.9 -109.3 15 0 11.9 17.4 7.5 2.5 2 1 3 0 0
-1646.4 4442.2 -108.6 20 0 7.6 11.1 7.5 2.5 2 1 3 1 1
-1593.7 4283.3 -108.3 281 0 8.1 11.1 7.5 2.5 4 1 3 2 2
-1848.3 3766.8 -86.8 4 0 9.4 12.2 5.0 2.5 2 1 2 0 0
-1807.6 3735.8 -81.8 0 0 5.1 7.4 7.5 2.5 2 1 3 2 2
-1845.1 3795.8 -87.4 274 0 10.2 13.6 7.5 0.0 0 1 3 3 3
-1822.8 3760.4 -83.7 182 0 7.6 12.0 7.5 2.5 2 1 3 5 5
-1828.5 3772.8 -85.0 271 0 10.4 7.9 2.5 2.5 4 0 1 4 4
-1837.0 3778.3 -85.8 283 0 8.3 6.0 7.5 2.5 2 0 3 1 1
-1809.4 3787.3 -84.5 203 0 9.2 5.7 5.0 0.0 0 0 2 4 4
-1801.9 3774.1 -83.4 21 0 7.6 5.4 5.0 2.5 2 0 2 4 4
-1983.9 4081.7 -88.1 285 0 12.3 5.7 7.5 2.5 2 0 3 3 3
-1894.2 4080.3 -95.3 101 0 10.5 11.2 10.0 0.0 0 1 4 1 1
-1910.5 4114.3 -95.2 196 0 10.9 7.6 7.5 2.5 4 0 3 4 4
-1869.7 4341.9 -97.1 182 0 17.8 6.4 7.5 2.5 2 0 3 0 0
-1828.2 4423.9 -101.3 201 0 13.4 16.8 5.0 2.5 2 1 2 2 2
-1821.3 4567.9 -103.1 204 0 7.7 14.3 5.0 0.0 0 1 2 5 5
-1925.6 4715.8 -108.4 15 0 9.8 12.6 2.5 2.5 2 1 1 2 2
-1746.8 5543.0 -119.0 310 0 3.3 11.2 5.0 2.5 2 1 2 5 5
-1754.7 5497.1 -116.8 10 0 9.5 9.5 5.0 2.5 2 0 2 0 0
-1827.9 5399.6 -124.3 183 0 8.3 8.8 5.0 2.5 2 1 2 2 2
-1813.7 5381.6 -124.0 6 0 10.1 11.6 10.0 2.5 4 1 4 3 3
-1675.5 5314.1 -115.8 195 0 4.0 15.4 7.5 2.5 4 1 3 0 0
-1695.8 5306.6 -115.6 198 0 12.4 16.4 10.0 2.5 4 1 4 3 3
-1726.8 5271.1 -115.0 15 0 3.7 12.6 5.0 2.5 2 1 2 1 1
-1712.0 5262.7 -115.1 191 0 7.7 7.0 2.5 2.5 2 0 1 2 2
-1734.9 5228.0 -114.8 199 0 6.4 10.1 5.0 2.5 2 1 2 3 3
-1756.8 5184.2 -114.4 193 0 4.6 19.7 2.5 2.5 2 1 1 2 2
-1767.8 5161.8 -114.2 204 0 13.3 8.5 7.5 2.5 2 0 3 1 1
-1785.7 5127.1 -113.9 197 0 6.2 20.4 7.5 2.5 2 1 3 4 4
-1783.0 5110.6 -113.9 196 0 13.5 11.2 7.5 2.5 2 0 3 2 2
-1826.1 4910.2 -110.7 16 0 4.6 22.2 5.0 2.5 2 1 2 1 1
-1845.5 4944.9 -111.1 289 0 11.5 11.5 2.5 0.0 0 1 1 0 0
-1887.4 4967.3 -112.0 16 0 11.2 10.4 10.0 2.5 2 0 4 2 2
-1902.0 4965.3 -112.5 16 0 28.8 10.9 7.5 2.5 2 0 3 0 0
-1902.7 4941.0 -112.0 18 0 3.6 15.8 5.0 2.5 2 1 2 1 1
-1910.7 4902.2 -111.0 0 0 5.3 10.0 5.0 2.5 2 1 2 0 0
-1912.0 4890.5 -111.1 359 0 9.0 19.0 7.5 2.5 2 1 3 3 3
-1912.9 4780.3 -109.1 199 0 5.7 9.8 7.5 2.5 2 1 3 4 4
-1900.6 4794.6 -109.2 199 0 9.4 10.4 5.0 2.5 2 1 2 0 0
-1909.7 4797.7 -109.3 200 0 9.5 8.6 7.5 2.5 2 0 3 3 3
-1903.0 4833.6 -110.0 110 0 11.9 11.4 2.5 2.5 2 0 1 4 4
-1912.0 4857.2 -110.2 201 0 9.2 12.1 7.5 2.5 2 1 3 1 1
-1909.9 4868.3 -110.4 196 0 8.2 11.8 7.5 2.5 2 1 3 1 1
-1868.0 4863.9 -110.1 17 0 5.4 6.4 5.0 2.5 2 1 2 2 2
-1884.4 4829.9 -109.8 107 0 10.1 11.4 5.0 2.5 2 1 2 3 3
-1869.1 4825.6 -109.6 108 0 15.8 11.1 7.5 2.5 2 0 3 5 5
-2771.8 -2630.3 31.2 195 0 6.0 8.3 7.5 2.5 2 1 3 4 4
-2767.1 -2649.8 32.1 179 0 8.1 5.7 7.5 2.5 4 0 3 2 2
-2775.9 -2633.2 32.2 107 0 4.4 11.3 5.0 2.5 2 1 2 2 2
-2783.1 -2630.8 33.1 108 0 8.2 10.9 5.0 2.5 2 1 2 1 1
-2808.3 -2638.5 39.3 113 0 8.7 6.5 2.5 2.5 2 0 1 0 0
-2809.2 -2613.6 37.6 203 0 7.0 6.5 7.5 0.0 0 0 3 4 4
-2797.5 -2624.3 35.8 114 0 5.4 9.7 5.0 2.5 2 1 2 5 5
-2798.4 -2600.0 34.7 211 0 7.4 5.0 5.0 2.5 4 0 2 1 1
-2788.0 -2583.9 32.0 294 0 8.3 6.5 7.5 2.5 2 0 3 1 1
-2775.5 -2592.6 30.4 292 0 5.4 7.7 2.5 2.5 2 1 1 5 5
-2770.5 -2604.3 28.9 212 0 7.6 9.4 5.0 2.5 2 1 2 0 0
-2705.3 -2626.4 24.6 11 0 5.5 6.5 7.5 2.5 2 1 3 3 3
-2691.3 -2607.9 23.7 15 0 6.9 4.4 5.0 2.5 2 0 2 3 3
-2696.9 -2605.5 23.8 16 0 8.1 13.5 7.5 2.5 4 1 3 5 5
-2686.6 -2592.0 23.2 282 0 6.2 11.4 7.5 2.5 2 1 3 4 4
-2675.1 -2599.8 23.0 11 0 7.5 8.7 2.5 2.5 2 1 1 0 0
-2679.1 -2676.4 24.5 85 0 4.8 7.0 5.0 2.5 2 1 2 0 0
-2662.0 -2678.1 23.9 79 0 6.3 12.0 7.5 2.5 4 1 3 2 2
-2653.4 -2676.2 23.5 83 0 8.3 12.7 2.5 2.5 2 1 1 0 0
-2671.4 -2630.4 23.5 279 0 5.3 7.1 5.0 2.5 2 1 2 5 5
-2664.1 -2631.2 23.2 272 0 7.8 7.6 2.5 2.5 2 0 1 4 4
-2646.1 -2635.9 22.7 280 0 5.7 10.3 5.0 2.5 2 1 2 0 0
-2641.0 -2662.2 22.7 92 0 10.3 11.0 5.0 2.5 2 1 2 2 2
-2627.2 -2664.6 22.4 92 0 5.7 9.8 5.0 2.5 2 1 2 3 3
-2629.6 -2627.9 21.9 274 0 10.3 6.8 7.5 2.5 2 0 3 0 0
-2633.3 -2617.3 21.8 274 0 8.7 6.5 5.0 2.5 2 0 2 0 0
-2611.7 -2634.5 21.5 4 0 7.4 11.0 7.5 0.0 0 1 3 4 4
-2190.7 -1944.1 137.0 51 0 8.7 7.5 7.5 2.5 2 0 3 5 5
-2157.7 -1933.2 143.3 345 0 6.9 8.8 5.0 2.5 2 1 2 5 5
-2220.2 -1920.3 133.4 160 0 7.4 7.0 7.5 2.5 2 0 3 2 2
-2248.1 -1848.5 127.2 182 0 12.3 10.2 2.5 2.5 2 0 1 0 0
-2239.4 -1828.0 124.9 194 0 8.6 5.6 5.0 2.5 2 0 2 4 4
-2145.2 -1489.1 133.8 71 0 6.3 6.2 5.0 2.5 2 0 2 2 2
-2242.6 -1445.0 127.9 85 0 6.9 5.9 7.5 2.5 2 0 3 5 5
-2242.7 -1423.1 128.4 269 0 9.9 4.9 7.5 2.5 2 0 3 1 1
-2224.5 -1417.5 130.4 262 0 5.6 6.8 5.0 2.5 2 1 2 2 2
-2158.7 -1411.9 136.4 255 0 5.3 12.3 7.5 2.5 2 1 3 1 1
-2148.9 -1408.5 137.3 257 0 8.1 10.3 5.0 2.5 2 1 2 1 1
-2139.0 -1446.5 136.7 88 0 5.2 8.3 2.5 2.5 4 1 1 2 2
-2128.0 -1445.8 137.5 88 0 8.7 7.2 5.0 2.5 2 0 2 2 2
-2098.2 -1435.8 140.3 263 0 7.9 7.3 7.5 2.5 2 0 3 4 4
-2111.3 -1443.9 138.8 83 0 13.1 7.0 7.5 2.5 2 0 3 2 2
1514.6 -5856.3 -125.1 130 0 8.9 5.7 2.5 2.5 2 0 1 3 3
1523.3 -5871.0 -124.7 123 0 14.3 10.5 7.5 2.5 2 0 3 5 5
1705.9 -5950.2 -112.7 296 0 25.3 9.3 7.5 2.5 2 0 3 0 0
1709.2 -5921.4 -112.1 109 0 15.4 13.3 7.5 2.5 2 0 3 2 2
1507.6 -5389.6 -130.3 119 0 9.1 5.1 2.5 0.0 0 0 1 1 1
1523.3 -5398.7 -130.2 116 0 8.0 13.9 7.5 2.5 2 1 3 1 1
1550.5 -5410.2 -129.7 123 0 8.4 14.6 2.5 2.5 2 1 1 2 2
1595.2 -5441.4 -129.2 123 0 6.8 11.6 7.5 2.5 2 1 3 0 0
1601.7 -5444.4 -129.2 120 0 6.0 13.2 7.5 2.5 2 1 3 0 0
1555.7 -5527.6 -130.6 298 0 11.7 10.0 7.5 2.5 2 0 3 4 4
1578.0 -5503.2 -130.7 123 0 10.6 19.1 7.5 2.5 2 1 3 4 4
1602.7 -5463.3 -130.7 299 0 12.3 21.8 10.0 2.5 2 1 4 4 4
1628.8 -5479.3 -130.0 301 0 10.3 21.6 10.0 2.5 2 1 4 0 0
1613.0 -5541.5 -129.3 122 0 10.4 22.0 7.5 2.5 4 1 3 1 1
1629.7 -5635.2 -126.8 214 0 14.1 7.4 5.0 2.5 4 0 2 4 4
1640.6 -5618.7 -126.9 212 0 12.3 7.1 5.0 2.5 2 0 2 2 2
1670.2 -5614.0 -126.6 33 0 13.7 6.5 7.5 0.0 0 0 3 4 4
1738.3 -5610.0 -122.9 32 0 29.3 10.2 10.0 2.5 2 0 4 2 2
1755.4 -5583.5 -122.5 32 0 28.9 10.1 10.0 2.5 2 0 4 2 2
1717.6 -5575.0 -125.1 211 0 14.5 10.5 7.5 2.5 2 0 3 1 1
1704.3 -5593.7 -125.5 212 0 15.4 9.8 5.0 2.5 2 0 2 5 5
1681.3 -5670.1 -125.0 37 0 13.9 7.5 5.0 2.5 2 0 2 2 2
1723.6 -5672.5 -121.8 35 0 14.9 14.3 5.0 2.5 4 0 2 4 4
1731.6 -5646.5 -121.5 303 0 12.7 13.3 7.5 0.0 0 1 3 1 1
1758.6 -5628.7 -120.2 36 0 14.0 9.2 5.0 2.5 2 0 2 1 1
1783.7 -5591.0 -119.8 32 0 15.5 11.8 2.5 2.5 2 0 1 0 0
1832.6 -5619.7 -114.2 31 0 26.8 10.7 10.0 0.0 0 0 4 2 2
1796.3 -5598.1 -117.3 215 0 16.1 10.3 7.5 0.0 0 0 3 4 4
1755.2 -5682.6 -118.4 35 0 14.0 12.0 2.5 2.5 2 0 1 2 2
1744.6 -5698.2 -118.6 35 0 14.8 11.5 5.0 2.5 2 0 2 4 4
1756.7 -5706.1 -116.0 216 0 12.6 11.8 5.0 2.5 4 0 2 3 3
6735.4 -1657.0 -119.1 108 0 16.3 11.1 5.0 2.5 2 0 2 0 0
6852.8 -1711.0 -116.0 109 0 7.3 10.7 5.0 2.5 2 1 2 1 1
6841.7 -1706.6 -116.3 109 0 8.6 8.5 5.0 2.5 2 0 2 0 0
6794.7 -1715.8 -117.1 285 0 16.8 7.0 5.0 2.5 2 0 2 3 3
6835.1 -1795.2 -115.3 152 0 18.1 3.4 7.5 2.5 2 0 3 5 5
6848.2 -1796.0 -114.9 178 0 10.1 7.4 7.5 2.5 2 0 3 0 0
6858.6 -1886.7 -113.7 0 0 8.5 8.5 2.5 2.5 2 1 1 0 0
6871.1 -1907.1 -113.3 1 0 6.7 14.1 5.0 2.5 2 1 2 3 3
6883.1 -1909.2 -112.7 190 0 11.5 10.9 7.5 2.5 2 0 3 0 0
6883.2 -1955.2 -112.1 181 0 11.3 6.4 7.5 2.5 2 0 3 0 0
6883.4 -1965.1 -112.0 188 0 4.0 18.1 7.5 2.5 2 1 3 3 3
6854.0 -2065.5 -111.1 6 0 3.9 9.2 2.5 2.5 2 1 1 3 3
6823.9 -2180.6 -109.8 14 0 7.3 9.5 7.5 2.5 2 1 3 1 1
6831.6 -2222.7 -109.4 2 0 5.6 7.6 7.5 2.5 2 1 3 5 5
6832.1 -2202.9 -109.5 15 0 9.4 7.0 7.5 2.5 2 0 3 4 4
6848.0 -2242.5 -108.9 189 0 8.7 7.8 5.0 2.5 2 0 2 4 4
6866.2 -2259.7 -108.6 10 0 12.7 12.2 5.0 2.5 2 0 2 5 5
6799.6 -2332.1 -108.6 193 0 13.6 7.4 7.5 2.5 2 0 3 5 5
6852.2 -2375.8 -106.2 183 0 10.1 7.2 7.5 2.5 4 0 3 5 5
6840.7 -2350.9 -107.0 182 0 9.2 8.4 5.0 2.5 2 0 2 3 3
6825.2 -2575.6 -102.2 2 0 6.3 8.6 5.0 2.5 2 1 2 4 4
6774.8 -2676.5 -99.9 93 0 8.1 11.9 5.0 2.5 2 1 2 2 2
6839.9 -2661.8 -99.2 9 0 6.7 6.6 5.0 2.5 2 0 2 2 2
6833.7 -2725.1 -96.8 5 0 7.1 7.7 7.5 2.5 2 1 3 2 2
6810.2 -2669.6 -99.4 2 0 9.1 10.2 7.5 2.5 2 1 3 1 1
6772.2 -2638.2 -101.0 191 0 8.4 32.8 7.5 2.5 2 1 3 5 5
6834.7 -3065.2 -81.8 180 0 7.0 11.9 2.5 2.5 2 1 1 5 5
6840.0 -3023.8 -83.6 180 0 10.7 7.4 2.5 2.5 2 0 1 4 4
6872.0 -3009.4 -83.7 0 0 13.5 9.3 5.0 0.0 0 0 2 0 0
6839.2 -2995.9 -84.9 180 0 12.0 10.1 5.0 2.5 2 0 2 3 3
6855.6 -2972.7 -85.3 180 0 4.3 13.4 7.5 2.5 2 1 3 4 4
6835.5 -2947.6 -87.1 180 0 13.2 13.5 5.0 2.5 2 0 2 1 1
6835.5 -2955.9 -86.7 180 0 6.2 14.6 7.5 2.5 2 0 3 0 0
6867.0 -2955.6 -85.8 180 0 5.6 14.2 5.0 2.5 4 1 2 5 5
6851.9 -2949.4 -86.8 180 0 18.7 14.3 10.0 2.5 2 0 4 3 3
6851.3 -2928.7 -87.5 179 0 7.5 11.9 7.5 2.5 2 0 3 0 0
6851.3 -2935.1 -87.1 179 0 5.3 12.0 5.0 2.5 2 0 2 3 3
6891.5 -2934.5 -86.8 359 0 10.1 9.0 7.5 2.5 2 0 3 2 2
6909.5 -3003.6 -82.7 2 0 8.6 7.0 7.5 2.5 2 0 3 5 5
6895.7 -2990.8 -83.8 359 0 11.6 8.0 7.5 0.0 0 0 3 5 5
3866.7 -3113.3 -54.0 356 0 8.9 8.6 5.0 2.5 2 0 2 5 5
3830.1 -3130.5 -52.0 108 0 9.2 7.2 5.0 2.5 2 0 2 3 3
3844.1 -3119.9 -52.4 92 0 5.2 8.0 7.5 2.5 2 1 3 3 3
3825.6 -3061.2 -50.7 25 0 8.1 8.6 5.0 2.5 2 1 2 1 1
3807.0 -3084.4 -49.1 5 0 7.9 11.3 2.5 2.5 2 1 1 1 1
3779.0 -3045.2 -49.7 295 0 9.7 5.7 5.0 2.5 2 0 2 1 1
3755.3 -3077.3 -46.0 191 0 9.0 12.3 7.5 2.5 2 1 3 4 4
5952.9 -1668.9 -129.1 203 0 6.8 6.0 5.0 2.5 2 0 2 2 2
4395.0 -714.6 -143.9 97 0 3.7 9.8 5.0 2.5 4 1 2 2 2
4359.3 -680.6 -144.5 186 0 6.6 11.1 7.5 2.5 2 1 3 3 3
4361.5 -660.8 -144.6 186 0 9.3 7.0 5.0 2.5 2 0 2 1 1
4437.2 -618.5 -144.4 281 0 11.6 34.6 10.0 2.5 2 0 4 5 5
4414.6 -614.1 -144.8 281 0 34.5 19.6 10.0 0.0 0 0 4 5 5
