-366.3 1918.3 -16.7 164 0 56.2 43.2 7.5 0.0 0 0 3 1 1
-256.9 2104.1 -12.8 163 0 12.6 33.9 7.5 2.5 2 1 3 3 3
-379.7 1924.8 -17.1 338 0 35.5 29.5 7.5 0.0 0 0 3 0 0
-374.7 2062.2 -15.2 251 0 46.4 33.3 10.0 0.0 0 0 4 5 5
-347.9 1968.8 -16.0 70 0 59.2 18.1 10.0 2.5 2 0 4 5 5
-239.2 2050.2 -13.7 161 0 89.5 23.7 12.5 0.0 0 0 5 2 2
-1841.1 5274.3 -1.0 177 0 87.1 12.8 15.0 2.5 2 0 6 4 4
1569.1 2780.0 16.0 251 0 11.0 10.1 7.5 2.5 2 0 3 1 1
-1788.4 5366.0 -3.4 265 0 25.1 5.2 2.5 2.5 2 0 1 4 4
-1811.0 5374.1 -1.9 268 0 13.2 17.0 12.5 2.5 2 1 5 0 0
-1840.6 5372.7 -0.5 267 0 13.7 22.4 10.0 2.5 2 1 4 5 5
-1666.9 4638.7 -15.3 91 0 15.6 18.5 7.5 2.5 2 1 3 2 2
-1553.3 4637.6 -14.1 173 0 10.8 18.8 7.5 2.5 4 1 3 5 5
-1517.7 4628.6 -13.9 353 0 11.1 13.1 7.5 2.5 2 1 3 4 4
-1485.6 4749.3 -13.0 80 0 19.3 16.6 12.5 2.5 2 0 5 4 4
-1365.7 4865.7 -11.3 83 0 12.4 46.1 7.5 2.5 2 1 3 1 1
-1382.3 4860.9 -11.5 85 0 11.0 48.8 7.5 2.5 2 1 3 1 1
