4001.2 -196.5 17.4 217 0 5.6 6.1 7.5 2.5 2 1 3 4 4
3967.8 -275.6 18.8 118 0 4.4 11.8 7.5 2.5 2 1 3 2 2
3877.8 -349.5 24.6 293 0 5.4 16.3 5.0 2.5 2 1 2 3 3
4085.4 -265.8 15.7 22 0 51.6 25.6 12.5 2.5 2 0 5 0 0
3994.2 -654.0 22.2 180 0 13.4 5.2 2.5 0.0 0 0 1 0 0
4000.6 -649.8 21.4 182 0 8.7 12.8 5.0 2.5 2 1 2 2 2
4028.6 -639.1 20.3 338 0 11.8 5.9 7.5 2.5 2 0 3 2 2
4015.3 -617.6 20.9 276 0 4.6 12.9 7.5 2.5 2 1 3 1 1
3971.7 -606.0 24.2 6 0 9.4 15.2 5.0 2.5 2 1 2 0 0
3967.9 -584.7 24.6 359 0 8.8 8.7 5.0 2.5 2 0 2 1 1
4106.4 105.4 21.6 84 0 22.6 5.8 7.5 2.5 2 0 3 4 4
4001.4 128.4 24.6 161 0 9.7 15.4 5.0 2.5 2 1 2 0 0
4509.4 3178.5 -23.6 184 0 22.0 9.0 5.0 2.5 2 0 2 0 0
4697.4 3283.2 -28.5 279 0 9.4 33.4 7.5 0.0 0 1 3 5 5
4560.3 3300.1 -24.6 279 0 10.1 6.5 7.5 2.5 2 0 3 3 3
4548.6 3303.3 -24.3 279 0 14.0 16.4 2.5 2.5 2 0 1 0 0
4531.4 3281.2 -23.9 195 0 13.1 9.0 5.0 2.5 4 0 2 4 4
4549.1 3233.7 -24.3 7 0 11.0 12.1 7.5 2.5 2 0 3 1 1
