-5148.8 1983.9 28.0 260 0 11.2 59.3 7.5 2.5 2 1 3 5 5
-5110.7 1941.5 26.9 263 0 14.5 42.5 12.5 2.5 2 1 5 3 3
-5106.6 1875.7 26.4 79 0 25.7 17.5 7.5 2.5 2 0 3 1 1
-5055.7 1957.9 26.4 256 0 21.5 31.1 12.5 0.0 0 1 5 2 2
-5239.1 1787.2 21.1 183 0 31.7 103.3 10.0 0.0 0 1 4 1 1
-5239.2 1918.1 27.5 175 0 71.1 10.3 12.5 2.5 2 0 5 1 1
-2337.8 2047.2 -48.9 308 0 28.5 25.2 10.0 0.0 0 0 4 5 5
-1955.9 2023.8 -46.0 16 0 45.0 20.1 12.5 2.5 2 0 5 4 4
-5483.7 2095.5 27.6 260 0 82.3 72.8 10.0 0.0 0 0 4 4 4
-6574.5 2574.0 44.3 353 0 109.7 64.5 12.5 0.0 0 0 5 2 2
