3093.1 1886.8 -30.6 21 0 27.0 12.8 5.0 2.5 2 0 2 5 5
3068.1 1884.9 -30.9 107 0 11.7 21.8 10.0 2.5 2 1 4 4 4
3058.4 1856.7 -30.8 207 0 27.8 15.6 10.0 2.5 2 0 4 1 1
3107.1 1874.8 -30.3 20 0 13.1 12.0 5.0 2.5 2 0 2 0 0
-6128.6 6277.0 25.7 261 0 14.3 85.5 12.5 2.5 2 1 5 3 3
-6122.1 6361.6 32.8 247 0 12.6 47.1 10.0 2.5 2 1 4 2 2
-6166.5 6311.8 26.3 262 0 14.5 129.4 7.5 0.0 0 1 3 4 4
4021.6 527.2 -24.0 289 0 15.3 15.3 10.5 3.5 2 1 3 2 2
1431.6 3241.1 -20.0 356 0 62.4 49.2 12.5 0.0 0 0 5 5 5
1840.3 1904.2 -23.2 34 0 12.7 8.1 7.5 2.5 2 0 3 3 3
1819.2 1879.5 -22.4 125 0 9.5 24.2 5.0 2.5 2 1 2 5 5
2129.3 1420.1 -30.2 5 0 10.2 7.7 5.0 2.5 2 0 2 2 2
2111.6 1391.0 -29.3 0 0 6.7 12.4 5.0 2.5 2 1 2 3 3
2092.3 1211.5 -27.9 11 0 4.5 11.3 7.5 0.0 0 1 3 2 2
2297.0 1426.2 -30.8 102 0 9.7 10.2 5.0 2.5 2 1 2 1 1
2189.0 1466.9 -33.1 173 0 3.5 41.0 5.0 0.0 0 1 2 3 3
2185.0 1471.7 -33.3 173 0 3.5 43.4 2.5 2.5 2 1 1 3 3
2164.3 1468.3 -32.2 172 0 3.5 19.4 5.0 2.5 2 1 2 0 0
2163.4 1472.7 -32.3 172 0 3.5 19.4 7.5 2.5 4 1 3 1 1
2184.8 1437.8 -32.2 92 0 23.2 17.4 10.0 2.5 2 0 4 3 3
2188.9 1549.6 -34.0 188 0 11.7 18.2 5.0 2.5 2 1 2 4 4
2111.4 1171.7 -31.1 189 0 11.1 6.9 2.5 2.5 2 0 1 2 2
2135.3 1304.5 -28.9 106 0 12.1 16.8 2.5 0.0 0 1 1 4 4
2252.8 1181.4 -27.6 95 0 6.8 11.9 5.0 2.5 2 1 2 2 2
2238.7 1269.7 -27.8 281 0 3.1 10.6 5.0 2.5 2 1 2 5 5
5144.8 329.8 0.6 187 0 3.9 9.3 5.0 0.0 0 1 2 2 2
5037.6 247.3 -7.6 187 0 10.2 15.7 5.0 0.0 0 1 2 0 0
5069.4 241.6 -6.0 4 0 9.6 13.4 5.0 2.5 2 1 2 5 5
5071.7 254.0 -5.9 7 0 8.1 11.3 7.5 2.5 2 1 3 3 3
5065.9 297.1 -6.8 284 0 11.4 26.0 12.5 2.5 2 1 5 2 2
4093.0 -89.3 -20.4 179 0 9.8 14.0 10.5 3.5 2 1 3 0 0
4088.1 -56.0 -20.2 295 0 24.5 12.6 10.5 3.5 2 0 3 4 4
4127.7 -75.7 -20.6 298 0 21.3 14.4 10.5 3.5 2 0 3 5 5
4136.0 -152.8 -20.4 106 0 9.8 11.1 10.5 3.5 2 1 3 5 5
4181.2 -177.8 -20.3 11 0 6.8 11.9 10.5 3.5 4 1 3 0 0
4177.8 -105.8 -20.7 289 0 9.5 10.8 10.5 3.5 2 1 3 4 4
4192.1 -143.7 -20.6 21 0 12.8 16.3 10.5 3.5 2 1 3 5 5
4193.8 -112.5 -20.8 290 0 15.2 19.3 10.5 3.5 2 1 3 3 3
4264.9 -144.7 -21.3 357 0 13.1 18.2 10.5 0.0 0 1 3 2 2
4281.3 -54.8 -20.9 354 0 10.8 17.4 10.5 0.0 0 1 3 1 1
4292.1 -12.3 -20.1 181 0 18.6 18.0 10.5 3.5 4 0 3 4 4
4325.7 -7.7 -19.6 271 0 10.4 16.5 10.5 3.5 2 1 3 2 2
1676.1 722.6 -33.2 93 0 27.6 17.6 10.0 2.5 2 0 4 1 1
534.6 1022.5 -28.2 79 0 10.2 11.5 7.5 2.5 2 1 3 5 5
561.3 1243.8 -28.0 162 0 7.3 6.9 7.5 2.5 2 0 3 1 1
551.7 1915.6 -39.2 96 0 10.9 17.9 2.5 2.5 2 1 1 4 4
888.2 1670.5 -34.8 87 0 4.7 6.6 7.5 2.5 2 1 3 2 2
3842.2 891.1 -27.3 13 0 15.7 16.1 14.0 3.5 2 1 4 5 5
3708.0 1101.2 -29.8 241 0 16.4 7.7 10.5 3.5 2 0 3 5 5
3727.5 1083.8 -30.0 68 0 10.8 8.5 10.5 0.0 0 0 3 5 5
3792.4 1087.5 -30.6 261 0 12.6 22.3 10.5 3.5 2 1 3 5 5
3908.4 1102.1 -26.9 354 0 8.5 19.2 10.5 3.5 2 1 3 1 1
3886.7 1066.9 -26.0 297 0 7.5 19.3 10.5 3.5 2 1 3 5 5
3861.8 1073.0 -28.9 284 0 31.6 16.5 14.0 0.0 0 0 4 0 0
3395.3 1011.8 -33.7 340 0 7.3 31.5 10.5 3.5 2 1 3 5 5
3385.2 992.3 -33.7 69 0 30.3 6.9 10.5 3.5 2 0 3 5 5
3421.0 939.2 -33.5 323 0 25.4 15.9 14.0 3.5 4 0 4 0 0
3628.0 862.7 -31.9 354 0 3.2 13.0 10.5 3.5 2 1 3 2 2
3578.5 939.1 -31.2 169 0 10.1 10.1 14.0 3.5 2 1 4 3 3
3626.8 936.9 -31.3 341 0 39.6 14.6 14.0 3.5 2 0 4 0 0
3600.8 994.2 -30.7 252 0 14.1 38.4 14.0 3.5 4 1 4 4 4
3946.8 1037.2 -20.5 260 0 7.0 6.4 10.5 3.5 2 0 3 2 2
4041.5 774.0 -26.5 216 0 18.4 24.2 14.0 0.0 0 1 4 5 5
4079.3 784.7 -26.6 252 0 10.1 19.2 14.0 0.0 0 1 4 1 1
4063.4 753.4 -26.4 188 0 12.1 21.0 14.0 0.0 0 1 4 0 0
4111.9 694.9 -25.8 90 0 14.9 19.0 14.0 0.0 0 1 4 2 2
4122.9 725.6 -26.2 27 0 10.5 20.5 14.0 0.0 0 1 4 2 2
4042.8 704.8 -25.9 91 0 11.6 32.5 14.0 0.0 0 1 4 5 5
3795.5 745.6 -31.6 91 0 10.0 37.7 10.5 3.5 2 1 3 3 3
3820.3 809.2 -31.6 0 0 25.3 10.2 14.0 3.5 2 0 4 1 1
3767.9 769.0 -32.0 101 0 18.3 14.1 14.0 3.5 2 0 4 1 1
3766.7 751.2 -31.8 98 0 21.1 11.6 14.0 3.5 2 0 4 1 1
3713.2 772.7 -31.9 9 0 12.2 18.1 14.0 0.0 0 1 4 4 4
3683.1 759.5 -31.8 81 0 12.8 26.7 14.0 3.5 2 1 4 2 2
3660.6 760.3 -31.7 169 0 14.8 7.8 10.5 3.5 2 0 3 4 4
3241.0 692.1 -33.8 99 0 16.6 22.6 7.5 2.5 2 1 3 4 4
3259.9 776.4 -34.8 268 0 27.2 13.5 12.5 2.5 2 0 5 2 2
3287.1 657.8 -33.1 96 0 16.9 16.6 10.0 2.5 2 0 4 1 1
3176.0 494.9 -28.9 274 0 17.0 15.0 7.5 2.5 4 0 3 2 2
3179.4 465.1 -28.3 358 0 9.8 11.5 7.5 2.5 2 1 3 3 3
3204.3 365.2 -23.0 336 0 11.6 17.6 14.0 3.5 2 1 4 2 2
3151.7 319.3 -21.8 169 0 18.7 11.9 14.0 0.0 0 0 4 5 5
3210.8 287.0 -19.1 269 0 33.7 12.6 14.0 3.5 2 0 4 2 2
3263.3 296.1 -18.7 285 0 15.4 8.7 10.5 3.5 4 0 3 0 0
3325.1 259.6 -18.5 18 0 9.8 17.1 10.5 3.5 2 1 3 3 3
3311.6 233.6 -18.9 107 0 7.7 12.7 10.5 3.5 2 1 3 0 0
3340.2 270.2 -18.6 12 0 9.4 10.1 10.5 3.5 2 1 3 1 1
3340.1 303.5 -18.1 295 0 13.0 16.6 14.0 3.5 2 1 4 1 1
3351.3 328.4 -18.8 282 0 9.6 9.7 10.5 3.5 2 1 3 5 5
3352.8 285.2 -18.5 22 0 7.7 9.7 10.5 3.5 2 1 3 5 5
3363.6 284.2 -18.8 4 0 10.1 9.3 10.5 3.5 2 0 3 5 5
3324.6 273.0 -18.2 15 0 9.4 20.8 10.5 3.5 2 1 3 3 3
3281.1 284.7 -17.8 196 0 8.7 19.2 10.5 3.5 2 1 3 4 4
3286.7 312.1 -19.1 197 0 13.7 8.7 10.5 3.5 2 0 3 2 2
3322.7 332.6 -19.4 280 0 11.7 5.0 10.5 0.0 0 0 3 0 0
3300.1 324.3 -19.4 193 0 9.2 25.6 10.5 3.5 2 1 3 3 3
3284.3 380.4 -22.5 56 0 7.6 6.2 10.5 3.5 2 0 3 0 0
3290.7 387.9 -22.8 51 0 6.6 6.1 10.5 3.5 4 0 3 2 2
3309.6 412.2 -23.8 31 0 8.5 9.1 10.5 3.5 2 1 3 4 4
3320.7 448.5 -26.0 41 0 45.1 13.8 10.5 3.5 2 0 3 0 0
3292.5 518.0 -27.9 235 0 10.6 43.7 10.5 3.5 2 1 3 3 3
3343.9 477.6 -27.8 53 0 13.6 59.6 10.5 3.5 2 1 3 2 2
3480.4 735.8 -33.6 92 0 14.1 22.0 7.5 2.5 2 1 3 5 5
3702.9 720.0 -31.9 255 0 9.5 14.3 10.5 3.5 2 1 3 5 5
3684.3 740.0 -32.7 264 0 38.1 16.4 14.0 0.0 0 0 4 5 5
3838.4 580.8 -24.0 90 0 21.9 11.6 10.5 3.5 2 0 3 2 2
3901.8 544.8 -23.6 277 0 10.0 18.1 10.5 3.5 2 1 3 4 4
3954.4 475.9 -24.4 94 0 8.5 25.5 10.5 3.5 2 1 3 3 3
3949.8 526.0 -24.1 272 0 7.5 19.2 10.5 3.5 2 1 3 5 5
3888.5 505.9 -23.7 104 0 17.1 15.8 10.5 3.5 2 0 3 2 2
3852.1 510.6 -23.6 183 0 10.5 21.6 10.5 0.0 0 1 3 0 0
3854.9 528.8 -23.4 181 0 9.8 25.0 10.5 3.5 2 1 3 5 5
3814.2 543.4 -22.9 180 0 11.3 36.1 10.5 3.5 4 1 3 1 1
3805.5 572.2 -23.4 271 0 15.7 14.1 10.5 3.5 4 0 3 3 3
3837.2 571.4 -22.8 268 0 13.8 21.8 10.5 3.5 2 1 3 0 0
3855.0 573.4 -22.8 267 0 14.2 17.4 10.5 0.0 0 1 3 4 4
3867.6 573.6 -22.9 272 0 5.9 16.5 10.5 3.5 2 1 3 4 4
3882.3 663.2 -27.4 82 0 24.4 10.1 14.0 3.5 2 0 4 2 2
4065.8 513.7 -23.5 286 0 27.4 12.2 10.5 3.5 2 0 3 4 4
3985.9 538.4 -24.1 285 0 6.2 8.2 10.5 3.5 2 1 3 1 1
3971.0 540.3 -24.1 279 0 17.0 12.1 10.5 0.0 0 0 3 5 5
3931.7 560.2 -23.7 283 0 5.4 12.2 10.5 3.5 2 1 3 0 0
3953.5 551.1 -24.0 278 0 11.6 22.0 10.5 0.0 0 1 3 5 5
3913.4 568.8 -23.4 280 0 6.3 15.6 10.5 3.5 2 1 3 3 3
3899.6 571.6 -23.4 275 0 10.9 17.5 10.5 3.5 2 1 3 5 5
3886.1 574.1 -23.2 275 0 12.8 20.0 10.5 3.5 2 1 3 2 2
1424.6 4474.1 26.6 180 0 13.1 43.6 10.0 2.5 2 1 4 5 5
