5229.5 3216.1 12.3 270 0 14.0 14.8 5.0 2.5 2 1 2 1 1
5441.1 2470.5 9.5 87 0 17.2 15.0 5.0 2.5 2 0 2 4 4
3216.8 1090.8 -45.7 351 0 15.0 11.8 5.0 0.0 0 0 2 3 3
2401.5 820.8 -75.0 273 0 8.5 12.7 5.0 2.5 2 1 2 2 2
3118.4 965.2 -51.7 254 0 17.2 17.8 12.5 2.5 2 1 5 1 1
2153.7 774.6 -79.9 173 0 38.0 23.0 12.5 0.0 0 0 5 0 0
-1677.4 -282.5 -38.5 272 0 15.7 14.4 2.5 0.0 0 0 1 2 2
-5973.5 47.7 -85.0 15 0 6.1 6.2 7.5 2.5 2 1 3 1 1
-5987.2 51.9 -84.7 103 0 9.4 8.0 5.0 2.5 4 0 2 5 5
-6153.8 99.4 -80.8 92 0 9.5 10.9 7.5 2.5 2 1 3 3 3
-6142.7 98.0 -80.9 91 0 12.3 12.1 7.5 2.5 2 0 3 5 5
-6078.7 108.8 -82.1 102 0 9.1 8.9 5.0 2.5 2 0 2 2 2
-6100.2 130.7 -81.2 281 0 6.0 10.2 7.5 2.5 4 1 3 5 5
-6112.3 134.4 -80.7 281 0 3.1 9.8 7.5 2.5 4 1 3 1 1
-6086.9 149.3 -81.1 271 0 4.1 11.0 2.5 2.5 2 1 1 0 0
-6102.7 140.9 -81.0 205 0 11.2 12.0 5.0 2.5 2 1 2 5 5
-6112.4 152.6 -80.5 271 0 8.5 14.0 5.0 2.5 2 1 2 2 2
-5964.8 81.5 -84.9 0 0 14.2 8.8 2.5 2.5 2 0 1 2 2
-5980.5 73.5 -84.6 347 0 14.0 6.5 5.0 2.5 2 0 2 4 4
-5994.9 61.7 -84.4 77 0 13.3 16.1 2.5 2.5 4 1 1 5 5
-6015.0 51.8 -84.0 98 0 13.0 14.4 7.5 2.5 2 1 3 1 1
-6039.9 79.0 -83.5 90 0 10.6 14.0 10.0 2.5 2 1 4 1 1
-6054.6 84.5 -83.2 98 0 8.5 9.7 7.5 2.5 2 1 3 4 4
-6059.6 104.4 -82.7 100 0 10.3 9.1 7.5 2.5 2 0 3 5 5
-6078.9 148.3 -81.4 275 0 9.1 12.7 5.0 2.5 2 1 2 3 3
-6064.9 146.3 -81.8 280 0 13.5 11.7 10.0 2.5 2 0 4 3 3
-6039.8 128.1 -82.9 270 0 7.8 10.4 7.5 2.5 2 1 3 4 4
-5986.2 86.5 -84.3 350 0 9.7 6.5 7.5 2.5 2 0 3 2 2
-5994.3 87.0 -84.2 348 0 8.8 7.6 7.5 2.5 2 0 3 0 0
-6022.1 110.4 -83.8 274 0 9.1 12.7 2.5 2.5 2 1 1 3 3
6345.6 -1253.1 -38.5 265 0 6.5 9.1 7.5 2.5 2 1 3 5 5
6133.8 -1301.5 -26.4 80 0 4.5 11.0 7.5 2.5 2 1 3 0 0
6131.6 -1315.0 -24.5 85 0 18.7 9.3 5.0 2.5 2 0 2 1 1
6177.7 -1317.1 -23.5 93 0 9.4 12.2 5.0 2.5 2 1 2 1 1
6267.7 -1242.0 -33.4 284 0 7.1 12.0 7.5 2.5 4 1 3 3 3
6234.8 -1328.2 -21.5 93 0 6.0 6.7 5.0 2.5 2 1 2 2 2
6535.5 -1762.5 -13.3 5 0 12.7 18.1 10.0 2.5 4 1 4 1 1
3357.5 701.8 -50.7 273 0 6.4 5.9 7.5 2.5 2 0 3 0 0
3318.6 704.8 -51.8 90 0 5.6 10.2 2.5 2.5 2 1 1 2 2
3312.3 688.3 -52.9 290 0 6.2 10.5 2.5 2.5 2 1 1 3 3
3404.0 666.5 -49.4 272 0 6.8 9.3 5.0 2.5 2 0 2 1 1
3479.8 350.7 -51.9 359 0 13.3 8.9 7.5 2.5 2 0 3 3 3
3500.2 325.0 -50.9 345 0 14.3 6.0 5.0 2.5 2 0 2 2 2
3527.4 249.9 -50.4 55 0 6.5 10.7 2.5 2.5 2 1 1 2 2
3512.9 212.5 -51.6 65 0 5.8 14.4 7.5 2.5 4 1 3 2 2
3353.7 -109.2 -44.5 257 0 5.6 7.9 2.5 2.5 4 1 1 4 4
3209.5 -1074.5 52.0 299 0 10.1 6.5 5.0 2.5 2 0 2 5 5
3747.8 288.8 -12.2 265 0 4.6 7.6 5.0 2.5 2 1 2 4 4
3756.9 266.5 -10.5 68 0 4.5 9.2 7.5 2.5 2 0 3 0 0
3785.6 281.8 -7.1 344 0 12.8 6.3 5.0 0.0 0 0 2 2 2
3785.9 322.9 -7.9 265 0 4.9 6.4 5.0 0.0 0 1 2 5 5
3814.5 304.7 -3.1 345 0 10.7 4.8 7.5 2.5 2 0 3 2 2
3831.3 -462.2 -21.3 70 0 5.9 9.4 2.5 2.5 2 1 1 5 5
3811.1 -445.2 -22.9 250 0 9.7 9.1 2.5 2.5 2 0 1 1 1
3846.8 -680.7 -12.3 107 0 5.4 7.7 2.5 2.5 2 1 1 0 0
3907.0 -736.1 4.6 300 0 5.7 8.6 7.5 2.5 2 1 3 5 5
3697.6 185.3 -27.6 288 0 14.6 7.0 5.0 2.5 2 0 2 0 0
4086.4 299.0 39.5 33 0 8.1 8.3 5.0 2.5 4 1 2 3 3
4067.9 316.1 40.5 226 0 6.5 12.3 5.0 2.5 2 1 2 2 2
4090.6 324.6 43.5 328 0 11.1 11.7 5.0 2.5 2 1 2 1 1
4101.7 309.2 43.6 35 0 6.5 12.1 5.0 2.5 2 1 2 3 3
3713.1 -3572.8 18.7 97 0 8.3 5.8 7.5 2.5 2 0 3 5 5
3773.8 -3904.9 -20.9 164 0 9.8 5.1 7.5 2.5 2 0 3 4 4
3750.4 -3894.3 -21.2 346 0 12.4 8.2 5.0 0.0 0 0 2 5 5
3747.3 -3881.2 -20.8 340 0 7.6 7.7 7.5 2.5 2 1 3 2 2
3776.4 -3914.5 -21.2 273 0 6.5 7.8 2.5 2.5 2 1 1 5 5
3764.2 -3914.3 -21.5 223 0 6.8 11.4 2.5 2.5 2 1 1 0 0
3757.1 -3910.3 -21.4 83 0 5.8 11.0 5.0 0.0 0 1 2 5 5
3749.8 -3909.8 -21.4 91 0 5.3 7.8 7.5 2.5 2 1 3 2 2
3733.0 -3932.7 -22.1 83 0 8.0 13.4 7.5 2.5 2 1 3 2 2
3740.0 -3927.4 -21.9 89 0 5.5 12.3 5.0 2.5 2 1 2 4 4
3753.1 -3931.9 -22.1 2 0 6.0 13.6 7.5 2.5 2 1 3 1 1
3725.8 -3911.6 -21.6 175 0 7.4 5.8 5.0 2.5 2 0 2 1 1
3722.3 -3863.3 -20.3 82 0 12.3 5.9 5.0 2.5 2 0 2 1 1
3711.3 -3898.9 -21.4 177 0 8.6 8.0 7.5 2.5 2 0 3 3 3
3832.8 -4047.2 -25.8 74 0 8.2 12.4 5.0 2.5 2 0 2 1 1
3770.8 -3955.6 -21.9 179 0 9.9 5.2 2.5 0.0 0 0 1 3 3
3765.3 -3955.5 -22.1 179 0 11.4 4.8 7.5 2.5 2 0 3 5 5
3774.4 -3997.8 -22.8 258 0 6.3 11.2 7.5 2.5 2 1 3 4 4
3762.0 -3982.0 -22.6 177 0 7.4 6.3 5.0 0.0 0 0 2 2 2
3737.1 -3961.8 -23.0 273 0 13.7 9.9 2.5 2.5 4 0 1 3 3
3754.1 -3968.6 -22.7 3 0 10.9 9.3 5.0 2.5 2 0 2 5 5
3722.3 -3940.5 -22.6 271 0 11.7 10.3 7.5 2.5 2 0 3 4 4
3720.3 -3935.1 -22.3 3 0 5.7 12.1 5.0 2.5 2 1 2 3 3
3704.9 -3924.3 -22.3 271 0 5.0 11.4 5.0 2.5 2 1 2 4 4
3680.8 -3925.0 -22.2 273 0 10.2 4.6 5.0 2.5 2 0 2 5 5
3702.2 -3884.7 -21.1 358 0 6.8 10.5 5.0 2.5 2 1 2 1 1
3410.4 -3891.4 -20.6 270 0 5.7 6.3 2.5 2.5 2 1 1 1 1
3363.4 -3946.4 -22.2 347 0 12.7 11.2 2.5 2.5 2 0 1 5 5
3553.4 -3819.8 -17.3 100 0 8.9 5.1 5.0 2.5 2 0 2 4 4
3575.3 -3794.9 -15.8 279 0 5.5 7.6 5.0 2.5 2 1 2 0 0
3550.9 -3788.3 -14.9 179 0 8.5 5.9 2.5 2.5 2 0 1 4 4
3530.6 -3778.6 -14.5 298 0 5.1 8.3 7.5 2.5 2 1 3 3 3
3536.5 -3780.9 -14.8 293 0 5.0 9.3 7.5 2.5 2 1 3 4 4
3576.3 -3711.2 -4.1 338 0 5.0 11.5 5.0 2.5 2 1 2 5 5
3552.6 -3721.1 -5.9 160 0 11.0 12.1 2.5 2.5 2 1 1 2 2
3607.6 -3899.4 -22.9 268 0 5.3 5.8 5.0 2.5 2 0 2 0 0
3628.2 -3938.0 -23.1 91 0 4.9 13.0 7.5 2.5 2 1 3 4 4
2890.3 -5399.8 -1.4 64 0 11.4 8.0 5.0 2.5 2 0 2 0 0
2681.7 -4676.0 22.6 270 0 9.8 8.1 7.5 2.5 4 0 3 0 0
2674.7 -4689.4 23.5 181 0 8.5 6.6 5.0 2.5 2 0 2 4 4
2680.7 -4706.0 24.1 93 0 7.6 10.1 5.0 2.5 2 1 2 4 4
2700.5 -4716.4 20.6 104 0 9.5 10.1 7.5 2.5 2 1 3 1 1
2697.4 -4677.0 21.9 268 0 6.6 9.9 5.0 2.5 4 1 2 4 4
2742.5 -4667.4 18.2 155 0 11.6 5.0 7.5 0.0 0 0 3 4 4
2788.2 -4577.6 9.0 68 0 9.2 9.4 2.5 2.5 2 1 1 1 1
2808.2 -4401.1 10.7 68 0 4.7 6.9 5.0 2.5 2 1 2 1 1
2788.7 -4384.7 12.5 267 0 8.4 9.2 2.5 2.5 2 1 1 2 2
2598.2 -3782.2 15.6 205 0 6.6 11.5 7.5 2.5 4 1 3 4 4
2673.2 -3920.9 25.1 65 0 4.4 6.9 2.5 2.5 4 1 1 3 3
2976.5 -4008.4 7.8 269 0 5.5 9.9 7.5 2.5 2 1 3 0 0
2963.6 -3998.7 8.6 273 0 6.0 7.5 5.0 2.5 2 1 2 5 5
2962.4 -4017.1 8.9 90 0 6.0 9.2 5.0 0.0 0 1 2 1 1
2966.0 -4024.5 8.5 176 0 12.7 7.0 7.5 2.5 2 0 3 5 5
2778.5 -3965.2 16.5 249 0 5.1 11.7 5.0 2.5 2 1 2 4 4
2786.8 -3897.1 13.2 341 0 5.2 8.8 7.5 2.5 2 1 3 3 3
2763.5 -3889.3 13.7 330 0 8.4 9.6 2.5 2.5 2 1 1 0 0
2666.1 -3923.8 26.2 60 0 7.9 8.4 7.5 0.0 0 1 3 4 4
2663.5 -3903.4 24.4 234 0 4.0 8.6 7.5 2.5 2 1 3 3 3
2676.6 -3897.8 21.2 18 0 10.0 11.1 7.5 2.5 2 1 3 0 0
2675.1 -3850.1 15.4 212 0 6.1 7.8 5.0 2.5 2 1 2 3 3
2702.0 -3850.3 14.6 327 0 7.9 8.2 7.5 2.5 4 1 3 1 1
2741.3 -3853.6 13.1 227 0 5.7 9.0 2.5 2.5 2 1 1 4 4
2742.0 -3883.8 14.0 154 0 7.7 5.9 7.5 2.5 2 0 3 3 3
2703.2 -3919.8 20.2 161 0 9.5 5.4 7.5 2.5 2 0 3 3 3
2724.2 -3944.2 21.7 350 0 10.2 5.7 7.5 2.5 2 0 3 4 4
2731.0 -3932.0 17.2 170 0 14.0 9.1 7.5 2.5 2 0 3 0 0
2761.0 -3978.8 18.5 73 0 9.3 10.0 7.5 2.5 2 1 3 4 4
2764.6 -3966.4 17.1 77 0 6.4 8.3 5.0 2.5 2 1 2 3 3
2750.6 -3959.5 18.7 180 0 9.4 5.8 7.5 2.5 2 0 3 5 5
2773.8 -3945.3 15.4 358 0 9.4 5.4 2.5 2.5 2 0 1 2 2
2748.2 -3934.0 15.7 166 0 13.3 6.3 5.0 2.5 2 0 2 5 5
2762.7 -3938.1 15.3 70 0 8.4 11.5 7.5 2.5 2 1 3 0 0
2901.4 -5015.7 -13.0 345 0 7.7 12.2 2.5 2.5 2 1 1 3 3
2905.6 -5027.8 -12.9 347 0 11.3 9.3 5.0 2.5 2 0 2 2 2
3007.2 -5032.2 -16.3 79 0 21.6 12.3 7.5 2.5 2 0 3 0 0
2963.3 -4929.2 -16.9 77 0 5.9 10.0 5.0 2.5 2 1 2 5 5
2952.2 -4921.5 -16.7 70 0 5.5 10.2 5.0 2.5 2 1 2 1 1
2945.4 -4886.4 -16.2 164 0 8.4 11.7 7.5 2.5 2 1 3 4 4
2946.6 -4891.8 -16.5 257 0 6.7 9.6 2.5 2.5 2 0 1 0 0
2951.1 -4896.1 -17.2 167 0 10.3 8.6 5.0 2.5 2 0 2 0 0
2981.0 -4888.4 -18.1 345 0 11.1 9.2 5.0 2.5 2 0 2 3 3
2984.7 -4875.5 -18.5 268 0 5.7 8.2 7.5 2.5 2 1 3 2 2
2993.4 -4896.7 -18.5 258 0 17.5 10.8 2.5 2.5 2 0 1 5 5
3017.4 -4883.6 -19.5 90 0 9.9 7.5 2.5 2.5 2 0 1 0 0
3014.6 -4893.2 -19.2 259 0 19.3 10.5 5.0 2.5 2 0 2 4 4
3045.3 -4909.0 -19.6 1 0 8.9 13.5 5.0 2.5 2 1 2 0 0
35.9 -5328.9 7.7 212 0 3.6 7.4 5.0 2.5 2 1 2 0 0
26.4 -5344.5 7.7 213 0 3.6 7.4 7.5 2.5 2 1 3 3 3
56.8 -5345.5 10.0 32 0 3.6 7.4 2.5 2.5 2 1 1 0 0
38.1 -5376.1 12.5 32 0 3.6 7.4 5.0 2.5 2 1 2 2 2
-97.7 -5609.1 27.7 66 0 14.3 14.7 5.0 2.5 4 1 2 3 3
426.3 -5307.7 44.8 81 0 13.1 16.0 5.0 2.5 2 1 2 1 1
453.6 -5433.4 61.4 317 0 8.1 5.6 2.5 2.5 2 0 1 1 1
1033.0 -4808.3 18.9 257 0 7.0 11.7 7.5 2.5 2 1 3 5 5
1502.1 -4611.9 62.2 0 0 11.4 5.3 2.5 2.5 2 0 1 5 5
1416.7 -4557.0 48.9 270 0 7.3 13.1 5.0 2.5 2 1 2 5 5
1385.7 -4592.0 43.9 108 0 8.7 12.4 7.5 2.5 2 1 3 3 3
1325.2 -3825.6 65.4 189 0 12.0 8.4 7.5 2.5 2 0 3 2 2
1317.7 -3853.6 62.5 198 0 12.9 6.7 5.0 2.5 2 0 2 3 3
1343.9 -3648.3 47.8 348 0 14.1 15.9 5.0 2.5 2 1 2 3 3
1329.1 -3671.1 49.6 163 0 13.7 10.9 7.5 2.5 2 0 3 3 3
1383.6 -3697.8 56.8 80 0 11.2 12.3 2.5 2.5 2 1 1 3 3
1399.6 -3700.6 58.7 79 0 7.9 13.8 5.0 2.5 4 1 2 0 0
1642.4 -3666.6 76.9 258 0 8.9 6.7 2.5 2.5 4 0 1 5 5
1647.7 -3693.5 81.0 75 0 9.0 11.4 7.5 2.5 2 1 3 5 5
3785.3 -5166.5 -28.3 69 0 4.4 7.5 7.5 2.5 2 1 3 4 4
3808.6 -5169.1 -27.9 69 0 9.0 10.9 7.5 0.0 0 1 3 1 1
3813.8 -5145.0 -28.6 64 0 13.9 12.3 5.0 2.5 2 0 2 5 5
4359.1 -4848.1 -40.0 351 0 15.9 14.7 7.5 2.5 2 0 3 2 2
4102.2 -4939.0 -33.6 84 0 8.6 11.2 2.5 2.5 2 1 1 0 0
4104.6 -4963.1 -32.4 74 0 5.8 11.9 7.5 2.5 2 1 3 1 1
4118.7 -4936.8 -33.3 83 0 10.4 7.9 2.5 2.5 2 0 1 4 4
4122.9 -4943.9 -32.6 247 0 8.7 10.0 7.5 2.5 2 1 3 3 3
4131.4 -4939.0 -32.5 245 0 6.1 7.3 5.0 2.5 2 1 2 4 4
4131.4 -4922.9 -34.6 82 0 12.6 10.8 5.0 2.5 2 0 2 1 1
4133.7 -4900.4 -35.6 268 0 4.7 9.4 7.5 2.5 2 1 3 5 5
4140.6 -4899.8 -35.6 266 0 7.2 9.6 5.0 2.5 2 1 2 1 1
4151.8 -4912.3 -35.4 88 0 4.8 11.6 5.0 2.5 2 1 2 0 0
4146.3 -4887.8 -36.6 268 0 10.9 8.1 7.5 2.5 2 0 3 0 0
4158.7 -4924.5 -33.7 89 0 5.8 6.4 2.5 2.5 2 1 1 2 2
4165.2 -4954.9 -33.7 77 0 3.7 8.7 5.0 2.5 4 1 2 3 3
4168.2 -4941.3 -33.8 253 0 3.7 12.0 7.5 2.5 2 1 3 5 5
4176.9 -4938.7 -33.9 251 0 7.9 10.9 2.5 2.5 2 1 1 5 5
4272.6 -4982.1 -38.4 79 0 3.2 9.7 5.0 2.5 2 1 2 4 4
4290.2 -4978.3 -39.0 80 0 6.1 10.2 7.5 2.5 2 1 3 3 3
4244.6 -4984.0 -37.3 89 0 5.3 8.9 2.5 2.5 4 1 1 4 4
4201.7 -4928.7 -34.3 263 0 8.3 12.8 5.0 2.5 2 1 2 3 3
4229.9 -4938.9 -35.2 269 0 9.3 5.4 5.0 2.5 2 0 2 1 1
4239.2 -4931.6 -35.2 267 0 4.2 7.7 7.5 2.5 2 1 3 1 1
4260.6 -4928.1 -36.3 268 0 6.3 14.1 2.5 2.5 2 1 1 3 3
4235.2 -4920.8 -34.4 92 0 14.8 12.9 10.0 0.0 0 0 4 2 2
4207.9 -4918.2 -34.1 83 0 6.5 12.2 7.5 2.5 2 1 3 1 1
4198.1 -4916.7 -34.2 84 0 8.5 9.6 5.0 2.5 2 1 2 2 2
4187.8 -4917.9 -34.3 85 0 9.0 10.3 5.0 2.5 2 1 2 1 1
4178.9 -4918.7 -34.3 83 0 6.8 10.4 7.5 2.5 2 1 3 5 5
4168.0 -4843.6 -41.0 90 0 5.6 11.3 2.5 2.5 2 1 1 0 0
4516.9 -4872.9 -42.3 84 0 6.5 5.4 5.0 2.5 2 0 2 0 0
4515.6 -4833.1 -42.0 267 0 7.4 9.3 5.0 2.5 4 1 2 5 5
4517.4 -4861.0 -42.2 84 0 9.1 15.3 5.0 2.5 2 1 2 3 3
4473.7 -4849.1 -40.8 267 0 9.0 6.0 2.5 2.5 2 0 1 4 4
3246.8 -4247.2 -19.4 61 0 11.4 12.2 7.5 2.5 2 1 3 0 0
3131.9 -4313.2 -14.4 249 0 8.4 10.9 7.5 2.5 2 1 3 1 1
3186.8 -4205.5 -16.3 251 0 7.4 12.3 7.5 2.5 2 1 3 1 1
4223.0 -3922.6 -18.4 1 0 7.0 6.9 7.5 2.5 2 0 3 0 0
4212.1 -3929.7 -19.0 91 0 5.5 12.1 5.0 2.5 2 1 2 0 0
4124.0 -4071.4 -32.7 105 0 4.5 8.6 2.5 2.5 4 1 1 4 4
4145.8 -4034.6 -30.5 282 0 8.2 15.6 5.0 2.5 2 1 2 0 0
4168.9 -3968.6 -23.3 163 0 7.7 5.5 5.0 2.5 2 0 2 3 3
4180.4 -3965.7 -23.2 343 0 9.4 4.7 7.5 2.5 2 0 3 4 4
4189.1 -3930.7 -19.3 92 0 6.6 8.9 5.0 2.5 4 1 2 5 5
4148.4 -3947.7 -20.9 90 0 5.0 9.6 7.5 2.5 4 1 3 5 5
4148.9 -3922.5 -19.1 195 0 10.1 5.4 5.0 2.5 2 0 2 0 0
4152.4 -3909.0 -18.0 289 0 10.7 6.6 2.5 2.5 4 0 1 1 1
4115.9 -3845.2 -14.2 304 0 9.1 7.9 5.0 2.5 2 0 2 5 5
4132.1 -3855.2 -14.1 304 0 25.1 8.1 7.5 0.0 0 0 3 0 0
