1376.1 4326.6 50.9 63 0 17.2 20.4 7.5 2.5 2 1 3 2 2
1360.9 4620.8 55.0 186 0 14.1 19.6 12.5 2.5 2 1 5 3 3
1787.8 4371.0 50.1 268 0 27.1 23.3 14.0 0.0 0 0 4 0 0
-3683.6 1562.2 -58.1 102 0 16.4 10.0 2.5 2.5 2 0 1 5 5
-5084.6 3770.2 -56.0 303 0 10.2 11.7 7.5 2.5 2 1 3 2 2
-5098.1 3776.2 -56.0 308 0 14.7 9.8 2.5 2.5 2 0 1 1 1
-5147.6 3800.8 -56.0 198 0 12.7 17.7 7.5 2.5 2 1 3 2 2
-5112.5 3840.7 -55.9 303 0 12.2 10.4 7.5 2.5 2 0 3 2 2
-5138.8 3853.8 -55.9 322 0 11.1 10.8 5.0 2.5 2 0 2 2 2
-5133.5 3843.1 -55.9 318 0 10.3 9.1 5.0 2.5 2 0 2 4 4
-5119.9 3816.9 -55.9 322 0 7.1 8.1 7.5 0.0 0 1 3 0 0
-5110.1 3824.6 -55.9 307 0 9.4 10.7 5.0 2.5 2 1 2 1 1
-5109.5 3798.7 -55.9 48 0 10.8 16.8 5.0 2.5 2 1 2 1 1
2688.5 4129.4 47.5 180 0 8.2 10.4 10.5 3.5 2 1 3 1 1
2690.1 4142.1 47.6 191 0 11.5 12.2 10.5 3.5 2 1 3 3 3
2749.9 4205.7 47.8 226 0 7.4 16.3 10.5 3.5 2 1 3 5 5
2793.7 4260.5 47.9 49 0 6.5 8.5 10.5 3.5 2 1 3 1 1
2782.3 4236.5 47.8 231 0 16.2 10.1 14.0 3.5 2 0 4 5 5
2819.4 4209.4 47.5 34 0 7.1 4.7 10.5 3.5 4 0 3 1 1
2813.2 4221.4 47.6 212 0 9.5 3.6 10.5 0.0 0 0 3 0 0
2819.3 4239.3 47.5 194 0 8.3 14.2 10.5 3.5 2 1 3 3 3
2822.7 4263.9 47.7 298 0 6.3 23.4 10.5 3.5 2 1 3 3 3
2872.6 4232.0 47.3 43 0 10.8 27.4 14.0 3.5 2 1 4 2 2
2936.3 4212.6 46.8 30 0 25.4 11.1 14.0 3.5 4 0 4 4 4
2961.8 4235.3 46.6 206 0 10.6 23.8 14.0 3.5 2 1 4 3 3
2953.1 4216.6 46.6 215 0 11.4 23.7 14.0 3.5 2 1 4 3 3
2945.3 4201.3 46.6 205 0 10.1 26.2 14.0 3.5 2 1 4 0 0
2990.3 4212.1 46.5 292 0 13.6 11.6 14.0 0.0 0 0 4 1 1
2991.5 4176.9 46.2 107 0 23.9 15.9 14.0 0.0 0 0 4 3 3
3036.5 4179.5 43.7 103 0 4.8 7.1 10.5 3.5 2 1 3 3 3
3096.3 4154.2 43.6 96 0 3.0 10.6 10.5 3.5 2 1 3 4 4
3088.7 4155.4 44.3 100 0 3.1 10.5 10.5 3.5 2 1 3 5 5
3056.2 4206.7 44.1 287 0 25.4 21.8 14.0 3.5 2 0 4 0 0
3047.1 4159.7 42.8 106 0 10.9 14.0 14.0 3.5 2 1 4 4 4
3032.7 4164.5 43.2 111 0 10.4 10.1 14.0 3.5 2 0 4 3 3
3019.2 4169.1 44.4 107 0 10.5 12.2 14.0 3.5 2 1 4 3 3
3135.1 4438.5 37.5 42 0 10.0 8.0 10.5 0.0 0 0 3 0 0
3126.0 4415.7 36.4 45 0 9.8 26.8 10.5 3.5 4 1 3 2 2
3113.5 4408.1 37.8 45 0 10.9 13.6 14.0 3.5 4 1 4 2 2
3184.5 4395.5 36.2 141 0 8.5 16.9 10.5 3.5 2 1 3 3 3
3120.3 4290.7 38.3 192 0 10.6 11.5 14.0 3.5 2 1 4 3 3
3114.6 4303.0 40.6 10 0 6.4 10.9 10.5 3.5 2 1 3 4 4
3109.1 4293.2 40.7 9 0 9.8 10.3 10.5 3.5 2 1 3 5 5
3129.9 4319.6 38.5 186 0 25.8 9.7 10.5 3.5 2 0 3 5 5
3149.7 4370.6 38.8 211 0 6.7 10.1 10.5 3.5 2 1 3 4 4
3141.7 4389.8 39.5 216 0 8.1 17.2 10.5 0.0 0 1 3 4 4
3166.2 4371.3 37.0 218 0 8.3 10.9 10.5 3.5 4 1 3 1 1
3194.6 4462.2 40.4 232 0 4.5 13.6 10.5 3.5 2 1 3 3 3
2986.9 4318.1 41.4 47 0 4.6 13.9 10.5 3.5 2 1 3 1 1
3012.3 4336.1 39.9 54 0 12.2 18.3 14.0 3.5 2 1 4 2 2
2984.0 4353.6 38.6 75 0 11.3 9.6 10.5 3.5 2 0 3 3 3
2969.7 4347.4 38.8 73 0 13.1 11.8 14.0 3.5 4 0 4 3 3
2948.9 4339.6 39.5 69 0 6.6 12.0 10.5 3.5 2 1 3 0 0
2941.5 4335.5 39.6 68 0 3.8 16.5 10.5 3.5 2 1 3 3 3
3004.5 4357.2 38.0 79 0 4.7 17.9 10.5 3.5 2 1 3 2 2
3011.2 4359.5 37.7 80 0 5.1 19.8 10.5 3.5 2 1 3 5 5
3018.6 4361.9 37.3 76 0 4.1 22.7 10.5 3.5 2 1 3 5 5
3026.6 4363.2 36.9 76 0 7.1 27.3 10.5 3.5 2 1 3 3 3
2979.1 4312.9 40.9 57 0 5.7 26.0 10.5 3.5 2 1 3 5 5
3060.7 4337.8 41.8 220 0 8.4 13.9 10.5 3.5 2 1 3 1 1
3106.6 4376.6 41.9 230 0 7.1 10.9 10.5 3.5 2 1 3 3 3
3227.4 4232.0 27.7 27 0 13.7 5.9 10.5 3.5 2 0 3 1 1
3226.5 4182.9 27.2 2 0 8.7 7.7 10.5 3.5 2 0 3 4 4
3123.9 4221.6 37.3 194 0 8.0 5.5 10.5 3.5 2 0 3 4 4
3153.5 4225.0 34.0 194 0 38.6 8.6 10.5 0.0 0 0 3 0 0
2944.1 4171.5 46.6 204 0 8.2 12.8 10.5 3.5 2 1 3 3 3
2929.9 4163.0 46.6 201 0 9.0 14.5 10.5 3.5 2 1 3 4 4
2973.4 4167.8 46.4 287 0 14.0 10.4 14.0 3.5 2 0 4 4 4
2771.5 4239.8 47.9 44 0 12.5 19.2 14.0 3.5 4 1 4 5 5
2702.5 4155.8 47.8 129 0 8.2 19.2 10.5 3.5 2 1 3 0 0
