3987.8 -2265.6 -43.5 75 0 8.2 34.4 7.5 2.5 2 1 3 4 4
-1237.5 2123.7 50.5 83 0 14.0 13.8 7.5 2.5 2 0 3 3 3
3748.1 -5312.4 -49.2 274 0 12.7 27.9 5.0 2.5 2 1 2 1 1
3715.7 -5246.8 -49.1 96 0 31.6 20.7 10.0 0.0 0 0 4 4 4
3668.3 -5480.1 -49.7 19 0 11.3 29.3 10.0 2.5 2 1 4 5 5
5707.5 -3598.4 -53.1 90 0 11.7 35.9 7.5 2.5 2 1 3 5 5
3591.5 -5060.6 -44.2 3 0 34.2 17.2 12.5 2.5 2 0 5 1 1
4046.6 -3978.0 -35.8 185 0 19.7 13.5 12.5 2.5 2 0 5 5 5
5696.7 -3608.2 -53.0 273 0 12.3 11.8 2.5 0.0 0 0 1 2 2
3659.4 -5396.8 -49.5 279 0 29.5 12.5 10.0 2.5 2 0 4 3 3
4082.0 -3917.5 -36.9 267 0 10.1 30.1 10.0 2.5 2 1 4 5 5
4130.1 -4027.8 -36.7 54 0 14.0 34.4 10.0 2.5 2 1 4 5 5
4047.7 -3958.6 -36.2 183 0 12.2 13.0 7.5 2.5 2 1 3 2 2
3675.0 -5498.9 -49.8 17 0 11.3 30.6 7.5 2.5 2 1 3 3 3
4046.0 -4027.0 -34.6 181 0 21.5 15.0 7.5 2.5 2 0 3 4 4
3556.2 -5085.3 -45.0 180 0 12.6 35.0 12.5 2.5 4 1 5 3 3
4050.7 -3941.3 -36.7 178 0 14.7 23.1 10.0 2.5 2 1 4 0 0
3629.9 -5444.0 -49.7 10 0 11.5 37.1 15.0 0.0 0 1 6 1 1
3713.3 -5385.4 -49.5 97 0 185.2 43.5 7.5 0.0 0 0 3 1 1
3595.1 -5454.8 -49.7 193 0 10.9 30.6 10.0 2.5 2 1 4 0 0
4123.0 -3969.7 -36.8 1 0 12.7 32.8 15.0 0.0 0 1 6 2 2
3627.3 -5412.9 -49.6 7 0 37.6 27.1 7.5 0.0 0 0 3 0 0
5781.5 -3611.4 -54.6 182 0 37.2 12.6 7.5 2.5 2 0 3 4 4
3745.0 -5224.0 -49.0 6 0 7.9 25.9 5.0 2.5 2 1 2 4 4
4064.5 -3971.8 -36.1 184 0 38.6 12.6 17.5 0.0 0 0 7 1 1
4028.4 -4055.1 -34.0 177 0 21.6 20.4 10.0 2.5 2 0 4 4 4
3688.9 -5430.0 -49.7 187 0 24.7 107.3 7.5 0.0 0 1 3 1 1
3569.7 -5429.4 -49.7 230 0 10.7 33.5 7.5 2.5 2 1 3 0 0
4028.6 -4005.6 -35.2 182 0 16.0 38.3 10.0 2.5 2 1 4 0 0
