663.2 -6220.8 175.0 240 0 5.6 8.9 5.0 2.5 2 1 2 2 2
2942.5 142.3 -160.1 277 0 6.6 9.2 2.5 0.0 0 1 1 1 1
2971.2 142.6 -162.1 276 0 9.7 7.3 5.0 2.5 2 0 2 5 5
2984.7 142.3 -162.8 281 0 7.9 9.0 7.5 2.5 2 1 3 1 1
2962.8 108.4 -154.1 287 0 7.2 11.1 7.5 2.5 4 1 3 4 4
2979.6 103.2 -154.2 279 0 7.2 11.7 7.5 2.5 2 1 3 3 3
2985.2 75.5 -149.5 92 0 13.3 6.5 5.0 2.5 2 0 2 1 1
2957.6 72.4 -148.0 80 0 6.3 10.9 7.5 0.0 0 1 3 3 3
2950.5 70.9 -146.8 75 0 7.2 10.4 5.0 2.5 2 1 2 0 0
2937.5 66.7 -144.0 79 0 13.8 7.9 5.0 2.5 2 0 2 2 2
2934.1 101.5 -151.2 280 0 26.5 9.8 7.5 0.0 0 0 3 5 5
2876.1 -2147.8 51.8 62 0 13.0 19.3 10.0 0.0 0 1 4 3 3
2831.2 -2180.7 65.9 263 0 5.2 7.1 5.0 2.5 2 1 2 5 5
2830.7 -2168.6 62.1 260 0 7.5 8.8 7.5 2.5 2 1 3 3 3
2832.9 -2138.9 50.6 124 0 7.1 7.8 7.5 2.5 2 1 3 3 3
2829.4 -2155.5 54.2 76 0 18.2 11.8 7.5 2.5 4 0 3 5 5
2768.2 -2159.7 54.2 256 0 4.4 9.9 2.5 2.5 2 1 1 5 5
2788.8 -2193.8 62.7 81 0 5.4 10.9 7.5 0.0 0 1 3 1 1
2786.7 -2159.6 56.5 281 0 8.3 11.9 7.5 2.5 2 1 3 3 3
2798.6 -2161.6 57.5 282 0 13.8 16.1 10.0 2.5 2 1 4 0 0
2808.7 -2150.3 52.6 93 0 10.5 7.8 7.5 2.5 2 0 3 1 1
2810.3 -2174.5 62.6 273 0 7.8 12.1 2.5 2.5 2 1 1 4 4
735.3 -1656.1 47.8 179 0 20.6 12.1 7.5 2.5 4 0 3 4 4
609.1 -1898.2 37.3 199 0 12.4 8.7 7.5 2.5 2 0 3 2 2
622.5 -1909.2 35.2 199 0 8.8 6.8 7.5 2.5 2 0 3 0 0
648.5 -1947.2 29.2 324 0 9.5 8.3 5.0 2.5 2 0 2 3 3
772.3 -1794.6 37.5 18 0 10.5 6.0 5.0 2.5 2 0 2 0 0
742.0 -1767.7 41.4 215 0 4.6 13.7 7.5 0.0 0 1 3 4 4
784.0 -1747.5 42.2 270 0 5.6 11.0 5.0 2.5 4 1 2 3 3
760.3 -1763.2 41.6 180 0 8.4 14.7 7.5 2.5 2 1 3 0 0
761.3 -1750.0 43.1 174 0 13.4 16.6 2.5 2.5 2 1 1 5 5
760.3 -1732.8 46.5 17 0 9.1 6.3 5.0 2.5 4 0 2 1 1
753.5 -1729.7 47.1 19 0 11.8 6.0 5.0 0.0 0 0 2 3 3
730.7 -1714.5 49.2 203 0 16.2 9.5 5.0 0.0 0 0 2 5 5
799.2 -1605.7 38.0 352 0 12.2 11.4 5.0 2.5 4 0 2 1 1
807.7 -1604.5 36.6 351 0 10.2 7.0 7.5 0.0 0 0 3 0 0
786.5 -1636.0 40.9 1 0 9.5 9.9 7.5 2.5 2 1 3 3 3
763.6 -1626.6 43.3 173 0 5.4 7.7 5.0 2.5 2 1 2 2 2
771.2 -1628.8 42.9 255 0 4.0 16.7 2.5 2.5 2 1 1 2 2
763.3 -1636.0 43.8 254 0 11.9 12.0 7.5 2.5 4 1 3 4 4
759.7 -1706.1 46.3 89 0 10.7 15.6 2.5 2.5 4 1 1 5 5
789.3 -1712.8 42.1 92 0 6.8 5.6 7.5 2.5 2 0 3 3 3
783.0 -1719.5 43.3 91 0 8.4 5.5 7.5 0.0 0 0 3 5 5
776.7 -1712.6 44.1 87 0 9.4 5.8 2.5 2.5 2 0 1 0 0
772.4 -1701.4 42.7 171 0 8.2 15.5 7.5 2.5 2 1 3 2 2
789.1 -1685.1 42.1 349 0 8.0 14.0 5.0 0.0 0 1 2 5 5
805.6 -1676.5 39.0 344 0 7.0 8.9 5.0 0.0 0 1 2 4 4
-2859.8 5927.6 -162.9 177 0 6.4 15.3 7.5 2.5 2 1 3 3 3
-2768.1 5908.4 -166.4 90 0 7.5 10.3 2.5 2.5 2 1 1 2 2
-2735.4 5920.5 -168.1 89 0 9.0 9.7 2.5 2.5 2 1 1 5 5
-2712.0 5932.0 -169.1 0 0 9.0 7.2 7.5 2.5 2 0 3 5 5
-2747.6 6003.6 -169.0 274 0 15.0 4.9 2.5 2.5 2 0 1 3 3
-2754.2 5993.8 -168.5 181 0 5.9 5.7 7.5 2.5 2 0 3 4 4
-2704.4 5974.5 -170.2 358 0 9.5 8.5 7.5 2.5 2 0 3 0 0
-2702.7 6054.5 -171.8 268 0 8.9 7.5 5.0 2.5 2 0 2 4 4
-2716.8 6035.0 -171.2 178 0 7.4 11.2 7.5 2.5 2 1 3 0 0
-2713.1 6017.1 -170.8 181 0 6.0 5.2 7.5 2.5 2 0 3 1 1
-2700.1 6017.2 -171.2 359 0 9.2 6.9 5.0 0.0 0 0 2 5 5
-2698.3 6002.5 -171.0 354 0 11.1 8.2 7.5 2.5 2 0 3 5 5
-2561.2 6467.2 -181.8 265 0 10.6 14.8 2.5 2.5 2 1 1 2 2
-2662.4 6428.3 -178.4 173 0 15.4 12.9 2.5 2.5 2 0 1 1 1
-2641.6 6544.2 -180.1 271 0 4.5 7.8 5.0 0.0 0 1 2 5 5
-2624.8 6525.1 -180.6 98 0 6.0 9.5 7.5 2.5 2 1 3 0 0
-2597.7 6522.1 -181.4 91 0 9.0 4.8 7.5 2.5 2 0 3 3 3
-2613.3 6523.4 -181.1 96 0 14.3 10.8 5.0 2.5 2 0 2 0 0
-2668.1 6553.0 -179.4 92 0 11.4 8.7 7.5 2.5 2 0 3 5 5
-3930.5 3282.3 -151.6 99 0 5.0 10.6 5.0 2.5 2 1 2 5 5
-3905.7 3315.9 -151.7 111 0 7.2 6.1 5.0 0.0 0 0 2 0 0
-3832.8 3354.7 -154.3 41 0 14.9 13.6 7.5 2.5 2 0 3 3 3
-3843.0 3383.5 -152.5 292 0 7.2 7.0 5.0 0.0 0 0 2 1 1
-3849.8 3387.8 -151.8 288 0 5.9 5.4 7.5 2.5 2 0 3 5 5
-3868.5 3390.4 -151.1 283 0 18.2 11.4 5.0 2.5 4 0 2 2 2
-3856.7 3356.6 -152.6 26 0 8.6 6.5 5.0 0.0 0 0 2 0 0
-3886.0 3371.7 -150.3 293 0 6.7 10.0 5.0 2.5 4 1 2 0 0
-3907.2 3359.5 -149.6 284 0 10.0 6.8 2.5 2.5 2 0 1 2 2
-3940.1 3326.5 -149.2 192 0 7.6 7.9 5.0 0.0 0 1 2 0 0
-3985.6 3355.9 -144.9 185 0 6.5 12.9 7.5 2.5 2 1 3 2 2
-3985.6 3366.2 -144.0 178 0 7.8 8.1 5.0 0.0 0 1 2 2 2
-3973.4 3389.3 -143.6 264 0 8.6 7.5 2.5 2.5 4 0 1 2 2
-3967.4 3374.2 -145.1 196 0 10.1 10.5 5.0 2.5 2 1 2 3 3
-3949.9 3387.5 -145.3 208 0 10.5 7.7 5.0 0.0 0 0 2 1 1
-3917.0 3400.1 -146.7 290 0 8.6 4.9 5.0 2.5 2 0 2 1 1
-3958.7 3416.3 -143.1 204 0 6.9 6.0 7.5 2.5 2 0 3 4 4
-5588.5 2275.8 -101.3 142 0 8.9 9.5 5.0 2.5 2 1 2 3 3
-4541.6 1636.1 -144.8 211 0 7.5 9.2 5.0 2.5 2 1 2 4 4
-3802.0 3631.0 -142.9 208 0 10.0 11.9 5.0 2.5 2 1 2 5 5
-3791.6 3562.5 -146.8 208 0 6.8 7.6 7.5 2.5 2 1 3 1 1
-4011.2 3578.4 -131.1 292 0 12.7 8.1 5.0 2.5 2 0 2 1 1
-3962.1 3523.3 -136.7 28 0 7.8 18.9 7.5 2.5 4 1 3 1 1
-2721.3 1038.5 -139.2 179 0 7.2 6.4 7.5 2.5 2 0 3 0 0
-2721.1 1032.9 -139.2 179 0 4.0 8.2 2.5 2.5 2 0 1 4 4
-2729.8 1024.6 -138.2 180 0 7.6 8.7 5.0 2.5 2 1 2 3 3
-2758.4 1011.8 -134.5 359 0 4.0 11.4 5.0 2.5 2 0 2 4 4
-2746.4 931.0 -133.3 2 0 12.1 6.1 2.5 2.5 4 0 1 5 5
-2406.2 4159.6 -176.5 11 0 13.6 8.7 7.5 2.5 2 0 3 1 1
5320.6 3059.6 96.7 333 0 11.0 15.3 7.5 2.5 2 1 3 3 3
5315.0 3037.1 101.5 339 0 9.4 5.1 7.5 0.0 0 0 3 4 4
