-6784.5 4821.7 28.1 255 0 14.3 13.3 5.0 2.5 2 0 2 0 0
-6819.8 4812.4 28.6 249 0 16.6 14.2 2.5 2.5 2 0 1 5 5
-134.9 -5853.2 0.5 200 0 13.8 19.4 10.0 2.5 2 1 4 5 5
2877.9 -2123.4 -35.0 268 0 11.0 43.4 10.0 2.5 2 1 4 0 0
2837.4 -2166.4 -33.8 162 0 46.7 9.6 7.5 2.5 2 0 3 5 5
-147.1 -5834.9 0.8 19 0 25.5 11.4 15.0 0.0 0 0 6 4 4
2864.7 -2182.8 -34.4 80 0 8.0 52.9 7.5 0.0 0 1 3 2 2
-261.3 -5842.1 4.6 86 0 10.7 28.0 7.5 2.5 2 1 3 5 5
-248.8 -5833.6 3.7 85 0 9.5 39.1 7.5 2.5 2 0 3 2 2
-265.3 -5800.3 4.2 174 0 9.9 5.9 7.5 2.5 2 0 3 0 0
-250.1 -5787.1 1.6 178 0 11.1 51.5 10.0 2.5 2 1 4 2 2
-253.1 -5838.7 3.4 174 0 9.5 42.6 7.5 2.5 2 0 3 3 3
-110.0 -4442.9 -7.8 338 0 16.6 31.6 7.5 2.5 2 1 3 1 1
-210.2 -3878.4 -1.9 8 0 16.7 15.8 7.5 2.5 2 0 3 3 3
-202.3 -3836.9 -0.7 9 0 17.3 5.9 5.0 2.5 2 0 2 0 0
-215.0 -3855.4 -1.2 9 0 19.5 13.3 7.5 2.5 2 0 3 5 5
-241.2 -3903.7 -2.6 185 0 25.9 17.0 7.5 2.5 2 0 3 5 5
-199.1 -3898.2 -2.5 0 0 12.2 7.3 7.5 2.5 2 0 3 2 2
-199.6 -3917.1 -3.2 359 0 22.6 5.0 7.5 2.5 2 0 3 4 4
-211.6 -3973.9 -4.9 95 0 31.0 5.3 5.0 2.5 2 0 2 1 1
