-3408.5 -4546.0 31.6 2 0 208.7 107.3 7.5 0.0 0 0 3 3 3
-2742.4 -5439.7 34.8 316 0 23.5 49.3 10.0 0.0 0 1 4 4 4
3578.0 -4615.8 -3.3 92 0 16.5 22.8 12.5 2.5 2 1 5 0 0
-2586.9 -5183.5 39.6 226 0 11.5 18.1 7.5 2.5 2 1 3 2 2
-2546.5 -5107.3 37.1 310 0 18.4 16.7 7.5 0.0 0 0 3 2 2
-2345.6 -4940.1 28.2 295 0 22.5 14.9 5.0 2.5 2 0 2 1 1
-2370.3 -4766.1 31.3 225 0 9.3 31.6 7.5 2.5 2 1 3 3 3
-2453.8 -5417.0 43.2 90 0 39.0 11.9 10.0 2.5 2 0 4 4 4
-2831.8 -5964.2 34.4 181 0 29.1 24.9 10.0 0.0 0 0 4 4 4
-2103.0 -4138.6 35.5 311 0 16.9 36.3 7.5 0.0 0 1 3 5 5
-2128.5 -4837.0 29.9 78 0 13.9 33.9 10.0 2.5 2 1 4 2 2
-2828.4 -5664.7 38.8 1 0 24.0 17.0 10.0 2.5 2 0 4 3 3
-2803.1 -5626.4 38.1 102 0 14.4 11.7 5.0 2.5 2 0 2 3 3
-2684.0 -5615.9 44.6 232 0 7.8 13.3 5.0 2.5 2 1 2 3 3
-2742.5 -5483.3 36.2 221 0 12.4 21.4 12.5 2.5 2 1 5 5 5
-2813.1 -5596.8 36.2 17 0 12.3 17.8 7.5 2.5 2 1 3 1 1
-2434.4 -5209.4 35.6 218 0 9.6 18.8 5.0 0.0 0 1 2 4 4
-2819.2 -5515.7 34.1 85 0 16.8 13.4 7.5 2.5 2 0 3 3 3
-2854.1 -5529.2 33.7 82 0 13.8 9.2 5.0 2.5 2 0 2 5 5
-3322.6 -5507.4 40.1 91 0 12.9 12.7 5.0 2.5 2 0 2 1 1
-2803.5 -5611.5 38.0 191 0 3.4 30.3 7.5 2.5 2 1 3 5 5
-2814.3 -5615.2 37.4 14 0 5.1 10.7 5.0 2.5 2 1 2 0 0
-2883.3 -5693.9 39.5 186 0 15.1 14.2 7.5 2.5 4 0 3 2 2
-2031.3 -4837.3 28.8 202 0 14.0 13.0 5.0 0.0 0 0 2 4 4
-2620.1 -5204.2 39.7 222 0 13.3 27.2 10.0 2.5 2 1 4 5 5
-2798.7 -5596.1 37.4 191 0 5.3 26.3 5.0 2.5 2 1 2 5 5
-2787.7 -5579.2 37.3 188 0 3.2 16.9 2.5 2.5 2 1 1 4 4
-2791.3 -5565.9 36.5 190 0 10.0 25.4 7.5 2.5 2 1 3 2 2
-2778.8 -5559.6 37.1 187 0 4.4 7.5 5.0 2.5 2 1 2 0 0
-2774.8 -5501.7 34.3 36 0 6.0 38.2 7.5 2.5 4 1 3 1 1
-2716.2 -5446.2 37.3 55 0 23.2 32.6 10.0 0.0 0 1 4 5 5
-2300.6 -5016.2 28.4 212 0 9.6 22.8 5.0 2.5 2 1 2 2 2
-2438.9 -5079.2 33.2 127 0 7.2 11.9 7.5 2.5 2 1 3 1 1
-2784.3 -5506.9 34.4 36 0 10.7 23.4 7.5 0.0 0 1 3 1 1
-2848.4 -5502.7 33.7 87 0 13.9 4.9 5.0 0.0 0 0 2 1 1
-2847.1 -5471.0 33.6 271 0 11.7 13.8 5.0 2.5 4 1 2 0 0
-2820.7 -5632.3 37.2 18 0 12.6 27.6 12.5 0.0 0 1 5 0 0
-2831.0 -5986.4 34.5 181 0 6.9 10.5 5.0 2.5 2 1 2 1 1
-2835.7 -5642.7 37.9 15 0 10.6 13.9 2.5 2.5 2 1 1 3 3
-2886.2 -5401.4 33.9 33 0 9.1 13.7 5.0 2.5 2 1 2 4 4
-2891.0 -5511.7 33.5 159 0 5.5 6.3 7.5 2.5 4 1 3 0 0
-2914.2 -5449.4 34.8 94 0 8.5 7.2 2.5 2.5 4 0 1 3 3
-2827.3 -5854.9 40.8 186 0 14.1 13.8 7.5 2.5 2 0 3 3 3
-2804.9 -5850.8 40.4 277 0 9.0 10.8 7.5 0.0 0 1 3 5 5
-2878.0 -4992.3 36.3 28 0 17.9 29.1 7.5 2.5 2 1 3 4 4
-2757.0 -4884.6 34.7 220 0 7.5 10.8 7.5 2.5 2 1 3 1 1
-2408.9 677.9 -46.5 233 0 9.2 7.7 5.0 2.5 2 0 2 5 5
-2421.1 663.4 -48.2 240 0 8.7 12.4 5.0 0.0 0 1 2 5 5
-2390.9 684.3 -45.4 323 0 9.1 10.3 5.0 2.5 2 1 2 3 3
-2390.4 656.3 -46.7 46 0 11.7 10.3 10.0 2.5 2 0 4 3 3
