-4451.7 -6087.4 -48.5 84 0 9.4 50.9 5.0 2.5 2 1 2 3 3
-4470.1 -5939.3 -47.9 260 0 12.3 50.6 10.0 2.5 2 0 4 2 2
-4426.7 -5993.6 -49.4 352 0 64.8 11.3 12.5 2.5 2 0 5 0 0
-4421.5 -6060.5 -49.8 84 0 9.5 31.6 5.0 2.5 2 1 2 4 4
-4451.5 -6008.9 -48.8 169 0 44.4 9.8 7.5 2.5 2 0 3 5 5
5981.9 1215.8 31.5 3 0 11.3 9.7 7.5 2.5 2 0 3 5 5
6101.6 1166.9 27.9 159 0 10.8 8.9 5.0 2.5 2 0 2 0 0
5958.9 1168.2 37.2 179 0 9.9 9.2 7.5 2.5 2 0 3 4 4
5970.5 1185.3 35.6 352 0 8.2 7.7 2.5 2.5 2 0 1 5 5
5989.9 1179.9 31.7 353 0 10.3 9.4 7.5 2.5 2 0 3 3 3
6015.3 1193.6 28.1 85 0 9.1 6.4 5.0 2.5 2 0 2 2 2
6008.1 1216.0 29.0 183 0 9.3 10.5 5.0 2.5 2 1 2 1 1
6040.8 1205.5 29.2 89 0 7.6 6.8 7.5 0.0 0 0 3 4 4
6060.2 1191.3 28.6 65 0 11.9 11.3 5.0 2.5 2 0 2 2 2
6068.5 1175.8 27.6 273 0 12.6 7.7 5.0 2.5 2 0 2 1 1
6053.8 1316.8 40.1 270 0 8.3 10.0 7.5 2.5 2 1 3 5 5
6058.7 1305.2 40.6 270 0 8.5 10.6 2.5 0.0 0 1 1 1 1
6078.1 1303.9 42.4 266 0 7.2 10.2 5.0 0.0 0 1 2 4 4
6084.7 1270.7 36.2 13 0 5.4 6.0 7.5 2.5 2 1 3 2 2
6035.4 1263.0 35.9 180 0 7.4 4.2 7.5 2.5 2 0 3 5 5
6059.9 1267.5 36.9 90 0 13.4 13.0 7.5 2.5 2 0 3 5 5
6043.1 1289.8 37.9 271 0 7.1 6.7 2.5 2.5 2 0 1 5 5
6035.7 1305.4 36.8 270 0 9.9 9.6 7.5 2.5 2 0 3 5 5
6029.3 1274.6 36.0 180 0 10.8 9.0 7.5 2.5 2 0 3 1 1
6021.8 1262.6 34.5 180 0 9.2 10.6 7.5 2.5 2 1 3 5 5
6017.0 1251.9 33.2 89 0 4.5 11.3 7.5 2.5 2 1 3 0 0
5989.5 1262.9 28.8 85 0 7.0 9.6 2.5 2.5 2 1 1 5 5
5977.8 1294.6 27.2 271 0 8.1 14.4 7.5 2.5 2 1 3 5 5
5938.0 1285.0 27.2 76 0 8.7 11.4 7.5 2.5 2 1 3 0 0
5761.3 1404.8 18.1 116 0 6.7 9.1 5.0 2.5 2 1 2 2 2
3560.9 1288.6 16.6 266 0 11.2 12.0 5.0 2.5 2 1 2 3 3
3579.9 1256.5 17.5 87 0 11.0 11.5 10.0 0.0 0 1 4 0 0
3574.2 1236.2 18.2 87 0 9.8 9.3 5.0 2.5 4 0 2 4 4
3560.3 1249.4 17.6 88 0 9.4 9.2 7.5 2.5 2 0 3 2 2
3487.8 1279.4 15.9 180 0 10.7 17.1 5.0 2.5 4 1 2 5 5
3475.9 1270.5 16.1 160 0 7.5 8.0 5.0 0.0 0 1 2 1 1
3470.0 1294.3 15.2 173 0 12.5 17.2 10.0 2.5 2 1 4 0 0
3530.2 1249.3 17.0 90 0 11.5 14.8 5.0 2.5 2 1 2 2 2
3507.5 1277.6 16.2 180 0 9.0 9.8 5.0 2.5 2 1 2 2 2
3521.0 1309.3 15.4 269 0 9.7 9.7 5.0 2.5 2 1 2 5 5
3533.7 1295.7 16.1 256 0 11.4 11.5 2.5 2.5 2 1 1 3 3
3541.8 1271.6 16.7 86 0 9.8 8.7 7.5 2.5 4 0 3 1 1
3540.5 1312.3 15.6 273 0 10.8 10.8 2.5 2.5 4 1 1 1 1
3571.8 1289.9 16.7 271 0 6.2 7.8 7.5 2.5 2 1 3 1 1
3575.5 1307.6 16.2 264 0 6.9 8.4 7.5 0.0 0 1 3 4 4
3564.5 1307.8 16.0 271 0 12.7 11.0 2.5 2.5 2 0 1 2 2
3573.3 1322.1 15.7 267 0 9.3 12.3 7.5 2.5 2 1 3 4 4
3598.2 1251.9 17.9 88 0 14.6 10.0 5.0 0.0 0 0 2 4 4
3587.6 1276.7 17.1 356 0 11.8 11.9 5.0 0.0 0 1 2 2 2
3599.3 1295.7 16.7 352 0 9.2 7.7 2.5 2.5 2 0 1 1 1
3609.9 1282.3 17.2 355 0 9.6 11.8 5.0 2.5 2 1 2 2 2
3615.2 1270.4 17.6 0 0 9.6 13.2 2.5 2.5 2 1 1 3 3
4385.8 1510.7 15.0 91 0 7.1 6.3 7.5 2.5 2 0 3 2 2
4344.1 1547.0 15.5 178 0 10.7 13.7 5.0 2.5 2 1 2 5 5
4332.7 1546.6 15.8 182 0 9.6 8.3 5.0 2.5 4 0 2 2 2
4391.8 1529.5 14.7 86 0 10.7 11.3 7.5 2.5 4 1 3 0 0
4418.8 1583.0 14.0 356 0 10.2 9.1 5.0 2.5 2 0 2 3 3
4351.3 1607.9 15.1 177 0 9.4 10.0 5.0 0.0 0 1 2 0 0
4350.9 1595.4 15.1 179 0 12.0 12.2 7.5 2.5 2 1 3 1 1
4359.1 1624.3 14.8 178 0 10.2 11.2 2.5 2.5 2 1 1 1 1
4396.2 1618.7 14.2 270 0 7.2 7.5 2.5 2.5 2 1 1 5 5
4396.7 1608.1 14.2 262 0 8.8 8.6 5.0 0.0 0 0 2 5 5
4396.9 1591.1 14.4 347 0 9.1 11.3 7.5 2.5 2 1 3 5 5
4374.1 1579.3 14.7 182 0 9.3 10.3 7.5 2.5 2 1 3 3 3
4393.9 1564.7 14.6 2 0 11.7 9.0 5.0 2.5 2 0 2 4 4
4362.5 1564.9 15.1 180 0 6.7 9.9 7.5 2.5 2 1 3 2 2
4351.1 1526.8 15.5 184 0 7.3 8.1 2.5 2.5 2 1 1 0 0
4341.2 1516.5 15.7 180 0 9.6 11.0 7.5 2.5 2 1 3 3 3
4345.1 1488.5 15.9 89 0 8.5 10.1 5.0 0.0 0 1 2 0 0
4669.0 2154.8 9.5 159 0 8.3 8.3 2.5 2.5 2 1 1 2 2
4643.4 2129.6 11.0 0 0 13.1 10.2 5.0 2.5 2 0 2 4 4
4635.7 2092.9 8.7 7 0 9.5 11.0 2.5 0.0 0 1 1 0 0
4537.9 2288.8 10.2 272 0 9.9 13.1 7.5 2.5 2 1 3 3 3
4515.1 2303.7 8.8 263 0 15.2 11.9 7.5 2.5 2 0 3 2 2
4489.2 2270.4 7.9 180 0 13.0 10.6 5.0 0.0 0 0 2 5 5
4487.4 2286.2 7.3 179 0 12.0 12.7 2.5 2.5 4 1 1 5 5
4503.2 2283.9 7.9 179 0 10.6 10.3 5.0 2.5 2 0 2 5 5
4523.0 2286.0 8.7 269 0 11.7 11.2 7.5 2.5 2 0 3 2 2
4511.8 2269.4 8.2 179 0 10.6 11.1 5.0 2.5 2 0 2 4 4
4558.7 2080.4 11.0 346 0 6.0 5.7 5.0 2.5 2 0 2 3 3
4554.7 2102.6 12.5 342 0 13.4 12.8 7.5 2.5 2 0 3 5 5
4542.7 2110.8 13.9 342 0 9.9 10.5 5.0 2.5 2 0 2 2 2
4544.1 2122.2 13.7 346 0 9.4 9.4 5.0 2.5 2 0 2 0 0
4575.2 2160.7 12.0 91 0 10.6 10.3 5.0 2.5 2 0 2 5 5
4561.4 2165.1 12.0 91 0 8.3 7.2 5.0 2.5 2 0 2 1 1
4517.6 2232.4 9.4 181 0 12.2 10.7 5.0 2.5 2 0 2 3 3
4535.4 2210.2 10.3 180 0 10.2 9.9 5.0 2.5 2 0 2 0 0
4547.0 2192.5 10.7 92 0 12.5 11.3 10.0 2.5 2 0 4 4 4
4578.4 2189.1 11.1 2 0 10.0 13.0 5.0 2.5 2 1 2 4 4
4562.8 2176.2 11.5 94 0 12.8 7.0 7.5 2.5 2 0 3 2 2
4544.9 2165.2 11.8 91 0 10.9 12.0 5.0 2.5 2 1 2 4 4
4533.1 2158.6 12.0 86 0 9.8 10.8 7.5 2.5 4 1 3 1 1
4513.0 2170.4 11.8 182 0 10.2 9.5 5.0 2.5 2 0 2 5 5
4489.6 2162.6 10.1 181 0 11.1 14.1 5.0 2.5 4 1 2 0 0
4493.9 2147.8 10.5 179 0 10.2 9.9 2.5 2.5 2 0 1 5 5
4495.4 2138.0 10.5 179 0 6.3 5.3 5.0 2.5 2 0 2 3 3
4511.5 2120.2 10.2 3 0 10.3 13.5 7.5 2.5 2 1 3 5 5
4518.4 2104.8 11.8 356 0 14.8 10.9 10.0 2.5 2 0 4 2 2
4508.0 2066.2 7.6 83 0 10.7 15.6 7.5 2.5 2 1 3 5 5
4627.5 2228.1 15.4 3 0 11.4 12.1 7.5 0.0 0 1 3 3 3
4612.9 2224.5 14.0 7 0 10.8 10.8 5.0 2.5 2 0 2 0 0
4595.9 2251.5 14.3 276 0 6.0 6.1 7.5 2.5 2 1 3 1 1
4623.5 2254.8 16.4 0 0 9.8 10.7 7.5 0.0 0 1 3 0 0
4608.8 2246.9 14.9 1 0 10.9 8.6 7.5 2.5 4 0 3 0 0
4601.3 2282.9 15.9 278 0 10.5 10.5 5.0 2.5 2 1 2 2 2
4621.7 2291.3 18.5 263 0 8.8 8.9 7.5 2.5 2 1 3 3 3
4642.2 2256.0 17.9 357 0 11.4 11.1 7.5 2.5 2 0 3 0 0
4643.6 2239.1 17.3 2 0 10.6 10.5 2.5 2.5 2 0 1 0 0
4643.4 2225.6 16.6 10 0 11.8 11.6 2.5 2.5 2 0 1 1 1
4635.7 2208.3 16.0 95 0 10.6 10.7 10.0 0.0 0 1 4 4 4
4640.9 2188.9 15.1 3 0 4.9 6.9 2.5 2.5 2 1 1 1 1
