3585.3 -75.1 -314.1 168 0 16.4 22.4 12.5 2.5 2 1 5 2 2
-5775.1 -4396.0 343.8 91 0 30.0 9.3 10.5 3.5 2 0 3 5 5
-5815.7 -4374.6 342.5 270 0 25.5 15.3 10.5 3.5 2 0 3 3 3
-5735.4 -4392.5 342.3 88 0 37.9 12.7 10.5 3.5 2 0 3 5 5
6021.2 3405.2 -358.1 5 0 30.7 9.6 7.5 0.0 0 0 3 2 2
6099.9 3026.3 -358.6 343 0 6.4 9.3 7.5 2.5 2 1 3 3 3
6100.7 3022.1 -359.1 250 0 12.3 9.6 5.0 2.5 4 0 2 2 2
6086.9 3022.3 -359.1 255 0 6.8 12.2 7.5 2.5 2 1 3 1 1
5930.4 3243.9 -357.3 109 0 9.1 4.2 7.5 2.5 2 0 3 3 3
6071.7 3057.8 -357.0 257 0 11.9 7.2 7.5 2.5 2 0 3 3 3
6075.2 3070.8 -356.3 264 0 6.4 5.9 7.5 2.5 2 0 3 0 0
6070.9 3074.2 -356.0 174 0 6.9 7.4 7.5 2.5 2 1 3 1 1
6098.3 3057.0 -357.1 352 0 9.2 13.5 5.0 2.5 2 1 2 3 3
6116.2 3021.8 -359.0 339 0 10.0 7.8 5.0 2.5 2 0 2 4 4
6077.6 3020.9 -359.1 260 0 10.5 13.3 2.5 2.5 2 1 1 2 2
6131.0 3023.6 -358.9 177 0 6.4 5.5 5.0 2.5 2 0 2 4 4
6106.7 3045.3 -357.6 162 0 5.6 7.1 7.5 2.5 2 1 3 2 2
6267.4 2994.9 -362.4 355 0 19.9 20.2 12.5 2.5 2 1 5 5 5
6135.9 3051.4 -357.5 359 0 5.2 14.5 7.5 2.5 2 1 3 2 2
6147.0 3083.5 -356.1 359 0 8.0 13.6 5.0 2.5 2 1 2 0 0
6140.2 3071.8 -356.4 89 0 12.6 7.1 2.5 2.5 2 0 1 5 5
6149.0 3057.2 -357.2 88 0 11.2 6.5 7.5 2.5 2 0 3 3 3
6134.5 3169.3 -353.8 348 0 6.4 5.2 5.0 2.5 2 0 2 2 2
6158.8 3084.9 -356.1 359 0 8.6 7.9 5.0 2.5 2 0 2 0 0
6129.1 3074.5 -356.4 178 0 8.8 3.6 7.5 2.5 4 0 3 4 4
6117.0 3074.3 -356.4 178 0 8.4 10.1 5.0 2.5 2 1 2 5 5
6118.5 3087.2 -355.9 181 0 5.1 13.0 7.5 2.5 4 1 3 5 5
6116.9 3093.6 -355.4 181 0 6.9 7.8 5.0 2.5 2 1 2 0 0
6100.0 3104.4 -354.8 176 0 12.0 9.5 5.0 2.5 2 0 2 4 4
6113.7 3123.0 -354.1 177 0 7.0 14.9 5.0 2.5 2 1 2 5 5
6095.8 3139.9 -353.0 171 0 12.4 10.8 10.0 2.5 2 0 4 3 3
6093.9 3134.2 -353.0 83 0 3.6 10.8 5.0 2.5 2 1 2 2 2
6071.9 3144.2 -352.7 167 0 13.8 9.7 2.5 2.5 4 0 1 1 1
6128.8 3213.1 -355.6 341 0 5.7 5.9 7.5 2.5 2 1 3 4 4
6110.2 3177.9 -353.3 251 0 16.0 10.4 7.5 0.0 0 0 3 2 2
6131.4 3183.7 -354.0 344 0 12.9 8.9 2.5 2.5 2 0 1 1 1
6092.8 3166.4 -352.3 258 0 16.2 7.7 7.5 2.5 2 0 3 5 5
6072.9 3174.8 -352.5 265 0 8.5 9.8 5.0 0.0 0 1 2 1 1
6065.1 3157.9 -352.7 174 0 11.1 13.3 5.0 0.0 0 1 2 4 4
6050.0 3157.1 -353.4 107 0 10.1 11.4 2.5 2.5 2 1 1 2 2
6039.4 3191.1 -353.6 85 0 10.4 8.6 5.0 2.5 2 0 2 5 5
6065.0 3181.9 -353.6 87 0 7.7 13.9 5.0 2.5 2 1 2 5 5
6055.5 3180.0 -353.2 87 0 9.8 11.2 5.0 2.5 2 1 2 5 5
6076.3 3198.1 -354.8 82 0 8.4 14.0 2.5 2.5 2 1 1 5 5
6093.9 3197.3 -356.1 75 0 9.4 34.2 7.5 2.5 4 1 3 1 1
6092.6 3262.7 -358.2 312 0 9.0 6.2 5.0 2.5 4 0 2 5 5
6022.9 3211.7 -354.4 178 0 10.3 6.7 7.5 2.5 4 0 3 0 0
6013.6 3232.9 -355.6 173 0 8.0 8.5 5.0 2.5 2 1 2 5 5
6003.7 3316.2 -358.9 169 0 4.8 7.3 2.5 2.5 2 1 1 5 5
6023.0 3314.3 -359.3 261 0 6.4 5.3 7.5 0.0 0 0 3 0 0
5982.4 3222.8 -355.4 97 0 7.1 11.5 2.5 2.5 2 1 1 2 2
5973.8 3227.2 -355.7 99 0 7.6 8.6 2.5 2.5 2 1 1 3 3
5953.6 3251.7 -356.1 178 0 9.4 10.5 5.0 0.0 0 1 2 0 0
6246.6 3380.0 -362.5 93 0 5.0 6.6 7.5 2.5 2 1 3 4 4
6248.9 3465.1 -361.6 289 0 10.2 7.6 7.5 2.5 2 0 3 2 2
6266.9 3450.7 -362.1 335 0 13.9 22.2 10.0 2.5 2 1 4 5 5
6200.9 3415.6 -361.2 340 0 8.7 7.6 5.0 2.5 2 0 2 1 1
6168.3 3471.6 -360.3 127 0 18.5 17.3 7.5 2.5 2 0 3 0 0
6196.3 3454.6 -360.8 149 0 7.1 11.3 2.5 2.5 2 1 1 2 2
6209.6 3451.9 -360.9 98 0 6.3 6.9 7.5 2.5 2 1 3 2 2
6217.3 3451.3 -361.1 96 0 6.7 12.6 5.0 0.0 0 1 2 5 5
6185.8 3491.3 -360.1 296 0 11.2 8.5 7.5 2.5 2 0 3 3 3
6242.4 3471.9 -361.3 291 0 4.6 12.6 2.5 2.5 2 1 1 1 1
6228.1 3440.5 -361.4 90 0 5.6 9.3 5.0 2.5 2 1 2 1 1
6228.1 3428.9 -361.6 75 0 16.2 8.2 2.5 0.0 0 0 1 1 1
6210.5 3433.6 -361.3 89 0 9.9 12.9 7.5 2.5 2 1 3 4 4
6249.9 3437.4 -361.9 102 0 9.3 4.2 7.5 2.5 2 0 3 2 2
6269.2 3417.5 -362.7 269 0 6.4 17.5 5.0 0.0 0 1 2 4 4
6259.1 3416.8 -362.5 269 0 8.4 15.8 2.5 2.5 4 1 1 4 4
6240.5 3396.8 -362.4 183 0 6.4 10.7 5.0 2.5 2 1 2 2 2
6320.8 3163.7 -362.3 11 0 11.0 6.8 2.5 2.5 2 0 1 1 1
6140.0 3207.9 -356.1 166 0 10.4 17.8 5.0 2.5 2 1 2 2 2
5992.6 3169.6 -355.8 272 0 6.2 9.3 5.0 2.5 2 1 2 3 3
6110.5 3084.7 -355.8 178 0 7.9 7.9 5.0 2.5 2 1 2 2 2
6015.5 3024.4 -357.9 89 0 15.9 17.7 10.0 2.5 2 1 4 5 5
6080.2 3098.3 -354.9 346 0 7.0 7.4 5.0 2.5 2 1 2 2 2
6066.1 3080.6 -355.4 79 0 15.4 10.0 7.5 2.5 2 0 3 0 0
6053.6 3075.9 -355.6 86 0 5.6 11.1 5.0 2.5 2 1 2 3 3
6052.2 3103.1 -354.5 178 0 9.5 6.2 7.5 2.5 2 0 3 0 0
6049.8 3093.3 -354.9 180 0 8.0 6.6 5.0 2.5 2 0 2 1 1
6075.1 3130.8 -353.5 280 0 9.1 13.7 7.5 2.5 4 1 3 1 1
5990.0 3127.2 -356.4 87 0 7.8 10.3 2.5 2.5 4 1 1 5 5
5983.7 3146.8 -356.3 180 0 8.5 10.0 5.0 2.5 2 1 2 5 5
5999.7 3140.2 -355.8 90 0 5.2 7.1 2.5 2.5 2 1 1 5 5
5998.6 3156.4 -355.7 271 0 6.6 6.9 5.0 2.5 2 1 2 3 3
6035.8 3165.3 -354.1 317 0 6.5 7.5 5.0 2.5 2 0 2 4 4
5966.5 3132.1 -357.2 177 0 5.5 13.6 7.5 2.5 2 1 3 2 2
5965.3 3138.0 -357.2 177 0 6.0 13.5 7.5 2.5 2 1 3 0 0
5963.5 3155.5 -357.0 181 0 8.2 16.5 7.5 2.5 2 1 3 3 3
5964.3 3165.7 -356.9 182 0 8.1 12.7 7.5 0.0 0 1 3 0 0
5988.0 3187.1 -356.0 270 0 6.4 10.6 5.0 2.5 2 1 2 2 2
5994.3 3187.3 -355.4 271 0 4.4 8.0 7.5 2.5 2 1 3 4 4
6010.0 3190.3 -354.8 252 0 6.9 12.7 7.5 0.0 0 1 3 0 0
6028.4 3172.0 -354.5 311 0 13.6 7.6 7.5 2.5 2 0 3 3 3
6047.1 3134.7 -354.2 358 0 4.1 8.7 2.5 2.5 2 1 1 2 2
6025.8 3118.9 -355.2 4 0 10.1 6.4 5.0 2.5 2 0 2 5 5
6044.6 3104.7 -354.6 1 0 4.3 7.4 7.5 2.5 2 1 3 5 5
6043.5 3079.9 -355.4 1 0 6.2 8.0 2.5 2.5 2 1 1 5 5
-3768.2 -4847.2 355.7 3 0 13.9 30.6 7.5 2.5 2 1 3 2 2
