4019.0 3051.2 -176.8 90 0 20.9 12.3 7.5 2.5 2 0 3 4 4
3405.1 -6506.2 -154.2 286 0 10.0 19.3 10.5 3.5 2 1 3 0 0
3523.5 -6568.6 -151.4 307 0 10.0 19.3 14.0 3.5 2 1 4 2 2
3261.7 -6477.2 -149.2 278 0 10.0 19.3 10.5 3.5 2 1 3 5 5
3030.8 -6187.0 -153.6 319 0 10.0 19.3 14.0 3.5 2 1 4 4 4
3049.4 -6222.4 -154.6 335 0 10.0 19.2 14.0 3.5 2 1 4 4 4
3537.2 -6578.4 -150.4 305 0 10.0 19.3 10.5 3.5 2 1 3 5 5
2856.8 -6001.0 -161.1 316 0 10.0 19.3 14.0 3.5 2 1 4 0 0
2869.2 -6015.4 -160.6 316 0 10.0 19.3 14.0 3.5 2 1 4 0 0
3057.2 -6237.9 -155.1 337 0 10.0 19.2 14.0 3.5 2 1 4 1 1
3058.2 -6258.4 -152.8 343 0 10.0 19.2 14.0 3.5 4 1 4 5 5
2778.1 -5949.2 -160.8 301 0 10.0 19.3 14.0 3.5 2 1 4 5 5
3021.6 -6169.2 -153.5 317 0 10.0 19.3 14.0 3.5 2 1 4 2 2
2792.4 -5958.2 -160.6 301 0 10.0 19.3 10.5 0.0 0 1 3 1 1
3227.0 -6470.1 -147.5 278 0 10.0 19.3 10.5 3.5 2 1 3 5 5
3370.1 -6496.0 -153.5 286 0 10.0 19.3 10.5 3.5 2 1 3 4 4
3041.1 -6201.2 -155.2 319 0 10.0 19.3 14.0 3.5 2 1 4 0 0
3009.8 -6156.4 -155.0 317 0 10.0 19.3 14.0 3.5 4 1 4 4 4
2904.9 -6054.7 -159.5 316 0 10.0 19.3 14.0 3.5 4 1 4 5 5
2996.4 -6144.1 -155.8 317 0 10.0 19.3 14.0 3.5 2 1 4 5 5
3063.3 -6294.2 -149.9 349 0 10.1 19.2 14.0 0.0 0 1 4 5 5
2917.1 -6068.7 -159.0 316 0 10.0 19.3 14.0 3.5 2 1 4 3 3
3244.1 -6473.6 -148.3 278 0 10.0 19.3 10.5 3.5 2 1 3 2 2
3244.0 -5506.4 -155.4 154 0 8.8 19.3 10.5 3.5 2 1 3 3 3
3169.9 -5402.3 -154.5 138 0 8.8 19.3 10.5 3.5 4 1 3 0 0
3263.5 -5555.8 -159.1 159 0 8.8 19.3 10.5 3.5 2 1 3 0 0
3215.0 -5458.1 -153.4 142 0 8.8 19.3 10.5 3.5 2 1 3 0 0
3431.5 -5729.4 -165.3 144 0 8.8 19.3 10.5 3.5 2 1 3 2 2
3251.2 -5521.8 -156.4 154 0 8.8 19.3 10.5 3.5 2 1 3 1 1
3344.6 -5608.1 -155.8 144 0 8.8 19.3 10.5 3.5 4 1 3 4 4
3390.7 -5682.3 -162.4 145 0 8.8 19.3 10.5 3.5 2 1 3 5 5
3442.4 -5742.3 -166.1 142 0 8.8 19.3 10.5 0.0 0 1 3 4 4
3453.3 -5754.9 -166.8 137 0 8.8 19.4 10.5 0.0 0 1 3 4 4
3182.5 -5416.1 -154.0 138 0 8.8 19.4 10.5 3.5 4 1 3 4 4
3193.4 -5428.9 -153.6 138 0 8.8 19.3 10.5 3.5 2 1 3 5 5
3352.6 -5620.5 -156.9 145 0 8.8 19.3 10.5 3.5 2 1 3 4 4
3764.4 -5999.8 -207.8 262 0 130.7 23.5 10.5 0.0 0 0 3 1 1
3846.1 -5984.7 -204.2 244 0 36.3 19.1 10.5 0.0 0 0 3 3 3
3705.3 -5902.1 -195.0 271 0 43.2 62.5 14.0 0.0 0 1 4 2 2
3368.7 -5870.3 -195.7 117 0 17.8 18.8 14.0 3.5 2 1 4 3 3
3399.7 -5886.2 -194.5 117 0 17.8 18.8 14.0 3.5 4 1 4 3 3
3431.3 -5901.0 -193.2 117 0 17.8 18.8 14.0 3.5 2 1 4 5 5
3496.1 -5924.3 -193.3 117 0 17.8 18.8 14.0 0.0 0 1 4 4 4
3532.5 -5933.7 -193.3 104 0 17.8 18.8 14.0 3.5 4 1 4 5 5
3568.4 -5941.5 -193.5 104 0 17.8 18.8 14.0 3.5 2 1 4 4 4
3636.7 -5956.0 -193.8 104 0 17.8 18.8 14.0 3.5 2 1 4 1 1
3656.1 -5899.6 -185.4 284 0 17.8 18.8 14.0 3.5 2 1 4 2 2
3572.8 -5891.0 -187.0 284 0 17.8 18.8 14.0 3.5 4 1 4 0 0
3516.9 -5877.9 -186.5 287 0 11.0 18.7 14.0 3.5 2 1 4 3 3
3449.2 -5850.7 -186.5 298 0 17.8 18.8 14.0 3.5 2 1 4 0 0
3430.0 -5839.6 -187.2 301 0 11.0 18.7 14.0 3.5 2 1 4 2 2
3400.7 -5812.8 -186.5 317 0 17.8 18.8 14.0 3.5 2 1 4 3 3
3315.8 -5754.4 -185.1 276 0 5.8 11.0 10.5 3.5 2 1 3 0 0
3132.5 -5636.5 -193.7 329 0 54.3 8.6 10.5 3.5 2 0 3 0 0
3281.2 -5671.4 -176.3 334 0 10.1 9.3 10.5 3.5 2 0 3 5 5
2927.9 -5896.3 -185.7 137 0 7.1 14.2 10.5 3.5 2 1 3 1 1
3110.1 -6217.9 -171.9 190 0 11.6 18.1 14.0 3.5 2 1 4 2 2
3500.7 -5797.6 -166.7 137 0 8.8 19.4 10.5 3.5 2 1 3 2 2
3543.7 -5887.4 -185.8 286 0 17.3 10.6 14.0 3.5 2 0 4 2 2
3264.5 -5880.2 -205.1 158 0 11.3 24.9 14.0 3.5 2 0 4 3 3
3446.7 -6242.7 -205.4 304 0 80.0 38.5 14.0 0.0 0 0 4 1 1
3772.2 -6495.0 -183.7 300 0 79.3 25.5 14.0 0.0 0 0 4 4 4
3778.7 -6412.4 -200.5 108 0 14.2 10.2 10.5 3.5 2 0 3 3 3
3747.5 -5896.9 -186.2 262 0 17.7 18.8 14.0 3.5 2 1 4 2 2
3777.5 -5892.2 -186.5 262 0 17.7 18.8 14.0 3.5 2 1 4 3 3
3842.9 -5875.8 -185.2 262 0 17.8 18.8 14.0 3.5 4 1 4 0 0
3875.6 -5869.0 -184.3 262 0 17.8 18.8 14.0 3.5 2 1 4 3 3
3903.8 -5858.6 -181.8 262 0 17.8 18.8 14.0 3.5 2 1 4 5 5
3932.8 -5848.1 -180.8 262 0 17.7 18.8 14.0 3.5 2 1 4 5 5
3817.2 -5882.0 -184.6 262 0 25.5 13.8 14.0 3.5 2 0 4 3 3
3784.7 -5868.9 -173.6 84 0 12.6 21.3 14.0 3.5 2 1 4 2 2
3612.2 -5876.9 -178.6 101 0 12.6 21.3 14.0 3.5 2 1 4 0 0
3664.7 -5960.9 -193.8 90 0 8.7 19.4 10.5 3.5 4 1 3 2 2
3546.8 -6449.6 -178.7 128 0 11.6 16.7 14.0 3.5 2 1 4 0 0
3522.9 -6430.9 -180.6 128 0 11.6 16.7 14.0 3.5 2 1 4 5 5
3482.3 -6397.4 -184.0 128 0 11.6 16.7 14.0 3.5 2 1 4 0 0
3559.0 -6482.4 -170.3 305 0 18.4 16.8 14.0 3.5 2 0 4 0 0
3535.1 -6463.9 -172.2 305 0 18.4 16.8 14.0 3.5 2 0 4 2 2
3511.2 -6447.6 -173.6 305 0 18.4 16.8 14.0 0.0 0 0 4 5 5
3478.8 -6422.2 -175.9 305 0 18.4 16.8 14.0 3.5 2 0 4 0 0
3455.3 -6405.5 -177.3 305 0 18.4 16.8 14.0 3.5 2 0 4 5 5
3427.3 -6358.8 -187.8 125 0 18.4 16.8 14.0 0.0 0 0 4 1 1
3404.2 -6341.2 -189.7 125 0 18.4 16.8 14.0 3.5 2 0 4 5 5
3377.8 -6322.3 -191.6 125 0 18.4 16.8 14.0 3.5 2 0 4 1 1
3355.1 -6307.3 -192.8 125 0 18.4 16.8 14.0 3.5 2 0 4 4 4
3329.3 -6291.5 -192.2 107 0 18.4 16.8 14.0 3.5 2 0 4 1 1
3399.5 -6364.7 -181.2 305 0 18.4 16.8 14.0 3.5 2 0 4 4 4
3377.3 -6349.2 -182.7 305 0 18.4 16.8 14.0 3.5 2 0 4 1 1
3355.9 -6334.6 -184.0 305 0 18.4 16.8 14.0 3.5 4 0 4 2 2
3333.3 -6320.4 -185.3 305 0 18.4 16.8 14.0 0.0 0 0 4 4 4
3292.2 -6283.1 -190.0 104 0 11.5 16.7 14.0 3.5 2 1 4 3 3
3268.2 -6277.8 -187.7 106 0 18.4 16.8 14.0 3.5 2 0 4 3 3
3233.5 -6274.9 -185.2 85 0 11.5 16.7 14.0 3.5 2 1 4 1 1
3172.7 -6288.7 -177.5 68 0 11.5 16.6 14.0 3.5 2 1 4 3 3
3306.2 -6306.6 -185.9 281 0 18.4 16.8 14.0 3.5 2 0 4 5 5
3280.0 -6299.8 -185.4 281 0 18.4 16.8 14.0 3.5 2 0 4 1 1
3255.0 -6296.1 -183.4 281 0 18.4 16.8 14.0 3.5 2 0 4 1 1
3205.8 -6305.4 -178.3 261 0 18.7 16.6 14.0 3.5 2 0 4 5 5
3174.2 -6313.9 -174.8 244 0 18.4 16.8 14.0 3.5 2 0 4 5 5
3150.2 -6330.2 -171.1 236 0 18.4 16.7 14.0 0.0 0 0 4 3 3
3126.2 -6345.9 -167.1 241 0 18.4 16.8 14.0 3.5 2 0 4 3 3
3106.1 -6245.9 -169.9 195 0 11.5 16.6 14.0 0.0 0 1 4 0 0
3070.8 -6210.5 -166.0 171 0 18.8 16.7 10.0 2.5 2 0 4 5 5
3080.5 -6144.0 -168.2 335 0 18.5 16.7 10.0 2.5 2 0 4 4 4
3304.2 -6236.0 -193.6 35 0 15.1 37.0 14.0 0.0 0 1 4 1 1
3247.5 -6189.6 -191.7 310 0 16.9 21.1 14.0 3.5 4 1 4 3 3
3537.2 -6554.1 -158.1 122 0 10.6 15.8 14.0 0.0 0 1 4 4 4
3523.4 -6544.0 -159.0 122 0 10.6 15.8 14.0 3.5 2 1 4 3 3
3492.5 -6525.2 -160.4 122 0 10.6 15.8 14.0 3.5 2 1 4 3 3
3414.1 -6487.3 -161.7 122 0 10.6 15.8 14.0 3.5 2 1 4 0 0
3321.6 -6380.1 -175.8 122 0 10.6 15.8 14.0 3.5 2 1 4 5 5
3352.7 -6451.2 -162.6 182 0 10.6 15.7 14.0 3.5 2 1 4 1 1
3298.4 -6367.8 -176.6 122 0 10.6 15.8 14.0 3.5 2 1 4 1 1
3254.5 -6361.4 -174.9 87 0 10.5 15.8 14.0 3.5 2 1 4 2 2
3211.6 -6366.4 -170.8 73 0 10.5 15.8 14.0 3.5 2 1 4 5 5
3303.8 -6460.2 -157.5 188 0 10.8 21.5 14.0 3.5 2 1 4 0 0
3303.9 -6445.5 -161.4 173 0 10.8 21.5 14.0 3.5 2 1 4 4 4
3300.8 -6432.1 -165.1 143 0 10.8 21.5 14.0 3.5 2 1 4 0 0
3290.3 -6419.2 -167.2 129 0 10.7 21.5 14.0 3.5 2 1 4 4 4
3277.7 -6410.7 -167.9 110 0 10.7 21.6 14.0 3.5 2 1 4 1 1
3262.0 -6407.9 -167.5 93 0 10.7 21.6 14.0 3.5 2 1 4 2 2
3245.0 -6405.8 -166.6 80 0 10.7 21.6 14.0 3.5 2 1 4 2 2
3193.7 -6444.4 -152.7 105 0 21.5 10.8 14.0 3.5 2 0 4 1 1
3211.3 -6425.6 -159.0 47 0 10.7 21.5 14.0 3.5 4 1 4 3 3
3223.7 -6412.5 -162.8 53 0 10.7 21.5 14.0 3.5 2 1 4 0 0
2994.9 -6111.8 -165.1 139 0 10.0 19.3 7.5 2.5 2 1 3 2 2
3044.4 -6164.2 -164.0 139 0 10.0 19.3 5.0 2.5 2 1 2 5 5
2917.0 -6031.8 -166.8 139 0 10.0 19.3 7.5 2.5 2 1 3 3 3
2856.3 -5966.5 -169.1 139 0 10.0 19.3 5.0 2.5 2 1 2 4 4
2838.4 -5957.0 -169.0 139 0 10.0 19.3 5.0 2.5 2 1 2 5 5
3522.9 -5515.6 -81.7 327 0 9.5 31.2 10.5 3.5 2 1 3 2 2
3549.2 -5553.0 -85.9 324 0 9.5 31.2 10.5 3.5 2 1 3 4 4
3399.2 -5333.2 -56.1 152 0 12.1 24.7 14.0 3.5 2 1 4 3 3
3427.2 -5369.5 -61.0 152 0 12.1 24.7 14.0 3.5 4 1 4 4 4
3414.2 -5352.9 -58.5 139 0 12.1 24.7 14.0 3.5 2 1 4 3 3
3489.4 -5432.9 -58.2 133 0 12.1 24.7 14.0 3.5 2 1 4 4 4
3569.5 -5551.0 -69.6 152 0 12.1 24.7 14.0 3.5 2 1 4 0 0
3557.2 -5531.2 -66.7 145 0 12.1 24.7 14.0 3.5 2 1 4 2 2
3521.5 -5475.7 -58.6 146 0 7.9 26.8 10.5 3.5 4 1 3 2 2
3040.7 -5407.2 -176.3 164 0 23.7 15.1 14.0 0.0 0 0 4 3 3
3033.4 -5381.8 -174.2 164 0 23.7 15.1 14.0 3.5 2 0 4 4 4
3025.9 -5356.2 -172.2 164 0 23.7 15.1 14.0 0.0 0 0 4 1 1
3018.3 -5330.8 -170.2 164 0 23.7 15.1 14.0 3.5 2 0 4 5 5
3009.8 -5305.5 -169.6 164 0 23.7 15.1 14.0 3.5 2 0 4 5 5
3001.4 -5279.2 -169.2 164 0 23.7 15.1 14.0 3.5 2 0 4 2 2
3107.3 -5358.5 -159.7 152 0 26.5 14.6 10.0 0.0 0 0 4 4 4
3090.6 -5330.0 -158.7 152 0 26.4 14.7 10.0 0.0 0 0 4 4 4
3074.8 -5301.3 -157.9 152 0 26.5 14.7 15.0 0.0 0 0 6 0 0
3055.6 -5249.1 -156.6 242 0 12.2 29.5 12.5 0.0 0 1 5 5 5
3021.6 -5184.3 -156.7 242 0 12.3 29.5 12.5 0.0 0 1 5 1 1
4506.2 -6050.7 -192.8 277 0 25.9 16.5 10.5 3.5 2 0 3 2 2
4623.3 -6068.6 -187.7 271 0 12.9 17.0 10.5 0.0 0 1 3 0 0
4540.7 -6055.4 -192.3 286 0 26.6 17.3 10.5 3.5 2 0 3 1 1
4567.3 -6062.1 -191.4 280 0 21.8 16.7 10.5 3.5 2 0 3 2 2
4597.1 -6065.6 -189.5 274 0 25.1 16.4 10.5 3.5 2 0 3 0 0
4516.2 -6040.5 -184.0 102 0 22.0 16.0 10.5 3.5 2 0 3 1 1
4542.2 -6044.6 -183.2 106 0 17.7 17.9 10.5 3.5 2 1 3 2 2
4571.0 -6053.1 -183.3 100 0 27.7 17.1 10.5 3.5 2 0 3 5 5
4606.7 -6057.0 -181.2 93 0 31.0 17.1 10.5 3.5 2 0 3 1 1
4650.1 -6069.7 -185.8 281 0 20.8 16.7 10.5 3.5 2 0 3 4 4
4522.7 -6110.4 -204.8 282 0 10.8 5.6 5.0 2.5 4 0 2 3 3
4330.0 -5895.4 -155.7 106 0 10.2 22.0 10.5 3.5 2 1 3 3 3
4315.2 -5892.5 -156.5 106 0 10.2 22.0 10.5 0.0 0 1 3 4 4
4300.1 -5887.8 -156.6 110 0 10.2 22.0 10.5 3.5 2 1 3 1 1
4285.9 -5880.6 -155.5 113 0 10.2 22.0 10.5 3.5 2 1 3 4 4
4270.9 -5873.5 -155.2 121 0 10.2 22.0 10.5 3.5 2 1 3 3 3
4259.9 -5862.9 -154.6 126 0 10.2 22.0 10.5 3.5 2 1 3 3 3
4245.0 -5852.2 -155.5 137 0 10.3 22.0 10.5 3.5 2 1 3 1 1
4234.1 -5841.0 -155.6 139 0 10.3 22.0 10.5 3.5 2 1 3 3 3
4118.3 -5808.9 -165.1 113 0 10.2 22.0 14.0 3.5 2 1 4 5 5
4101.9 -5802.6 -166.5 112 0 10.2 22.0 14.0 3.5 2 1 4 4 4
4046.5 -5794.3 -168.3 98 0 10.2 22.0 14.0 3.5 4 1 4 5 5
4029.5 -5793.0 -168.6 96 0 10.2 22.0 14.0 3.5 2 1 4 5 5
4066.9 -5794.0 -167.1 105 0 10.2 22.0 14.0 3.5 4 1 4 1 1
4409.5 -5910.5 -156.5 96 0 21.9 10.3 10.5 3.5 2 0 3 4 4
3629.7 -5659.1 -97.2 290 0 13.3 9.7 10.5 3.5 2 0 3 1 1
3584.9 -5637.8 -93.4 311 0 10.5 9.7 10.5 3.5 2 0 3 3 3
3732.0 -5662.1 -103.4 266 0 10.2 15.4 14.0 3.5 4 1 4 2 2
3757.1 -5656.5 -105.0 266 0 20.0 21.1 14.0 3.5 4 1 4 1 1
4075.3 -5725.8 -157.9 308 0 10.2 22.0 14.0 3.5 4 1 4 1 1
4060.4 -5713.4 -155.8 310 0 10.2 22.0 14.0 3.5 2 1 4 2 2
4049.7 -5698.8 -152.7 326 0 10.3 21.9 14.0 3.5 2 1 4 3 3
3857.2 -5628.4 -118.0 188 0 12.2 24.6 14.0 3.5 2 1 4 4 4
3859.9 -5604.5 -114.0 180 0 12.2 24.6 14.0 3.5 2 1 4 0 0
3857.5 -5580.7 -109.9 172 0 12.2 24.6 14.0 3.5 2 1 4 2 2
3853.8 -5558.4 -108.1 171 0 12.2 24.6 14.0 3.5 2 1 4 0 0
3817.8 -5715.6 -127.5 274 0 9.9 17.8 10.5 3.5 2 1 3 3 3
3835.7 -5725.2 -131.5 230 0 9.9 17.7 10.5 3.5 2 1 3 1 1
3959.4 -5806.2 -173.0 64 0 10.2 22.0 14.0 3.5 2 1 4 1 1
3830.6 -5641.5 -105.5 32 0 15.8 23.1 14.0 3.5 2 1 4 3 3
3838.4 -5609.3 -104.1 8 0 36.9 9.1 10.5 3.5 2 0 3 4 4
4069.3 -5518.9 -107.2 315 0 10.6 30.9 14.0 3.5 2 1 4 4 4
2934.6 -6502.4 -97.7 149 0 11.2 24.5 14.0 3.5 2 1 4 5 5
2908.4 -6470.0 -97.9 133 0 11.2 24.6 14.0 3.5 2 1 4 3 3
2954.6 -6540.5 -93.6 158 0 11.2 24.5 14.0 3.5 2 1 4 3 3
2895.6 -6457.4 -93.7 129 0 8.7 16.3 10.5 3.5 2 1 3 5 5
2973.2 -6578.5 -83.6 150 0 8.7 16.3 10.5 3.5 2 1 3 3 3
2964.1 -6559.6 -87.1 155 0 8.7 16.3 10.5 3.5 2 1 3 3 3
3111.3 -6602.2 -93.2 341 0 19.8 14.4 14.0 3.5 2 0 4 5 5
2802.9 -6312.6 -64.4 305 0 8.0 19.1 7.5 2.5 2 1 3 3 3
2770.8 -6285.9 -57.3 305 0 8.0 19.1 7.5 2.5 2 1 3 3 3
2739.0 -6259.2 -59.6 305 0 8.0 19.1 7.5 0.0 0 1 3 1 1
2671.5 -6207.9 -62.6 305 0 8.0 19.1 2.5 2.5 2 1 1 0 0
2702.2 -6233.0 -60.8 307 0 10.1 15.6 10.0 2.5 2 1 4 4 4
2617.6 -6172.8 -65.1 299 0 10.1 15.6 2.5 2.5 4 1 1 0 0
2580.0 -6153.3 -65.2 293 0 10.1 15.6 5.0 2.5 2 1 2 1 1
2714.8 -6157.9 -98.2 114 0 9.8 26.1 10.5 3.5 4 1 3 2 2
2674.8 -6130.3 -97.2 127 0 9.8 26.1 10.5 0.0 0 1 3 0 0
2543.6 -5975.8 -142.5 262 0 10.0 19.3 14.0 3.5 2 1 4 2 2
2561.8 -5972.0 -144.3 259 0 10.0 19.3 10.5 3.5 2 1 3 1 1
2679.0 -5950.0 -157.5 90 0 9.8 16.7 5.0 2.5 2 1 2 4 4
2648.9 -5944.9 -156.9 90 0 9.8 16.7 7.5 0.0 0 1 3 2 2
2594.0 -5949.2 -153.5 78 0 9.8 16.7 5.0 2.5 2 1 2 1 1
2957.4 -5057.4 -146.5 146 0 21.2 16.2 14.0 3.5 2 0 4 3 3
2530.7 -5912.1 -158.3 90 0 9.8 16.7 2.5 2.5 2 1 1 4 4
3111.3 -5310.7 -153.5 152 0 18.6 17.6 14.0 3.5 2 0 4 5 5
3122.5 -5330.4 -154.1 152 0 18.6 17.6 14.0 3.5 2 0 4 3 3
3133.7 -5349.2 -154.4 152 0 18.6 17.6 14.0 0.0 0 0 4 4 4
3245.7 -5145.9 -83.1 315 0 9.4 32.3 10.5 3.5 2 1 3 4 4
3286.2 -5175.9 -81.9 303 0 9.4 32.4 10.5 3.5 2 1 3 0 0
3225.9 -5109.7 -85.1 350 0 9.4 32.2 10.5 3.5 2 1 3 4 4
3318.3 -5163.7 -57.4 116 0 12.1 24.7 14.0 3.5 2 1 4 0 0
3296.4 -5155.0 -61.1 104 0 12.1 24.8 14.0 3.5 2 1 4 2 2
3259.5 -5130.1 -62.8 142 0 12.1 24.7 14.0 3.5 4 1 4 4 4
3249.4 -5095.8 -62.5 159 0 12.1 24.6 14.0 3.5 2 1 4 2 2
3247.6 -5059.7 -60.8 177 0 12.2 24.6 14.0 3.5 4 1 4 4 4
3248.1 -5031.7 -58.6 169 0 12.1 24.7 14.0 3.5 2 1 4 0 0
2937.6 -5026.1 -144.8 142 0 15.1 14.0 14.0 3.5 2 0 4 5 5
2913.0 -4996.8 -147.5 148 0 46.2 14.5 14.0 3.5 2 0 4 3 3
2886.5 -4954.1 -147.5 148 0 46.2 14.5 14.0 3.5 2 0 4 4 4
2877.4 -4907.5 -143.7 268 0 14.0 15.2 14.0 3.5 2 1 4 1 1
2973.7 -4958.2 -128.7 236 0 17.6 42.6 14.0 3.5 2 1 4 3 3
2945.7 -4841.8 -122.8 119 0 15.6 29.0 12.5 0.0 0 1 5 0 0
3014.2 -5397.2 -181.3 344 0 15.6 15.1 12.5 0.0 0 0 5 5 5
2996.5 -5332.4 -176.5 344 0 15.6 15.1 15.0 0.0 0 0 6 5 5
2987.4 -5301.8 -175.9 344 0 15.6 15.1 10.0 2.5 2 0 4 1 1
-4880.1 -6392.0 -217.7 193 0 15.6 9.8 5.0 2.5 4 0 2 2 2
-1894.0 -1883.7 -184.0 357 0 14.5 11.0 5.0 2.5 2 0 2 0 0
-1947.1 -1861.0 -179.7 271 0 5.6 19.6 5.0 2.5 2 1 2 3 3
-1934.9 -1861.1 -181.1 271 0 11.5 11.1 7.5 2.5 2 0 3 2 2
-1936.7 -1898.4 -181.7 90 0 9.0 13.9 7.5 2.5 2 1 3 2 2
-1904.0 -1978.8 -185.8 3 0 12.6 15.2 7.5 2.5 2 1 3 0 0
-1902.1 -1942.2 -184.9 354 0 11.1 15.6 2.5 2.5 2 1 1 3 3
-1880.2 -1992.3 -189.7 184 0 14.5 33.0 15.0 0.0 0 1 6 0 0
-1843.5 -2040.5 -191.5 5 0 35.6 14.7 10.0 2.5 2 0 4 1 1
-1882.7 -2038.2 -189.3 185 0 37.3 13.8 12.5 2.5 2 0 5 1 1
-952.0 926.9 -186.5 4 0 9.8 20.9 2.5 0.0 0 1 1 5 5
-994.7 859.0 -188.2 94 0 8.0 11.1 5.0 2.5 2 1 2 4 4
-1357.1 -235.4 -187.9 255 0 5.4 5.8 7.5 2.5 2 1 3 5 5
-1383.4 -285.9 -189.2 181 0 12.3 17.4 2.5 2.5 2 1 1 2 2
-1277.5 -462.0 -183.0 83 0 10.8 10.7 2.5 2.5 2 0 1 5 5
-1304.2 -473.0 -187.0 77 0 26.9 19.7 12.5 2.5 2 0 5 4 4
-1352.3 -868.2 -188.1 269 0 9.4 11.5 5.0 2.5 2 1 2 5 5
-1375.2 -884.5 -189.9 271 0 12.0 5.0 5.0 2.5 4 0 2 3 3
-1377.5 -870.0 -190.1 271 0 4.9 12.2 2.5 2.5 2 1 1 1 1
-1396.1 -876.5 -191.7 270 0 7.9 7.2 2.5 2.5 2 0 1 4 4
-1383.5 -908.2 -190.5 92 0 13.6 16.3 7.5 2.5 2 1 3 1 1
-1377.8 -861.1 -190.6 98 0 10.9 18.3 10.0 2.5 2 0 4 1 1
-1387.4 -860.1 -191.3 94 0 8.5 20.9 5.0 2.5 2 0 2 1 1
-1911.6 -1608.3 -181.5 71 0 7.0 13.4 7.5 2.5 2 1 3 0 0
-1947.5 -1603.8 -180.2 99 0 6.1 14.3 7.5 2.5 2 1 3 4 4
-1956.0 -1600.6 -179.9 100 0 7.5 13.2 5.0 2.5 2 1 2 2 2
-1961.6 -1562.5 -179.6 282 0 14.4 18.7 10.0 2.5 2 1 4 4 4
-1864.6 -1658.8 -184.1 184 0 8.4 5.3 7.5 2.5 2 0 3 2 2
-1855.6 -1656.6 -184.7 195 0 12.2 9.8 7.5 2.5 2 0 3 4 4
-1837.0 -1669.4 -185.6 97 0 5.0 7.0 7.5 0.0 0 1 3 4 4
-1834.8 -1684.0 -186.1 91 0 6.5 8.2 5.0 2.5 2 1 2 1 1
-1818.1 -1664.5 -186.5 96 0 7.0 11.2 7.5 2.5 2 1 3 2 2
-1805.3 -1644.2 -186.6 351 0 6.6 7.4 5.0 2.5 2 0 2 5 5
-1790.3 -1665.3 -187.9 12 0 11.7 14.7 7.5 2.5 2 1 3 2 2
-1780.2 -1608.1 -188.3 2 0 11.9 12.8 2.5 2.5 2 1 1 2 2
-1792.8 -1592.4 -187.4 358 0 7.5 6.8 7.5 2.5 2 0 3 4 4
-1808.2 -1561.7 -186.5 358 0 10.5 11.6 5.0 2.5 2 1 2 2 2
-1835.1 -1577.1 -185.3 179 0 14.0 10.9 5.0 2.5 2 0 2 4 4
-1823.9 -1558.9 -185.5 357 0 17.2 11.9 7.5 2.5 2 0 3 5 5
-1799.1 -1607.2 -187.1 4 0 9.1 11.6 7.5 2.5 2 1 3 0 0
-2931.4 -3600.7 -107.1 186 0 18.2 7.9 5.0 2.5 2 0 2 1 1
-2557.0 -2299.4 -98.9 108 0 15.1 16.4 5.0 0.0 0 1 2 3 3
-1863.0 -1831.6 -185.9 100 0 4.6 14.7 7.5 2.5 4 1 3 0 0
-1959.8 -1755.9 -177.4 264 0 10.8 62.6 12.5 2.5 2 1 5 2 2
-1444.6 918.1 -211.6 180 0 6.8 10.8 2.5 2.5 2 1 1 5 5
-2246.0 -1379.4 -134.8 334 0 4.6 9.5 5.0 2.5 2 1 2 1 1
-2251.0 -1356.5 -130.5 324 0 5.3 7.9 2.5 2.5 2 1 1 5 5
-2234.4 -1364.7 -134.0 326 0 8.0 13.5 5.0 0.0 0 1 2 1 1
-2245.5 -1387.3 -136.2 332 0 5.4 6.6 5.0 2.5 2 1 2 1 1
-2270.4 -1392.0 -134.3 150 0 5.9 6.8 5.0 0.0 0 1 2 1 1
-2280.1 -1356.5 -128.2 246 0 8.8 7.6 7.5 2.5 2 0 3 5 5
-1446.0 938.3 -212.1 180 0 5.5 11.3 5.0 2.5 4 1 2 2 2
-1418.9 948.9 -213.6 272 0 11.3 33.4 12.5 2.5 2 1 5 1 1
-1463.9 1160.1 -210.4 3 0 15.6 13.5 7.5 2.5 2 0 3 5 5
-1466.0 1147.8 -210.6 4 0 4.9 12.1 5.0 2.5 2 1 2 3 3
-1470.4 1106.5 -211.5 355 0 12.1 7.1 5.0 2.5 2 0 2 3 3
-1455.4 1093.8 -213.0 182 0 12.1 26.8 12.5 2.5 2 1 5 1 1
-1438.3 1204.3 -211.2 189 0 10.6 11.1 7.5 2.5 2 1 3 4 4
-1443.4 1186.2 -210.7 191 0 23.7 14.3 10.0 0.0 0 0 4 5 5
-1462.2 1234.3 -208.1 2 0 8.0 14.5 5.0 2.5 2 1 2 2 2
-1452.1 1219.3 -209.5 16 0 6.3 10.1 5.0 2.5 4 1 2 5 5
-1453.1 1211.5 -209.5 17 0 5.5 13.7 5.0 2.5 2 1 2 3 3
-1454.6 1202.3 -209.4 16 0 9.4 14.5 2.5 2.5 2 1 1 3 3
-1457.8 1193.2 -209.3 16 0 6.6 15.2 5.0 2.5 2 1 2 3 3
-1647.0 1128.3 -188.0 105 0 31.2 12.7 10.0 2.5 2 0 4 0 0
-1721.2 1097.7 -183.4 43 0 11.5 6.5 5.0 2.5 2 0 2 5 5
-1700.6 1141.5 -182.3 103 0 20.2 10.0 5.0 2.5 2 0 2 0 0
-1841.0 1205.7 -168.3 308 0 6.4 11.9 5.0 2.5 4 1 2 3 3
-1955.1 1271.4 -157.5 117 0 8.5 12.0 2.5 2.5 2 1 1 4 4
-2104.0 1229.0 -141.8 200 0 10.7 10.4 7.5 2.5 2 0 3 5 5
-2075.5 1233.5 -142.8 23 0 11.5 13.4 5.0 2.5 2 1 2 2 2
-2058.5 1255.0 -144.2 5 0 4.3 12.6 5.0 2.5 2 1 2 5 5
-2039.2 1317.7 -147.5 198 0 12.1 14.8 2.5 2.5 2 1 1 2 2
-2043.9 1300.8 -147.4 184 0 11.9 17.4 7.5 2.5 2 1 3 3 3
-2045.1 1285.6 -147.2 185 0 9.1 14.6 7.5 2.5 2 1 3 3 3
-2051.5 1273.3 -144.7 5 0 5.5 8.8 2.5 2.5 2 1 1 2 2
-1820.9 651.8 -188.4 4 0 11.6 18.6 2.5 0.0 0 1 1 4 4
-1825.3 677.4 -186.8 356 0 8.2 19.6 5.0 2.5 2 1 2 0 0
-1840.4 702.3 -184.5 342 0 10.4 13.5 7.5 2.5 2 1 3 5 5
-2039.1 718.8 -176.9 169 0 11.6 7.8 2.5 2.5 2 0 1 0 0
-2022.5 761.2 -177.0 77 0 7.1 13.0 5.0 2.5 2 1 2 5 5
-2003.7 767.5 -177.5 73 0 4.1 10.8 5.0 2.5 4 1 2 3 3
-2005.8 801.9 -177.5 260 0 10.2 12.5 7.5 2.5 2 1 3 5 5
-1968.2 807.7 -178.4 89 0 6.9 17.0 2.5 2.5 2 1 1 5 5
-1950.8 752.5 -179.2 265 0 3.3 13.8 5.0 2.5 2 1 2 5 5
-1963.4 767.1 -178.9 266 0 10.7 13.2 5.0 2.5 2 1 2 2 2
-1878.8 770.7 -181.1 354 0 11.2 23.1 10.0 2.5 2 1 4 0 0
-1920.4 791.4 -180.1 252 0 7.9 16.3 7.5 2.5 2 1 3 4 4
-1921.8 763.4 -180.1 261 0 10.7 4.6 2.5 0.0 0 0 1 3 3
-1935.2 766.0 -179.7 263 0 10.5 16.3 7.5 2.5 2 1 3 1 1
-1954.7 774.3 -179.1 164 0 3.7 10.3 7.5 2.5 2 0 3 3 3
-1948.8 774.1 -179.3 254 0 10.4 8.7 7.5 2.5 2 0 3 1 1
-1943.6 781.6 -179.4 163 0 4.8 10.8 7.5 2.5 2 0 3 3 3
-1937.6 781.0 -179.5 253 0 10.7 4.3 7.5 2.5 2 0 3 2 2
-1936.3 776.9 -179.6 252 0 10.5 3.7 5.0 2.5 2 0 2 2 2
-1928.0 814.9 -179.7 161 0 4.6 11.0 5.0 0.0 0 1 2 2 2
-1907.3 800.9 -180.2 70 0 7.1 11.0 5.0 2.5 2 1 2 2 2
-1934.4 792.0 -179.5 64 0 15.2 14.9 5.0 2.5 2 0 2 4 4
-1950.6 834.0 -179.0 257 0 11.7 11.2 5.0 2.5 2 0 2 4 4
-1557.2 200.9 -210.6 248 0 14.0 31.7 12.5 2.5 2 1 5 1 1
-1537.0 212.5 -212.0 255 0 13.5 34.0 12.5 2.5 2 1 5 4 4
-1198.1 -481.4 -175.1 70 0 12.5 10.2 5.0 2.5 2 0 2 3 3
-1564.2 -921.5 -202.3 280 0 9.0 17.0 7.5 2.5 2 1 3 2 2
-51.2 -6115.0 208.2 177 0 13.3 6.7 5.0 2.5 2 0 2 5 5
-45.5 -6098.8 207.6 180 0 16.3 7.5 5.0 2.5 2 0 2 0 0
-16.8 -6092.5 208.1 348 0 18.8 7.6 7.5 2.5 2 0 3 0 0
-24.3 -6094.1 207.9 348 0 18.8 7.6 5.0 2.5 2 0 2 0 0
-11.0 -6068.7 204.9 358 0 9.6 5.4 2.5 2.5 2 0 1 5 5
-24.2 -6054.9 201.8 259 0 6.4 13.8 7.5 2.5 2 1 3 3 3
-65.8 -6068.1 201.9 153 0 12.9 5.3 2.5 2.5 2 0 1 0 0
-53.3 -6098.8 207.4 180 0 14.2 7.8 7.5 2.5 2 0 3 0 0
-31.6 -6135.3 209.9 342 0 5.7 5.9 5.0 2.5 4 1 2 1 1
-40.7 -6153.2 210.4 155 0 8.0 4.6 5.0 2.5 2 0 2 3 3
-27.0 -6155.5 210.2 72 0 7.4 16.7 2.5 2.5 2 1 1 3 3
