-3178.4 -1803.1 38.8 359 0 9.3 11.2 7.5 2.5 2 1 3 2 2
-3162.3 -1768.1 42.9 188 0 9.8 7.2 7.5 2.5 2 0 3 5 5
-148.0 1041.5 70.3 175 0 16.3 10.7 5.0 2.5 2 0 2 4 4
-3070.9 -1769.4 47.8 30 0 11.2 13.5 2.5 0.0 0 1 1 3 3
-3079.1 -1683.9 52.3 9 0 7.2 8.9 5.0 2.5 2 1 2 5 5
-3073.3 -1660.7 52.9 356 0 12.9 24.1 12.5 2.5 2 1 5 4 4
-3084.7 -1644.7 54.2 268 0 7.9 6.7 7.5 2.5 2 0 3 2 2
-3118.4 -1630.8 54.0 189 0 5.9 8.2 5.0 2.5 2 1 2 0 0
-3126.0 -1654.1 51.7 281 0 19.3 10.4 5.0 2.5 2 0 2 0 0
-3161.3 -1628.9 51.9 272 0 8.2 11.5 7.5 2.5 4 1 3 2 2
-3159.6 -1644.3 51.5 1 0 4.8 6.6 7.5 2.5 4 1 3 1 1
-3168.0 -1654.6 50.6 181 0 12.5 7.3 2.5 2.5 2 0 1 4 4
-3178.5 -1653.3 50.0 181 0 14.5 9.2 5.0 2.5 2 0 2 2 2
-3171.3 -1681.9 48.7 93 0 6.2 11.0 5.0 2.5 2 1 2 0 0
-3178.9 -1681.6 48.3 92 0 7.3 11.7 2.5 2.5 2 1 1 0 0
-2873.5 -1501.7 81.0 107 0 7.9 8.2 5.0 2.5 2 1 2 4 4
-1458.8 2241.6 21.8 247 0 6.8 4.6 5.0 2.5 2 0 2 3 3
-1442.8 2217.5 22.9 69 0 15.1 11.2 5.0 2.5 2 0 2 2 2
-1489.8 2196.2 17.3 67 0 35.1 10.8 12.5 2.5 2 0 5 5 5
-5706.9 844.9 -61.1 179 0 7.2 8.6 7.5 2.5 2 1 3 2 2
-5700.4 864.4 -61.9 200 0 10.0 11.6 7.5 2.5 2 1 3 3 3
-5689.5 849.4 -60.9 179 0 13.2 8.8 2.5 2.5 2 0 1 4 4
-5683.6 797.3 -58.0 91 0 8.5 8.1 7.5 2.5 2 0 3 4 4
-5707.8 787.3 -58.1 166 0 13.5 16.9 5.0 2.5 2 1 2 0 0
-6437.4 -766.2 -66.0 70 0 18.0 10.6 7.5 2.5 2 0 3 3 3
-6619.8 -633.3 -71.0 90 0 11.4 11.6 7.5 2.5 2 1 3 4 4
-6641.7 -652.8 -71.5 80 0 15.8 11.2 7.5 2.5 2 0 3 1 1
-6035.1 1613.7 -57.4 186 0 8.3 14.8 2.5 2.5 2 1 1 2 2
-6016.6 1659.4 -60.8 203 0 11.7 7.9 7.5 2.5 2 0 3 0 0
-5528.5 2211.3 -84.5 100 0 7.3 6.9 7.5 2.5 2 0 3 5 5
-5508.2 2218.0 -84.6 283 0 9.1 8.6 5.0 2.5 2 0 2 3 3
-2748.0 1325.8 -46.6 26 0 9.6 9.6 5.0 2.5 2 0 2 0 0
-2749.9 1274.3 -44.9 114 0 14.8 13.8 7.5 2.5 4 0 3 4 4
-3551.3 1472.5 -50.2 272 0 8.5 13.6 7.5 2.5 4 1 3 4 4
-3522.6 1463.5 -49.3 278 0 10.1 10.0 5.0 2.5 2 0 2 5 5
-3527.7 1486.0 -50.5 92 0 9.6 8.5 5.0 2.5 2 0 2 5 5
-2741.1 1512.0 -46.8 282 0 10.5 10.3 5.0 2.5 2 0 2 5 5
-2743.8 1251.4 -43.1 308 0 9.0 9.7 5.0 2.5 2 1 2 5 5
-2754.2 1257.9 -43.1 300 0 7.1 8.0 2.5 2.5 2 1 1 5 5
-2730.7 1235.2 -42.7 307 0 18.8 11.4 7.5 2.5 4 0 3 1 1
-2716.1 1222.4 -42.5 307 0 8.3 11.6 5.0 2.5 2 1 2 2 2
-2620.0 1090.8 -37.3 294 0 3.8 12.1 5.0 2.5 2 0 2 3 3
-2642.1 1087.4 -36.7 197 0 8.6 11.1 5.0 2.5 2 1 2 0 0
-2556.3 1012.4 -34.2 148 0 13.7 11.4 5.0 2.5 2 0 2 5 5
-2294.0 682.6 -27.7 298 0 10.8 12.0 7.5 2.5 2 1 3 2 2
