6746.2 4872.5 55.7 266 0 17.4 12.5 2.5 2.5 2 0 1 5 5
6693.6 4841.9 57.1 295 0 12.5 8.7 7.5 2.5 2 0 3 2 2
-5947.5 4885.1 6.8 14 0 9.9 10.0 2.5 2.5 2 1 1 2 2
-5832.2 4828.5 5.1 273 0 8.6 6.3 5.0 2.5 2 0 2 0 0
-5825.1 4845.4 5.0 106 0 15.0 11.9 5.0 2.5 2 0 2 4 4
-5899.5 4816.7 5.4 180 0 6.9 12.2 7.5 2.5 2 1 3 5 5
-5906.5 4795.0 4.5 104 0 12.0 12.2 7.5 2.5 2 1 3 4 4
-5916.1 4818.7 5.1 76 0 9.3 4.7 5.0 2.5 2 0 2 3 3
-1110.0 3656.7 -14.4 312 0 10.3 16.0 5.0 0.0 0 1 2 3 3
-1091.8 3688.0 -15.5 221 0 15.0 11.0 7.5 2.5 2 0 3 2 2
-1112.7 3742.0 -16.9 112 0 22.8 10.5 2.5 2.5 2 0 1 1 1
-1086.5 3755.1 -17.4 21 0 14.5 37.0 12.5 2.5 2 1 5 2 2
-1074.6 3781.7 -18.8 22 0 11.3 37.4 10.0 2.5 4 1 4 0 0
-1128.5 3811.1 -19.2 293 0 37.2 12.5 7.5 2.5 2 0 3 2 2
-1145.3 3770.8 -17.6 112 0 36.7 13.9 7.5 2.5 2 0 3 5 5
-1144.4 3754.1 -16.9 107 0 21.8 8.9 7.5 2.5 4 0 3 0 0
-1348.1 3746.9 -15.3 201 0 12.5 27.1 10.0 2.5 2 1 4 2 2
-1502.6 3568.7 -10.7 15 0 11.8 11.0 7.5 2.5 2 0 3 3 3
-1497.6 3581.4 -10.9 14 0 9.4 13.5 7.5 2.5 2 1 3 5 5
-1436.7 3610.8 -11.2 286 0 10.5 29.8 10.0 2.5 2 1 4 2 2
-1419.5 3687.3 -13.2 6 0 12.0 9.1 7.5 2.5 2 0 3 5 5
-1383.4 3795.0 -16.3 188 0 5.0 17.4 5.0 2.5 2 1 2 3 3
-1351.4 3770.8 -15.9 97 0 14.6 7.8 5.0 2.5 2 0 2 1 1
-1349.4 3787.8 -16.5 104 0 18.7 13.2 2.5 2.5 2 0 1 1 1
-1299.0 3787.9 -16.7 7 0 12.1 9.7 7.5 2.5 2 0 3 4 4
3851.2 -2494.4 -44.7 203 0 34.1 20.8 12.5 0.0 0 0 5 2 2
-4580.1 5223.0 3.2 271 0 4.6 7.8 5.0 2.5 2 1 2 4 4
-4592.3 5200.5 2.9 97 0 8.0 15.0 7.5 2.5 4 1 3 5 5
-4604.7 5204.0 2.9 97 0 12.7 9.1 5.0 2.5 2 0 2 2 2
-4634.2 5322.7 4.1 183 0 17.8 13.1 10.0 2.5 4 0 4 1 1
-4604.3 5272.8 3.8 91 0 6.7 11.2 5.0 2.5 4 1 2 0 0
-4601.1 5257.3 3.6 91 0 15.2 10.9 5.0 0.0 0 0 2 4 4
-4612.9 5249.1 3.3 273 0 9.1 8.3 5.0 0.0 0 0 2 5 5
-4531.2 5203.8 0.2 1 0 10.5 9.7 5.0 2.5 4 0 2 4 4
-4544.5 5202.7 1.1 1 0 12.7 10.0 7.5 0.0 0 0 3 1 1
-4534.2 5217.2 0.7 359 0 10.1 24.4 7.5 2.5 2 1 3 1 1
-4549.6 5236.4 1.4 271 0 19.2 9.0 7.5 2.5 2 0 3 0 0
-4526.6 5231.6 -0.3 177 0 13.5 9.6 5.0 2.5 2 0 2 5 5
-4520.4 5211.0 -1.3 178 0 11.0 12.6 2.5 2.5 2 1 1 4 4
-4520.8 5158.6 -1.8 271 0 9.8 4.8 7.5 2.5 4 0 3 1 1
-4536.6 5164.3 -0.6 275 0 9.2 10.8 2.5 2.5 4 1 1 5 5
-4535.3 5093.6 -2.2 109 0 12.5 13.0 7.5 2.5 2 1 3 1 1
-4518.2 5094.9 -2.9 19 0 12.9 7.9 7.5 0.0 0 0 3 0 0
-3393.0 -394.5 -23.2 103 0 19.9 16.1 10.0 2.5 2 0 4 0 0
-1896.4 2959.3 -9.0 299 0 8.1 9.3 2.5 0.0 0 1 1 3 3
-1904.9 2971.3 -9.9 119 0 9.9 14.7 5.0 0.0 0 1 2 2 2
-1883.6 2981.9 -7.9 121 0 9.6 9.0 5.0 0.0 0 0 2 5 5
-1888.3 2953.8 -8.2 298 0 9.6 10.7 7.5 2.5 2 1 3 3 3
-1868.0 2953.2 -6.0 119 0 14.5 8.7 2.5 2.5 2 0 1 0 0
-1828.8 3169.8 -8.3 281 0 8.1 8.5 5.0 2.5 4 1 2 5 5
-1749.9 3111.4 -4.6 26 0 11.7 21.2 2.5 2.5 2 1 1 1 1
-971.1 3931.9 -27.3 15 0 13.5 9.4 5.0 2.5 2 0 2 0 0
-1347.1 4109.7 -30.6 11 0 87.8 11.0 10.0 2.5 4 0 4 4 4
-1103.8 3143.6 14.7 313 0 13.3 23.3 10.0 0.0 0 1 4 1 1
-1380.0 6169.2 -65.3 195 0 11.5 35.6 12.5 2.5 2 1 5 3 3
-1340.8 6193.1 -65.6 89 0 9.9 37.5 7.5 2.5 2 1 3 5 5
-1314.8 6185.3 -61.6 198 0 13.0 45.9 12.5 2.5 2 1 5 3 3
-4464.3 -1573.8 13.2 213 0 10.6 11.2 10.0 2.5 2 1 4 3 3
-4287.6 -1547.4 8.5 106 0 26.4 16.4 10.0 2.5 2 0 4 5 5
-4831.3 -1787.8 2.5 207 0 10.6 13.5 7.5 2.5 4 1 3 1 1
-4777.9 -1833.1 8.7 117 0 14.6 17.7 12.5 2.5 2 1 5 2 2
-4064.7 -1075.2 -11.7 25 0 14.4 17.5 12.5 2.5 2 1 5 2 2
-4445.7 -665.1 -24.7 278 0 5.6 5.5 5.0 2.5 2 0 2 2 2
-4453.5 -693.5 -23.2 190 0 6.4 6.6 7.5 0.0 0 1 3 5 5
-4444.7 -432.2 -25.8 179 0 12.1 17.7 7.5 2.5 2 1 3 0 0
-3918.9 4103.6 -22.5 1 0 57.5 9.7 7.5 2.5 2 0 3 0 0
-4021.7 4452.3 -14.6 275 0 9.7 50.5 7.5 2.5 2 1 3 5 5
-4041.4 4455.7 -14.1 275 0 9.6 49.9 7.5 2.5 2 1 3 4 4
-3377.9 4139.1 -41.2 302 0 6.0 7.6 5.0 2.5 2 1 2 1 1
366.0 2649.9 -5.4 113 0 12.9 5.9 5.0 2.5 2 0 2 4 4
391.2 2653.3 -5.3 107 0 7.3 7.2 5.0 2.5 2 0 2 5 5
373.9 2665.8 -4.8 102 0 11.9 8.2 2.5 2.5 2 0 1 5 5
385.2 2665.0 -4.9 106 0 7.6 9.2 7.5 2.5 2 1 3 0 0
391.5 2688.0 -4.5 287 0 7.4 11.6 5.0 0.0 0 1 2 1 1
375.9 2680.3 -4.3 103 0 7.3 12.8 7.5 2.5 2 1 3 3 3
361.0 2729.6 -2.9 284 0 9.1 12.6 2.5 2.5 2 1 1 1 1
323.2 2700.3 -3.4 196 0 5.3 12.9 5.0 2.5 2 1 2 0 0
300.1 2684.7 -3.9 281 0 13.6 8.8 7.5 2.5 2 0 3 3 3
340.8 2657.2 -4.9 26 0 8.1 7.8 7.5 2.5 2 0 3 3 3
334.9 2637.3 -5.6 19 0 9.4 8.4 5.0 0.0 0 0 2 1 1
320.2 2634.9 -5.5 15 0 6.9 6.2 2.5 2.5 4 0 1 5 5
305.7 2609.0 -6.6 194 0 8.8 14.6 5.0 2.5 2 1 2 2 2
806.9 2487.7 -20.5 183 0 15.1 15.7 2.5 2.5 2 1 1 0 0
710.0 3319.0 -11.5 281 0 6.5 6.2 5.0 2.5 2 0 2 0 0
683.3 3333.1 -9.6 91 0 6.6 5.8 7.5 2.5 2 0 3 2 2
754.9 3275.7 -14.7 279 0 19.5 19.4 10.0 2.5 2 0 4 4 4
861.1 3020.4 -17.1 10 0 56.1 9.9 7.5 2.5 2 0 3 4 4
589.1 2966.0 -7.0 277 0 21.4 13.8 12.5 2.5 2 0 5 0 0
539.9 2951.5 -5.5 282 0 32.4 15.1 10.0 2.5 2 0 4 2 2
698.1 2858.3 -9.2 282 0 12.3 11.9 5.0 2.5 2 0 2 2 2
760.1 2856.0 -11.2 284 0 13.6 15.1 2.5 2.5 2 1 1 3 3
806.9 2793.0 -13.0 188 0 10.0 7.1 5.0 2.5 2 0 2 5 5
818.5 2763.7 -14.2 192 0 10.1 12.2 5.0 2.5 2 1 2 4 4
851.6 2738.5 -15.8 3 0 52.4 10.3 17.5 0.0 0 0 7 4 4
741.1 2607.8 -15.4 95 0 14.0 14.7 2.5 2.5 2 1 1 3 3
638.3 2710.0 -10.3 285 0 6.4 11.7 5.0 2.5 2 1 2 1 1
602.9 2662.4 -10.4 107 0 12.8 8.7 2.5 2.5 2 0 1 4 4
603.6 2744.5 -9.5 283 0 8.9 65.7 7.5 2.5 2 1 3 3 3
1666.5 4734.8 -42.2 286 0 11.0 9.4 5.0 2.5 4 0 2 2 2
1708.9 4632.1 -43.5 281 0 9.3 9.2 5.0 2.5 2 0 2 1 1
1723.7 4672.0 -43.5 105 0 11.9 8.6 2.5 2.5 2 0 1 0 0
1727.9 4656.4 -43.7 103 0 10.9 4.7 5.0 2.5 2 0 2 2 2
1726.0 4631.2 -43.8 283 0 8.8 15.0 7.5 2.5 2 1 3 1 1
1742.8 4632.1 -44.1 283 0 12.7 12.4 10.0 2.5 2 0 4 5 5
2065.7 3195.1 -43.2 107 0 13.4 13.5 7.5 2.5 2 1 3 3 3
1563.8 2591.3 -38.2 12 0 19.5 9.5 7.5 0.0 0 0 3 5 5
1523.3 2552.5 -37.7 184 0 14.3 22.3 10.0 2.5 2 1 4 2 2
1397.4 1895.9 -38.7 103 0 10.8 15.1 5.0 2.5 2 1 2 5 5
1499.5 1914.4 -41.0 275 0 16.4 15.3 7.5 2.5 2 0 3 1 1
1472.3 2311.0 -36.6 277 0 7.1 8.0 7.5 0.0 0 1 3 0 0
1472.5 2332.0 -36.5 184 0 9.1 6.4 7.5 2.5 4 0 3 5 5
1412.2 2260.3 -36.3 98 0 9.7 57.8 7.5 2.5 2 1 3 2 2
1299.8 2406.9 -33.7 181 0 11.5 11.8 7.5 2.5 2 1 3 2 2
1343.0 2371.8 -34.5 91 0 18.6 21.1 7.5 2.5 2 1 3 4 4
1327.4 2395.2 -34.0 91 0 10.1 13.8 5.0 2.5 2 0 2 5 5
1375.7 2385.4 -34.7 93 0 7.5 12.4 2.5 2.5 2 1 1 1 1
1380.9 2417.6 -34.5 3 0 13.6 9.7 7.5 2.5 4 0 3 1 1
1395.3 2354.5 -35.4 272 0 6.4 28.1 5.0 2.5 2 1 2 4 4
1439.2 2393.8 -35.5 280 0 8.7 10.8 7.5 2.5 2 1 3 5 5
1435.8 2349.4 -35.8 284 0 6.3 10.4 5.0 2.5 4 1 2 3 3
907.9 2419.8 -24.4 96 0 10.8 12.2 2.5 2.5 2 1 1 3 3
782.2 2463.2 -20.0 106 0 13.0 7.2 7.5 2.5 2 0 3 4 4
774.6 2447.0 -20.4 285 0 17.0 11.9 7.5 2.5 2 0 3 2 2
746.1 2449.5 -19.5 283 0 14.9 11.2 5.0 2.5 2 0 2 0 0
685.0 2390.1 -19.6 194 0 69.2 9.1 7.5 2.5 2 0 3 3 3
711.2 2477.6 -18.5 284 0 9.1 56.6 7.5 2.5 2 0 3 5 5
561.5 2500.0 -13.0 105 0 10.6 65.8 10.0 2.5 2 1 4 0 0
541.5 2509.9 -12.2 106 0 8.6 62.5 7.5 2.5 2 1 3 1 1
198.0 2614.2 -4.4 292 0 9.2 7.9 7.5 2.5 2 0 3 1 1
168.2 2651.5 -0.1 295 0 8.2 11.4 2.5 2.5 4 1 1 3 3
172.9 2609.5 -3.1 145 0 8.6 12.9 5.0 2.5 2 1 2 2 2
195.7 2597.1 -4.5 30 0 10.7 9.4 5.0 0.0 0 0 2 1 1
182.9 2583.8 -4.8 122 0 14.0 9.6 7.5 2.5 4 0 3 0 0
243.7 2485.4 -10.2 113 0 9.1 10.0 7.5 0.0 0 1 3 2 2
299.2 2532.9 -9.1 23 0 17.9 12.9 2.5 2.5 2 0 1 3 3
305.3 2545.2 -8.5 22 0 3.8 13.8 5.0 2.5 2 1 2 1 1
286.6 2450.5 -11.9 192 0 6.8 9.8 2.5 2.5 2 1 1 3 3
298.0 2437.6 -12.2 108 0 4.8 18.6 2.5 2.5 2 1 1 2 2
305.0 2524.5 -9.6 194 0 12.3 15.6 5.0 2.5 2 1 2 2 2
313.2 2505.1 -10.4 204 0 15.4 10.5 5.0 2.5 4 0 2 2 2
356.8 2389.9 -14.5 108 0 12.5 7.6 5.0 2.5 2 0 2 4 4
390.2 2429.9 -13.4 21 0 7.4 5.9 7.5 2.5 4 0 3 5 5
340.1 2439.4 -12.6 108 0 10.8 46.1 12.5 2.5 2 1 5 4 4
368.4 2484.0 -11.2 14 0 4.5 8.8 7.5 2.5 2 1 3 0 0
382.9 2522.3 -10.1 14 0 14.0 17.0 5.0 2.5 2 1 2 2 2
426.8 2532.6 -10.0 101 0 9.1 7.9 2.5 2.5 2 0 1 5 5
445.2 2529.0 -10.4 101 0 28.4 7.9 5.0 2.5 2 0 2 2 2
483.5 2522.8 -10.8 108 0 8.8 10.3 7.5 2.5 2 1 3 5 5
492.0 2632.3 -8.0 16 0 24.5 6.0 2.5 2.5 2 0 1 1 1
504.8 2726.8 -6.0 33 0 5.6 11.2 7.5 2.5 4 1 3 0 0
497.1 2742.6 -5.8 209 0 6.9 11.0 5.0 2.5 2 1 2 5 5
503.4 2679.0 -7.1 19 0 10.6 13.3 7.5 2.5 2 1 3 0 0
495.3 2695.6 -6.5 31 0 8.9 9.2 2.5 2.5 2 1 1 3 3
458.1 2703.8 -6.1 210 0 8.8 23.7 5.0 2.5 4 1 2 2 2
456.5 2630.9 -7.2 104 0 17.7 15.4 12.5 2.5 2 0 5 1 1
496.5 2563.8 -9.6 19 0 4.2 11.3 5.0 2.5 2 1 2 3 3
475.9 2557.4 -9.6 21 0 12.1 7.5 7.5 2.5 2 0 3 5 5
458.7 2559.2 -9.3 107 0 7.7 6.5 5.0 2.5 2 0 2 4 4
453.0 2621.6 -8.0 291 0 8.3 30.6 7.5 2.5 2 1 3 5 5
422.4 2607.2 -7.8 195 0 16.4 16.8 15.0 0.0 0 1 6 2 2
395.8 2603.3 -7.3 15 0 10.5 8.7 7.5 2.5 2 0 3 5 5
374.2 2620.2 -7.0 287 0 6.0 18.6 5.0 0.0 0 1 2 0 0
1295.6 5370.0 -13.2 116 0 5.7 17.8 5.0 2.5 2 0 2 5 5
1362.6 5316.0 -17.9 103 0 11.0 7.8 7.5 2.5 2 0 3 2 2
1396.9 5344.1 -18.1 203 0 8.8 5.5 7.5 2.5 2 0 3 2 2
1347.2 5351.4 -16.1 282 0 10.8 4.5 2.5 2.5 2 0 1 4 4
1355.0 5341.0 -17.7 202 0 11.3 22.7 10.0 2.5 2 1 4 1 1
1673.1 4680.8 -42.7 92 0 8.1 15.1 2.5 2.5 4 1 1 1 1
1640.1 4609.1 -42.6 94 0 11.8 5.2 7.5 0.0 0 0 3 1 1
1651.8 4628.1 -42.6 282 0 5.7 9.5 5.0 2.5 2 0 2 3 3
1669.5 4629.6 -43.0 279 0 10.7 11.6 7.5 2.5 2 1 3 1 1
1667.5 4673.8 -42.6 100 0 7.5 6.8 5.0 2.5 2 0 2 3 3
1633.0 4672.6 -42.1 96 0 12.9 8.2 5.0 2.5 2 0 2 5 5
1612.9 4657.4 -41.9 276 0 8.9 8.4 7.5 2.5 2 0 3 4 4
1577.8 4676.5 -41.2 98 0 14.2 12.3 7.5 2.5 2 0 3 2 2
1638.3 4647.0 -42.3 275 0 6.0 7.8 7.5 2.5 2 1 3 3 3
1637.7 4632.7 -42.5 279 0 15.0 12.0 2.5 2.5 2 0 1 5 5
1637.9 4719.8 -42.0 186 0 20.4 16.1 10.0 2.5 2 0 4 4 4
1681.8 4696.5 -42.7 95 0 12.6 16.1 5.0 2.5 2 1 2 3 3
-572.3 -249.3 -0.6 90 0 12.2 27.1 7.5 2.5 2 1 3 4 4
-595.0 -162.4 -0.6 173 0 12.3 3.5 5.0 2.5 2 0 2 5 5
739.2 1294.4 -32.4 199 0 22.3 9.7 2.5 2.5 2 0 1 1 1
627.6 1234.3 -30.2 229 0 61.9 22.9 12.5 2.5 2 0 5 1 1
666.8 1292.9 -29.9 108 0 4.7 39.0 5.0 2.5 2 0 2 5 5
634.4 1294.2 -29.7 108 0 57.7 57.1 10.0 0.0 0 0 4 4 4
-1229.5 6449.9 -51.7 264 0 15.1 9.0 5.0 2.5 2 0 2 0 0
-1203.8 6448.4 -50.5 354 0 9.8 16.4 5.0 2.5 2 0 2 4 4
-1142.0 6567.3 -42.7 0 0 10.2 9.1 5.0 2.5 2 0 2 3 3
-1174.2 6545.5 -46.5 0 0 20.4 10.1 5.0 2.5 2 0 2 4 4
-1203.0 6406.0 -52.6 355 0 4.9 12.1 2.5 2.5 2 1 1 5 5
-1208.1 6428.8 -51.7 352 0 17.0 16.2 12.5 2.5 2 0 5 2 2
-1251.1 6445.1 -52.6 174 0 4.9 13.1 7.5 2.5 2 0 3 0 0
-1247.6 6440.8 -52.5 174 0 4.5 10.0 5.0 2.5 2 0 2 4 4
2095.1 1306.8 -31.9 202 0 52.4 83.0 17.5 0.0 0 1 7 0 0
2243.7 1306.0 -24.8 281 0 24.6 83.5 10.0 0.0 0 1 4 0 0
2272.2 1203.5 -19.5 129 0 23.7 85.2 12.5 0.0 0 1 5 4 4
2360.2 1302.6 -20.8 26 0 68.8 43.3 10.0 0.0 0 0 4 4 4
3293.3 4341.6 -63.6 107 0 50.2 51.1 10.0 0.0 0 1 4 1 1
3343.5 4428.0 -61.2 17 0 75.1 44.2 12.5 0.0 0 0 5 4 4
2997.5 3748.3 -58.3 16 0 73.7 10.5 12.5 2.5 2 0 5 4 4
2274.1 1293.4 -23.1 295 0 32.4 13.0 12.5 2.5 2 0 5 1 1
2212.8 1653.2 -38.6 290 0 54.5 79.8 12.5 0.0 0 1 5 1 1
2150.7 1514.0 -38.3 27 0 45.3 55.8 10.0 0.0 0 1 4 2 2
2160.0 1739.0 -42.9 209 0 20.8 77.7 12.5 0.0 0 1 5 4 4
2192.3 1756.7 -42.5 210 0 33.5 57.7 15.0 0.0 0 1 6 3 3
2222.1 1666.7 -39.3 21 0 7.7 35.1 7.5 2.5 2 1 3 0 0
2063.2 1560.6 -42.4 298 0 55.8 22.5 10.0 2.5 2 0 4 5 5
1862.4 666.8 -21.4 11 0 56.4 67.6 15.0 0.0 0 1 6 1 1
1892.1 715.8 -21.5 175 0 44.8 24.7 12.5 0.0 0 0 5 5 5
1951.4 440.5 -24.9 266 0 54.0 58.9 15.0 0.0 0 1 6 4 4
2088.8 454.5 -18.3 283 0 101.5 91.6 12.5 0.0 0 0 5 3 3
2128.7 160.7 -29.6 86 0 27.1 68.4 10.0 0.0 0 1 4 0 0
2712.8 -82.4 -43.8 177 0 66.0 46.2 10.0 0.0 0 0 4 4 4
3023.6 829.5 -46.9 9 0 148.5 77.5 10.0 0.0 0 0 4 3 3
3123.6 825.6 -50.4 8 0 176.8 74.7 12.5 0.0 0 0 5 0 0
3080.4 1076.8 -36.9 97 0 30.6 46.2 10.0 0.0 0 1 4 3 3
3292.8 1126.0 -50.8 278 0 46.2 159.8 10.0 0.0 0 1 4 1 1
3373.5 1109.9 -48.7 278 0 71.2 17.8 17.5 2.5 2 0 7 4 4
-6728.5 5277.0 18.5 18 0 8.1 12.1 5.0 2.5 2 1 2 3 3
-6746.8 5305.9 17.9 293 0 10.3 49.6 12.5 2.5 2 1 5 3 3
-3988.4 1484.0 -27.1 189 0 8.6 17.6 5.0 2.5 2 1 2 4 4
-3997.5 1504.9 -25.6 189 0 7.9 9.1 5.0 2.5 2 1 2 0 0
-3980.7 1504.0 -24.7 191 0 6.8 10.2 2.5 2.5 2 0 1 4 4
-3982.3 1496.3 -25.5 192 0 8.9 10.2 5.0 2.5 2 0 2 3 3
-4038.4 1477.9 -30.5 6 0 8.2 5.9 5.0 2.5 4 0 2 5 5
-4085.9 1472.1 -33.2 96 0 7.1 7.9 5.0 2.5 2 1 2 2 2
-4048.2 1477.9 -31.5 7 0 11.6 11.9 5.0 0.0 0 1 2 5 5
-4027.8 1563.0 -23.3 7 0 10.0 17.0 5.0 2.5 2 1 2 0 0
-3989.5 1547.7 -24.2 109 0 10.4 14.9 2.5 2.5 2 1 1 3 3
-4067.6 1726.0 -22.8 186 0 55.7 10.2 10.0 2.5 4 0 4 2 2
-5159.6 404.5 -19.6 18 0 5.6 13.8 2.5 2.5 2 1 1 0 0
-5167.3 471.7 -16.0 18 0 9.2 7.2 2.5 2.5 2 0 1 5 5
-5247.6 413.7 -23.3 204 0 17.5 24.3 10.0 2.5 2 1 4 1 1
-4786.8 604.8 -20.1 113 0 12.1 10.3 5.0 2.5 2 0 2 4 4
-4777.2 594.1 -21.3 284 0 11.7 22.1 7.5 2.5 2 1 3 0 0
-4711.2 568.7 -24.1 203 0 6.5 12.4 5.0 2.5 2 1 2 0 0
-4703.9 572.0 -23.8 106 0 7.3 12.5 5.0 2.5 2 1 2 3 3
-4714.3 535.8 -25.2 200 0 9.5 14.1 5.0 2.5 4 1 2 2 2
-4718.7 548.0 -24.1 16 0 12.8 7.6 5.0 2.5 2 0 2 5 5
-4723.0 535.3 -24.3 15 0 9.7 6.4 2.5 2.5 2 0 1 0 0
