1682.5 -5142.2 -8.6 213 0 14.6 29.9 5.0 0.0 0 1 2 3 3
1207.2 -3518.7 -9.1 22 0 17.9 10.2 7.5 2.5 2 0 3 3 3
1089.5 -3536.2 -8.5 197 0 6.8 11.7 5.0 2.5 2 1 2 0 0
599.9 -3559.5 -5.5 204 0 16.0 10.6 2.5 0.0 0 0 1 1 1
737.5 -3622.9 -6.2 286 0 13.3 14.6 7.5 2.5 2 1 3 1 1
544.0 -3507.1 -4.7 204 0 5.2 14.0 7.5 2.5 2 1 3 3 3
880.3 -4051.8 -11.1 278 0 22.1 8.2 2.5 2.5 2 0 1 1 1
1630.0 -5216.4 -9.0 212 0 13.4 11.5 7.5 2.5 2 0 3 5 5
1341.7 -3733.0 -9.5 283 0 9.6 10.8 5.0 2.5 2 1 2 3 3
1739.7 -3847.9 -18.7 280 0 6.5 9.3 5.0 2.5 2 1 2 4 4
1166.9 -3521.9 -8.9 292 0 10.5 10.7 10.0 0.0 0 1 4 0 0
698.1 -3557.1 -6.0 292 0 7.4 11.1 5.0 2.5 2 1 2 5 5
854.5 -4034.8 -10.9 276 0 16.4 11.0 5.0 2.5 2 0 2 2 2
549.3 -3871.4 -6.0 196 0 14.8 19.1 10.0 2.5 2 1 4 0 0
1394.8 -3792.5 -10.4 13 0 9.2 13.4 7.5 2.5 2 1 3 4 4
663.9 -3724.5 -5.8 110 0 7.1 24.3 2.5 0.0 0 1 1 2 2
1673.7 -5268.9 -8.5 33 0 7.9 11.2 5.0 2.5 2 1 2 0 0
646.0 -3550.6 -5.7 292 0 5.9 12.5 5.0 2.5 2 1 2 4 4
1515.6 -3824.4 -13.3 281 0 5.9 17.5 7.5 2.5 2 1 3 2 2
791.1 -3602.2 -6.5 288 0 5.0 13.9 7.5 2.5 2 1 3 2 2
682.3 -3481.8 -6.0 288 0 6.4 13.0 5.0 2.5 2 1 2 4 4
1421.7 -3719.3 -11.7 286 0 12.4 28.8 7.5 2.5 2 1 3 1 1
1220.7 -5173.9 -18.1 16 0 9.8 37.5 7.5 0.0 0 1 3 0 0
1302.0 -3710.3 -8.8 283 0 9.1 11.4 7.5 2.5 2 1 3 2 2
564.4 -3586.8 -4.8 204 0 11.0 5.8 7.5 2.5 2 0 3 5 5
611.6 -3978.8 -7.6 13 0 13.4 17.4 7.5 2.5 2 1 3 4 4
570.0 -3514.4 -5.1 204 0 10.0 6.0 7.5 2.5 2 0 3 3 3
834.1 -3651.5 -6.8 288 0 7.0 14.4 5.0 2.5 2 1 2 3 3
755.8 -3861.2 -7.8 111 0 8.6 15.5 5.0 2.5 2 1 2 5 5
1798.9 -3855.3 -19.4 277 0 6.5 10.3 2.5 2.5 2 1 1 5 5
827.9 -4033.7 -10.7 276 0 8.8 25.5 7.5 2.5 2 1 3 0 0
637.1 -3466.6 -5.7 288 0 8.4 12.4 7.5 2.5 2 1 3 0 0
1042.2 -3616.6 -8.0 287 0 9.5 9.9 7.5 2.5 2 1 3 4 4
965.1 -3630.2 -7.6 286 0 25.2 7.0 5.0 2.5 2 0 2 3 3
1308.4 -3607.7 -9.5 16 0 6.4 6.5 5.0 2.5 2 1 2 5 5
1360.4 -3706.5 -10.2 283 0 10.1 9.1 7.5 2.5 4 0 3 5 5
757.8 -3628.3 -6.3 286 0 4.5 13.5 5.0 0.0 0 1 2 2 2
1366.0 -3762.4 -9.9 13 0 6.8 8.3 7.5 2.5 2 1 3 4 4
1610.6 -5204.9 -9.3 212 0 13.8 21.3 10.0 2.5 4 1 4 3 3
1526.5 -3804.6 -13.8 281 0 10.4 14.4 2.5 2.5 2 1 1 3 3
1377.6 -3689.8 -10.8 283 0 10.9 16.4 2.5 2.5 2 1 1 4 4
1711.1 -5159.2 -8.2 212 0 15.8 14.3 7.5 2.5 2 0 3 5 5
1157.4 -3473.7 -8.9 202 0 9.5 14.6 5.0 2.5 4 1 2 4 4
1274.3 -3627.9 -9.0 197 0 7.3 21.2 7.5 2.5 2 1 3 4 4
573.4 -3529.5 -5.1 204 0 11.8 6.9 5.0 2.5 2 0 2 2 2
583.7 -3566.4 -5.3 204 0 10.9 6.6 2.5 2.5 2 0 1 1 1
648.9 -3980.3 -8.1 283 0 12.3 15.6 7.5 2.5 4 1 3 3 3
1155.6 -5160.0 -18.9 189 0 5.7 7.5 2.5 2.5 4 1 1 3 3
1068.9 -4194.1 -12.8 95 0 21.0 18.2 10.0 2.5 2 0 4 5 5
1545.0 -3836.4 -14.0 281 0 7.4 12.2 2.5 2.5 2 1 1 1 1
730.9 -3549.0 -6.2 288 0 6.9 14.8 7.5 2.5 2 1 3 1 1
880.7 -4102.9 -11.9 98 0 15.0 27.4 10.0 2.5 4 1 4 0 0
1160.5 -3552.9 -8.8 22 0 9.4 10.7 5.0 0.0 0 1 2 2 2
953.7 -3529.3 -7.6 16 0 10.1 13.3 5.0 0.0 0 1 2 5 5
563.9 -3778.3 -5.1 289 0 16.9 13.1 2.5 2.5 2 0 1 2 2
1645.3 -5168.1 -8.9 212 0 10.1 25.0 10.0 2.5 2 1 4 0 0
762.3 -3841.9 -7.6 111 0 9.6 16.0 7.5 2.5 4 1 3 1 1
668.8 -3457.5 -5.9 288 0 7.6 11.7 5.0 2.5 4 1 2 4 4
1001.5 -3609.5 -8.0 197 0 8.2 35.6 7.5 2.5 2 1 3 2 2
771.2 -3508.4 -6.5 285 0 12.6 6.5 5.0 2.5 2 0 2 2 2
926.5 -4109.4 -11.7 188 0 4.6 12.8 2.5 2.5 4 1 1 4 4
758.4 -3920.4 -8.3 21 0 10.6 13.5 5.0 2.5 2 1 2 3 3
736.9 -3551.1 -6.2 288 0 5.5 14.3 5.0 2.5 4 1 2 0 0
1073.9 -3522.7 -8.4 196 0 7.0 14.1 7.5 2.5 4 1 3 4 4
1191.0 -3456.4 -9.0 292 0 10.8 6.8 5.0 2.5 2 0 2 2 2
1310.1 -3715.3 -8.9 283 0 4.6 12.5 5.0 0.0 0 1 2 2 2
556.7 -3585.3 -4.6 204 0 11.0 7.5 7.5 2.5 2 0 3 2 2
615.9 -3961.2 -7.5 13 0 13.7 17.8 2.5 2.5 2 1 1 5 5
619.2 -3540.3 -5.5 292 0 6.5 8.6 5.0 2.5 2 1 2 2 2
1602.8 -5220.5 -9.3 212 0 14.0 22.8 7.5 2.5 2 1 3 5 5
660.5 -3521.7 -5.8 292 0 8.3 13.4 7.5 2.5 2 1 3 4 4
844.0 -4005.7 -10.1 96 0 10.0 19.9 5.0 2.5 2 1 2 0 0
967.8 -3538.5 -7.7 16 0 7.8 13.2 5.0 2.5 2 1 2 0 0
1268.2 -3653.3 -8.6 196 0 11.4 3.8 5.0 2.5 2 0 2 2 2
949.8 -3671.7 -7.2 288 0 22.1 9.9 2.5 2.5 2 0 1 4 4
582.0 -3899.7 -6.4 16 0 15.3 7.2 5.0 2.5 4 0 2 5 5
771.1 -3615.8 -6.4 288 0 6.9 13.4 5.0 2.5 2 1 2 2 2
1814.3 -3857.9 -19.5 276 0 6.3 10.6 7.5 2.5 2 1 3 2 2
851.8 -4063.5 -11.2 276 0 16.3 10.5 7.5 2.5 2 0 3 1 1
1194.3 -3447.7 -9.0 292 0 11.8 8.6 7.5 2.5 2 0 3 3 3
1100.9 -3495.1 -8.6 197 0 8.4 13.2 5.0 2.5 4 1 2 3 3
514.7 -3549.5 -4.2 204 0 16.0 12.9 5.0 2.5 2 0 2 0 0
1212.9 -5184.5 -18.1 13 0 9.3 25.1 5.0 2.5 2 1 2 3 3
898.3 -4039.2 -11.0 278 0 9.0 23.7 7.5 2.5 2 1 3 0 0
661.3 -3580.7 -5.8 292 0 8.1 11.6 5.0 0.0 0 1 2 3 3
753.1 -3564.3 -6.3 286 0 7.3 6.2 7.5 2.5 2 0 3 0 0
1419.3 -3757.1 -11.3 16 0 10.2 14.4 5.0 0.0 0 1 2 2 2
768.7 -3516.6 -6.5 285 0 12.1 6.5 2.5 2.5 4 0 1 3 3
939.9 -3493.1 -7.5 286 0 9.8 12.9 5.0 2.5 2 1 2 5 5
991.9 -4142.0 -12.7 5 0 24.5 9.3 5.0 2.5 2 0 2 4 4
579.5 -4021.3 -7.8 103 0 15.3 21.5 7.5 2.5 2 1 3 1 1
1785.9 -5071.3 -8.1 298 0 11.0 17.2 5.0 2.5 2 1 2 3 3
800.3 -3638.9 -6.6 288 0 4.8 15.1 7.5 2.5 2 1 3 0 0
1147.3 -5208.7 -19.8 193 0 11.4 25.7 10.0 0.0 0 1 4 4 4
644.8 -3469.7 -5.7 288 0 5.9 12.2 5.0 2.5 2 1 2 0 0
1177.3 -3423.2 -8.9 202 0 7.7 14.1 5.0 2.5 2 1 2 2 2
1319.0 -3718.3 -9.0 283 0 5.7 13.7 5.0 2.5 2 1 2 4 4
585.3 -3519.8 -5.4 204 0 11.2 6.5 5.0 2.5 2 0 2 4 4
754.1 -3935.3 -8.4 21 0 9.4 12.6 7.5 2.5 2 1 3 2 2
1047.0 -4196.4 -12.9 95 0 13.8 22.7 7.5 2.5 2 1 3 0 0
694.8 -3532.5 -6.0 293 0 7.1 17.1 5.0 2.5 2 1 2 3 3
1715.7 -3873.5 -18.2 282 0 8.5 12.3 2.5 2.5 2 1 1 1 1
1390.8 -3699.5 -11.0 285 0 10.8 24.8 10.0 2.5 2 1 4 2 2
1659.9 -5125.0 -8.9 213 0 7.7 25.8 7.5 0.0 0 1 3 2 2
1628.0 -5312.3 -8.9 10 0 10.5 11.2 5.0 2.5 2 1 2 2 2
521.8 -3523.1 -4.4 204 0 8.7 25.7 5.0 2.5 2 1 2 3 3
709.8 -3750.3 -6.3 185 0 15.6 31.5 7.5 2.5 2 1 3 1 1
1671.2 -5108.3 -8.8 213 0 12.2 25.9 7.5 2.5 2 1 3 1 1
1427.7 -3776.6 -11.9 105 0 11.1 31.2 10.0 2.5 2 1 4 5 5
997.4 -3644.2 -7.7 285 0 29.3 10.0 10.0 2.5 2 0 4 1 1
745.3 -4706.9 -18.6 98 0 19.7 6.8 7.5 2.5 2 0 3 1 1
728.8 -4726.6 -18.8 98 0 18.5 14.2 7.5 2.5 2 0 3 4 4
788.5 -4620.2 -17.7 190 0 8.1 35.2 7.5 2.5 2 1 3 5 5
944.2 -4466.1 -15.9 101 0 9.1 28.1 7.5 2.5 4 1 3 0 0
764.1 -4639.1 -17.5 188 0 11.6 12.1 10.0 2.5 4 1 4 1 1
1008.1 -4554.9 -18.2 17 0 21.4 10.3 7.5 2.5 2 0 3 0 0
895.5 -4949.7 -23.7 9 0 26.8 16.4 7.5 2.5 2 0 3 5 5
775.1 -4739.3 -19.5 98 0 17.6 16.5 5.0 2.5 2 0 2 0 0
864.6 -4950.0 -23.2 279 0 10.8 7.7 2.5 2.5 2 0 1 1 1
725.9 -4624.7 -16.8 195 0 5.4 11.2 7.5 2.5 4 1 3 5 5
956.7 -4754.2 -21.6 98 0 9.1 9.3 5.0 2.5 2 1 2 4 4
834.7 -4995.0 -22.6 279 0 6.0 12.6 5.0 2.5 2 1 2 3 3
973.4 -4592.3 -18.7 16 0 31.9 28.3 7.5 0.0 0 0 3 4 4
720.6 -4631.4 -16.9 195 0 7.7 15.1 2.5 2.5 2 1 1 2 2
920.7 -4760.2 -21.4 93 0 12.9 9.6 5.0 2.5 4 0 2 0 0
871.5 -4725.6 -20.2 100 0 9.8 6.1 2.5 2.5 2 0 1 4 4
1021.0 -4447.7 -17.1 17 0 16.5 30.4 10.0 0.0 0 1 4 5 5
788.6 -4632.1 -17.9 190 0 12.9 34.2 10.0 2.5 2 1 4 1 1
838.5 -4934.5 -22.8 189 0 12.2 5.6 7.5 0.0 0 0 3 0 0
1022.1 -4556.1 -18.3 17 0 15.9 11.2 2.5 2.5 2 0 1 5 5
777.3 -4604.6 -17.5 190 0 7.6 54.8 7.5 2.5 2 1 3 2 2
1032.8 -4450.2 -19.2 201 0 20.1 10.9 10.0 2.5 2 0 4 2 2
1253.6 -3996.3 -9.7 97 0 23.4 10.7 5.0 0.0 0 0 2 0 0
641.0 -5047.6 -20.0 195 0 8.8 41.4 7.5 2.5 2 1 3 5 5
979.1 -3934.5 -9.7 104 0 10.1 10.9 5.0 0.0 0 1 2 2 2
638.3 -5031.6 -19.4 287 0 10.6 8.6 7.5 2.5 4 0 3 4 4
590.4 -4974.0 -18.9 191 0 7.5 20.1 7.5 0.0 0 1 3 5 5
919.3 -3872.3 -8.6 104 0 28.2 17.1 7.5 2.5 2 0 3 0 0
859.2 -4891.3 -23.1 3 0 8.3 14.2 5.0 2.5 2 1 2 4 4
633.6 -3861.9 -6.5 12 0 12.0 5.4 2.5 2.5 2 0 1 1 1
838.1 -5411.3 -19.1 105 0 6.6 6.1 2.5 2.5 2 0 1 2 2
720.6 -5065.2 -20.7 282 0 10.6 6.8 5.0 2.5 2 0 2 0 0
931.8 -3821.4 -8.1 106 0 21.4 12.6 10.0 2.5 2 0 4 0 0
898.8 -3926.7 -8.9 105 0 12.6 9.6 7.5 2.5 4 0 3 4 4
1253.2 -3882.3 -8.5 195 0 10.8 9.5 7.5 2.5 2 0 3 3 3
508.8 -3994.3 -6.8 101 0 10.7 21.2 2.5 2.5 2 1 1 0 0
1300.3 -3915.7 -8.6 15 0 24.6 11.9 7.5 2.5 2 0 3 4 4
1258.7 -3864.4 -8.7 195 0 10.3 10.8 10.0 2.5 2 1 4 0 0
1257.4 -3873.4 -8.5 195 0 6.6 9.6 5.0 2.5 2 1 2 1 1
1001.2 -4025.5 -11.0 106 0 22.8 9.5 5.0 2.5 4 0 2 1 1
984.8 -3951.6 -9.8 110 0 8.1 10.0 2.5 2.5 2 1 1 2 2
1208.2 -3804.6 -8.7 196 0 15.4 5.5 5.0 2.5 2 0 2 4 4
659.9 -4094.6 -9.6 359 0 35.6 7.4 7.5 2.5 2 0 3 2 2
783.8 -5057.7 -22.3 193 0 6.6 35.8 7.5 2.5 2 1 3 5 5
1115.1 -3990.0 -10.5 15 0 19.1 17.3 7.5 2.5 2 0 3 3 3
1015.2 -4115.6 -12.8 196 0 12.0 19.0 10.0 2.5 2 1 4 0 0
1251.5 -4022.1 -10.2 98 0 9.7 19.2 7.5 2.5 2 1 3 5 5
814.1 -4936.9 -22.4 191 0 5.3 8.8 5.0 0.0 0 1 2 3 3
1134.9 -3948.5 -9.3 16 0 14.1 12.6 2.5 2.5 2 0 1 2 2
1083.1 -3709.0 -8.0 14 0 15.0 9.2 2.5 2.5 2 0 1 1 1
1307.8 -3890.9 -8.9 15 0 26.0 13.2 10.0 2.5 2 0 4 0 0
868.8 -3902.7 -8.6 104 0 12.0 8.4 7.5 2.5 2 0 3 2 2
1217.9 -3781.2 -8.8 195 0 12.4 14.3 7.5 2.5 2 1 3 4 4
1312.5 -3920.7 -8.7 15 0 23.3 9.3 2.5 2.5 2 0 1 2 2
1103.4 -3966.2 -9.7 19 0 8.5 16.4 7.5 2.5 2 1 3 2 2
1292.6 -3975.4 -9.4 104 0 12.0 16.8 5.0 2.5 2 1 2 3 3
583.6 -4053.5 -8.4 269 0 12.4 20.8 7.5 2.5 2 1 3 5 5
1154.7 -3906.2 -8.6 18 0 10.3 22.3 7.5 2.5 2 1 3 2 2
905.9 -3761.6 -7.5 106 0 11.4 9.5 5.0 2.5 2 0 2 3 3
1239.0 -3935.6 -8.8 195 0 15.2 12.5 7.5 2.5 2 0 3 2 2
549.9 -4913.7 -18.0 15 0 9.7 29.0 7.5 2.5 2 1 3 4 4
705.5 -4093.8 -10.1 184 0 11.9 16.7 5.0 2.5 2 1 2 0 0
563.0 -5391.8 -17.0 105 0 6.5 11.9 7.5 2.5 2 1 3 1 1
1035.9 -3723.2 -7.9 14 0 10.1 10.7 2.5 2.5 2 1 1 2 2
1010.2 -3958.3 -9.7 108 0 13.0 10.6 2.5 2.5 2 0 1 0 0
1299.0 -4013.6 -10.1 104 0 12.7 13.3 7.5 2.5 2 1 3 2 2
1209.2 -3895.7 -8.3 195 0 25.3 8.7 5.0 2.5 2 0 2 1 1
1066.3 -3734.5 -8.1 14 0 7.4 13.8 5.0 2.5 2 1 2 4 4
726.5 -4070.9 -10.1 184 0 26.0 11.2 10.0 0.0 0 0 4 0 0
611.1 -5348.8 -17.7 15 0 5.6 20.5 7.5 0.0 0 1 3 0 0
685.0 -5119.9 -20.0 15 0 6.0 18.7 7.5 2.5 2 1 3 4 4
613.8 -4933.4 -19.3 192 0 10.7 19.0 2.5 2.5 2 1 1 1 1
903.9 -5215.1 -21.2 11 0 8.8 8.6 2.5 2.5 2 0 1 2 2
966.7 -3912.9 -9.0 104 0 21.7 10.0 7.5 2.5 2 0 3 4 4
921.5 -4127.2 -12.3 98 0 29.4 8.9 7.5 2.5 2 0 3 5 5
578.8 -5392.5 -17.0 105 0 11.1 3.4 5.0 2.5 2 0 2 5 5
933.7 -4002.4 -10.9 109 0 6.7 27.1 7.5 2.5 2 1 3 4 4
625.8 -3819.6 -6.0 286 0 9.0 12.6 5.0 2.5 2 1 2 4 4
505.0 -5318.0 -17.4 196 0 7.9 33.4 5.0 2.5 2 1 2 5 5
620.7 -4053.5 -8.8 267 0 21.0 22.8 10.0 2.5 2 1 4 2 2
1351.7 -3957.5 -9.2 12 0 16.6 17.1 10.0 2.5 2 1 4 1 1
1331.2 -3972.8 -9.4 15 0 12.4 9.3 5.0 2.5 2 0 2 3 3
1232.5 -4040.3 -10.4 98 0 7.3 12.5 7.5 2.5 2 1 3 4 4
1384.4 -3966.2 -9.5 12 0 12.9 10.9 2.5 2.5 2 0 1 0 0
1280.6 -4020.7 -10.2 101 0 15.0 15.0 5.0 2.5 2 1 2 5 5
1292.0 -4038.6 -10.5 102 0 13.7 10.2 7.5 2.5 2 0 3 5 5
1284.0 -4003.7 -9.9 103 0 12.9 11.3 7.5 2.5 2 0 3 1 1
1307.7 -3985.8 -9.6 107 0 10.4 12.5 7.5 0.0 0 1 3 3 3
1277.9 -4033.5 -10.4 103 0 12.0 10.8 5.0 2.5 2 0 2 5 5
1368.8 -3961.6 -9.2 12 0 16.6 12.8 7.5 2.5 2 0 3 0 0
1311.7 -4747.9 -16.4 210 0 58.6 23.2 10.0 2.5 2 0 4 0 0
1206.6 -4977.9 -15.1 199 0 9.6 15.9 5.0 2.5 4 1 2 1 1
729.9 -4338.5 -13.3 194 0 7.3 12.2 5.0 2.5 2 1 2 4 4
701.9 -4266.6 -12.1 280 0 13.0 11.3 5.0 0.0 0 0 2 4 4
1430.3 -4623.7 -17.0 117 0 8.5 15.6 2.5 2.5 2 1 1 4 4
718.1 -4396.3 -13.8 195 0 6.6 9.8 7.5 2.5 2 1 3 5 5
594.5 -4022.2 -7.9 104 0 9.8 20.4 5.0 2.5 2 1 2 4 4
1741.4 -4974.7 -9.5 298 0 12.5 17.1 7.5 2.5 2 1 3 5 5
1232.4 -3528.4 -9.3 20 0 17.5 16.8 10.0 2.5 2 0 4 3 3
540.5 -4043.5 -7.7 269 0 11.3 7.0 7.5 2.5 2 0 3 4 4
1532.0 -5160.6 -10.4 298 0 24.5 6.4 5.0 2.5 2 0 2 5 5
832.6 -4392.1 -14.7 19 0 8.5 15.5 2.5 2.5 2 1 1 0 0
1290.3 -4754.6 -18.7 27 0 20.8 56.7 12.5 2.5 4 1 5 4 4
775.5 -3943.7 -9.1 213 0 8.3 25.0 2.5 2.5 2 1 1 0 0
1523.1 -4844.2 -12.6 130 0 22.7 7.3 2.5 2.5 2 0 1 4 4
1393.5 -4533.8 -19.1 309 0 13.3 16.5 7.5 2.5 2 1 3 3 3
1105.5 -3532.8 -8.6 197 0 8.7 11.8 2.5 2.5 2 1 1 5 5
732.5 -4282.7 -12.7 280 0 13.6 18.2 7.5 2.5 2 1 3 4 4
539.1 -4029.5 -7.5 269 0 12.5 5.9 5.0 2.5 2 0 2 4 4
796.4 -4423.7 -14.4 19 0 16.0 4.0 7.5 2.5 2 0 3 3 3
687.0 -4397.0 -13.5 288 0 19.4 13.3 10.0 2.5 2 0 4 2 2
580.5 -4100.0 -8.7 89 0 14.8 8.7 2.5 2.5 4 0 1 2 2
739.9 -4334.9 -13.3 104 0 6.3 12.0 7.5 2.5 2 1 3 1 1
1104.4 -3541.3 -8.5 197 0 6.8 9.3 7.5 2.5 2 1 3 4 4
1014.8 -4724.3 -21.6 13 0 9.1 16.0 5.0 0.0 0 1 2 2 2
877.8 -3892.5 -8.6 105 0 19.7 8.5 7.5 2.5 2 0 3 1 1
919.8 -3899.6 -8.8 105 0 12.8 6.9 5.0 0.0 0 0 2 2 2
1467.9 -4641.4 -16.6 105 0 14.3 13.6 5.0 2.5 4 0 2 1 1
784.9 -4088.8 -10.7 97 0 15.8 29.3 10.0 2.5 2 1 4 2 2
791.1 -4422.6 -14.4 19 0 14.1 9.9 7.5 2.5 2 0 3 1 1
558.2 -4040.6 -8.1 267 0 11.5 35.7 7.5 2.5 4 1 3 3 3
541.9 -3738.5 -4.3 298 0 14.3 12.4 5.0 2.5 4 0 2 2 2
823.7 -3956.7 -9.5 299 0 15.6 15.0 7.5 0.0 0 0 3 5 5
909.4 -4513.6 -16.3 270 0 8.0 5.7 5.0 2.5 2 0 2 0 0
1080.2 -3560.5 -8.4 197 0 22.7 13.3 7.5 2.5 2 0 3 5 5
988.2 -3566.0 -7.8 286 0 11.1 5.7 5.0 2.5 4 0 2 1 1
883.9 -3968.0 -10.2 109 0 7.7 12.3 5.0 2.5 2 1 2 3 3
544.8 -4373.9 -11.7 101 0 13.5 21.2 7.5 2.5 2 1 3 5 5
830.8 -4118.2 -11.6 99 0 9.7 13.7 5.0 2.5 2 1 2 3 3
781.5 -4417.3 -14.3 19 0 12.5 13.4 5.0 2.5 4 1 2 2 2
568.1 -3991.0 -7.4 109 0 5.9 13.7 5.0 2.5 2 1 2 0 0
778.3 -4668.0 -18.7 189 0 21.9 38.3 7.5 0.0 0 1 3 2 2
1061.7 -4502.9 -21.3 290 0 12.9 13.4 2.5 2.5 4 1 1 4 4
1053.8 -3571.9 -8.2 286 0 13.2 8.4 5.0 2.5 4 0 2 4 4
916.1 -3991.4 -10.7 109 0 6.5 18.8 2.5 2.5 2 1 1 0 0
930.7 -3803.4 -7.9 105 0 5.6 9.8 7.5 2.5 2 1 3 2 2
620.8 -4389.0 -12.7 101 0 8.3 10.7 5.0 2.5 2 1 2 5 5
1240.9 -3585.6 -8.9 20 0 7.5 8.0 5.0 2.5 2 1 2 3 3
1397.2 -5072.7 -12.1 118 0 27.0 13.7 7.5 2.5 2 0 3 4 4
823.7 -4488.5 -15.3 200 0 10.4 24.2 7.5 2.5 2 1 3 1 1
884.2 -3840.2 -8.1 105 0 12.6 9.4 7.5 2.5 2 0 3 3 3
1018.2 -3562.8 -8.0 286 0 7.9 8.0 2.5 2.5 2 1 1 3 3
813.4 -4003.0 -9.9 113 0 9.0 13.0 2.5 0.0 0 1 1 1 1
1249.5 -3562.7 -9.3 20 0 20.0 12.0 7.5 2.5 2 0 3 4 4
513.7 -3745.5 -4.2 292 0 4.1 8.3 5.0 2.5 2 1 2 1 1
839.6 -4118.0 -11.6 101 0 4.6 11.9 2.5 2.5 4 1 1 4 4
1422.7 -5098.9 -11.8 28 0 16.1 12.4 5.0 2.5 2 0 2 1 1
1283.2 -4985.9 -13.6 298 0 11.4 17.5 5.0 2.5 2 1 2 3 3
1371.1 -4728.1 -16.6 120 0 56.5 17.8 12.5 2.5 2 0 5 5 5
1062.2 -4401.4 -19.0 184 0 29.2 17.2 10.0 2.5 4 0 4 4 4
1417.2 -4617.3 -17.2 114 0 13.1 13.2 2.5 2.5 2 1 1 5 5
733.5 -4270.5 -12.5 280 0 16.2 11.1 5.0 2.5 2 0 2 1 1
1671.8 -5032.1 -9.9 28 0 12.6 49.5 7.5 2.5 2 1 3 4 4
1247.9 -3578.3 -9.0 20 0 7.8 25.0 5.0 0.0 0 1 2 2 2
1410.7 -5092.1 -12.1 28 0 13.8 22.2 10.0 2.5 2 1 4 2 2
812.3 -4501.1 -15.1 208 0 11.2 6.1 5.0 2.5 2 0 2 2 2
559.0 -4100.9 -8.4 88 0 8.4 15.5 2.5 2.5 2 1 1 2 2
526.8 -3727.4 -4.2 298 0 15.6 19.5 10.0 0.0 0 1 4 0 0
744.0 -4730.5 -19.2 116 0 16.0 21.5 10.0 2.5 2 1 4 0 0
1353.5 -4460.0 -22.2 335 0 26.0 15.5 12.5 2.5 4 0 5 3 3
688.5 -3822.2 -6.8 123 0 16.3 11.4 7.5 2.5 2 0 3 3 3
664.3 -3983.7 -8.2 285 0 5.6 16.4 5.0 2.5 2 1 2 4 4
510.9 -3761.8 -4.2 115 0 10.9 6.7 7.5 2.5 2 0 3 1 1
661.2 -3489.2 -5.9 291 0 12.7 3.7 7.5 2.5 2 0 3 4 4
1058.3 -3703.5 -7.8 16 0 12.5 5.5 7.5 2.5 2 0 3 3 3
623.1 -3986.4 -7.9 195 0 8.2 12.5 7.5 2.5 2 1 3 5 5
692.5 -3569.8 -6.0 292 0 6.4 12.4 2.5 2.5 2 1 1 1 1
1078.9 -3972.4 -9.8 19 0 9.7 6.8 5.0 2.5 2 0 2 1 1
1012.4 -4253.7 -14.7 177 0 17.6 7.3 7.5 2.5 2 0 3 3 3
763.7 -3577.5 -6.4 288 0 5.3 13.9 5.0 2.5 2 1 2 0 0
992.4 -3937.2 -9.8 104 0 8.2 8.8 7.5 2.5 2 1 3 1 1
678.4 -3564.0 -5.9 296 0 5.3 12.1 5.0 2.5 2 1 2 0 0
577.7 -3932.6 -6.8 15 0 13.2 5.7 5.0 2.5 2 0 2 3 3
1164.6 -3851.1 -8.6 14 0 15.6 39.9 10.0 2.5 2 1 4 2 2
805.4 -3534.6 -6.7 288 0 16.2 13.9 10.0 0.0 0 0 4 4 4
1020.8 -3649.6 -7.6 284 0 8.4 13.1 7.5 2.5 4 1 3 5 5
589.1 -3902.3 -6.5 14 0 11.9 6.5 5.0 2.5 2 0 2 3 3
587.1 -3432.4 -5.4 285 0 9.3 24.1 7.5 2.5 2 1 3 5 5
1000.2 -3907.3 -8.9 105 0 8.6 12.0 2.5 2.5 2 1 1 0 0
519.7 -3948.6 -6.4 195 0 6.1 6.4 7.5 2.5 2 1 3 1 1
1069.6 -3706.6 -7.9 16 0 14.2 10.3 2.5 2.5 2 0 1 0 0
1068.9 -3887.9 -8.9 16 0 15.5 7.8 7.5 2.5 2 0 3 3 3
1145.1 -3801.9 -8.8 16 0 9.9 4.2 5.0 2.5 4 0 2 0 0
975.4 -3669.0 -7.4 286 0 6.7 12.2 7.5 2.5 2 1 3 5 5
1005.7 -4147.2 -12.9 185 0 14.8 26.4 7.5 2.5 2 1 3 1 1
571.6 -3547.8 -5.0 205 0 14.4 6.0 7.5 2.5 2 0 3 0 0
1144.5 -3827.2 -8.8 14 0 12.6 26.7 5.0 2.5 4 1 2 1 1
1080.4 -3955.5 -9.5 19 0 11.4 7.0 5.0 2.5 2 0 2 4 4
568.7 -3881.3 -6.1 194 0 8.9 8.1 7.5 2.5 2 0 3 4 4
1024.4 -3687.7 -7.8 286 0 16.4 11.0 7.5 2.5 2 0 3 3 3
569.9 -3824.1 -5.5 111 0 5.3 13.7 5.0 2.5 2 1 2 3 3
624.3 -3933.6 -7.3 15 0 4.4 15.9 5.0 2.5 2 1 2 2 2
572.9 -3845.3 -5.8 200 0 10.7 7.3 5.0 0.0 0 0 2 1 1
988.7 -4047.2 -11.5 286 0 6.8 9.4 7.5 2.5 2 1 3 3 3
994.8 -3702.0 -7.6 286 0 9.4 15.9 2.5 2.5 2 1 1 5 5
1047.7 -3990.8 -10.2 110 0 11.2 18.4 7.5 2.5 2 1 3 4 4
651.5 -3575.8 -5.7 296 0 4.5 13.1 5.0 2.5 2 1 2 1 1
1158.4 -3884.0 -8.5 16 0 25.4 11.1 7.5 0.0 0 0 3 5 5
1062.1 -3948.6 -9.4 16 0 11.7 9.6 7.5 2.5 2 0 3 2 2
1062.3 -3621.2 -8.0 284 0 8.7 10.4 5.0 2.5 4 1 2 0 0
668.4 -3983.0 -8.1 105 0 6.1 13.8 7.5 0.0 0 1 3 2 2
581.3 -3848.0 -5.9 201 0 11.0 6.3 2.5 2.5 2 0 1 2 2
630.2 -3511.2 -5.6 294 0 5.1 12.5 7.5 2.5 2 1 3 4 4
514.8 -3939.6 -6.3 195 0 7.0 13.6 5.0 2.5 4 1 2 4 4
1010.9 -3680.8 -7.7 286 0 5.5 14.1 2.5 2.5 2 1 1 4 4
580.6 -3814.9 -5.6 291 0 5.5 12.5 5.0 2.5 2 1 2 0 0
1062.8 -3899.4 -9.1 16 0 7.1 12.7 5.0 2.5 2 1 2 5 5
1072.7 -3953.7 -9.5 19 0 13.0 8.2 5.0 2.5 2 0 2 0 0
1074.1 -3907.2 -9.2 16 0 6.4 9.8 2.5 2.5 2 1 1 0 0
1231.2 -3724.9 -8.3 196 0 6.2 16.7 2.5 2.5 2 1 1 5 5
595.5 -3499.1 -5.4 294 0 10.9 11.3 2.5 2.5 2 1 1 2 2
1248.0 -3751.2 -8.5 196 0 5.6 8.8 5.0 2.5 2 1 2 3 3
560.1 -3841.5 -5.7 198 0 12.9 9.2 5.0 0.0 0 0 2 3 3
1094.0 -3683.4 -8.0 15 0 18.3 28.9 10.0 2.5 2 1 4 5 5
566.6 -3965.6 -7.1 15 0 12.0 5.5 5.0 2.5 2 0 2 3 3
1029.1 -3934.1 -9.5 106 0 9.6 6.2 2.5 2.5 4 0 1 5 5
644.1 -4014.1 -8.3 105 0 11.8 17.2 5.0 2.5 4 1 2 3 3
545.2 -3567.2 -4.5 201 0 10.6 8.5 5.0 2.5 2 0 2 2 2
1064.3 -3934.8 -9.2 16 0 13.1 8.7 5.0 2.5 2 0 2 3 3
1097.7 -3979.7 -10.1 19 0 10.6 6.1 5.0 2.5 2 0 2 5 5
523.2 -3630.1 -4.1 206 0 19.4 14.4 7.5 2.5 2 0 3 1 1
842.3 -3638.1 -6.8 285 0 10.5 13.2 10.0 2.5 2 1 4 5 5
885.0 -4371.6 -15.2 103 0 19.9 41.1 10.0 2.5 2 1 4 1 1
1260.7 -3737.5 -8.4 196 0 5.8 11.6 5.0 2.5 2 1 2 5 5
636.8 -3898.0 -7.0 18 0 11.4 9.0 5.0 2.5 4 0 2 4 4
567.0 -3946.2 -6.9 15 0 15.3 8.7 5.0 2.5 2 0 2 4 4
1031.9 -3652.6 -7.7 284 0 7.2 13.5 5.0 2.5 2 1 2 0 0
646.4 -3897.8 -7.4 195 0 15.3 17.9 10.0 2.5 4 1 4 1 1
1239.9 -3699.9 -8.4 196 0 11.6 15.8 2.5 2.5 4 1 1 0 0
534.2 -3547.5 -4.4 206 0 5.2 11.7 5.0 2.5 2 1 2 4 4
1064.6 -4103.9 -12.4 291 0 10.4 20.5 10.0 2.5 4 1 4 4 4
921.0 -3515.7 -7.4 284 0 7.4 10.9 7.5 2.5 2 1 3 2 2
869.8 -4368.2 -15.0 105 0 7.6 21.7 7.5 2.5 2 1 3 5 5
574.3 -3968.8 -7.2 15 0 11.1 7.4 2.5 2.5 2 0 1 5 5
995.6 -3601.2 -7.8 285 0 7.6 11.6 5.0 2.5 4 1 2 3 3
1120.5 -3845.9 -8.7 14 0 26.9 7.8 2.5 2.5 2 0 1 3 3
632.0 -3529.7 -5.6 294 0 7.6 7.3 5.0 2.5 2 0 2 2 2
581.4 -3490.0 -5.4 294 0 13.0 15.0 7.5 2.5 4 1 3 3 3
3216.4 -4233.2 -19.4 114 0 7.5 16.5 7.5 2.5 2 1 3 1 1
1373.6 -5868.5 -11.3 201 0 11.3 20.5 5.0 2.5 2 1 2 4 4
3209.9 -4997.8 -12.6 183 0 9.8 9.4 5.0 2.5 4 0 2 5 5
1820.1 -5214.5 5.4 111 0 8.7 12.8 5.0 0.0 0 1 2 4 4
3107.4 -4326.1 -18.6 114 0 7.7 8.0 2.5 2.5 2 1 1 2 2
1332.7 -6016.2 -12.1 201 0 11.7 9.5 7.5 2.5 2 0 3 0 0
1469.7 -5345.2 -11.1 109 0 7.0 10.7 7.5 2.5 2 1 3 1 1
1194.3 -4931.1 -15.2 113 0 7.5 10.9 5.0 2.5 2 1 2 2 2
2918.2 -4784.5 -14.7 193 0 4.4 8.0 7.5 2.5 2 1 3 3 3
1332.9 -5890.5 -11.8 13 0 20.0 8.9 7.5 2.5 2 0 3 2 2
3217.0 -5047.8 -12.1 183 0 10.6 15.2 5.0 2.5 2 1 2 0 0
3172.5 -4284.2 -18.9 24 0 6.9 8.6 5.0 2.5 2 1 2 4 4
3255.5 -5232.6 -10.1 3 0 12.1 9.8 5.0 2.5 2 0 2 4 4
1388.7 -3496.5 -11.0 291 0 8.1 10.5 7.5 2.5 2 1 3 4 4
1371.9 -5946.1 -11.7 111 0 11.6 11.5 7.5 2.5 2 0 3 4 4
1849.4 -4959.1 -9.4 209 0 10.5 7.0 5.0 2.5 2 0 2 4 4
1833.0 -5213.1 5.9 111 0 12.5 7.3 2.5 2.5 2 0 1 3 3
3024.8 -4434.5 -17.7 102 0 19.4 9.7 2.5 2.5 2 0 1 2 2
3130.9 -5156.9 -10.8 275 0 5.6 5.7 2.5 2.5 2 1 1 2 2
1456.8 -5078.7 -11.3 210 0 11.5 7.3 5.0 0.0 0 0 2 3 3
1541.1 -5266.9 -9.9 112 0 8.3 8.4 7.5 2.5 2 1 3 2 2
1182.5 -4895.8 -16.9 291 0 11.4 9.1 2.5 2.5 4 0 1 1 1
3234.0 -4216.8 -19.5 24 0 8.2 8.3 2.5 2.5 2 1 1 1 1
3026.8 -4641.8 -15.9 188 0 11.4 11.4 10.0 2.5 2 1 4 0 0
1374.4 -3476.1 -10.8 290 0 12.0 10.7 7.5 2.5 2 0 3 5 5
1408.6 -5870.3 -11.3 21 0 8.5 13.0 5.0 2.5 2 1 2 5 5
3228.9 -5007.9 -12.5 273 0 8.3 22.7 5.0 2.5 2 1 2 1 1
3114.0 -4277.4 -19.0 204 0 7.9 11.4 5.0 2.5 2 1 2 3 3
1136.6 -4181.1 -12.8 7 0 21.8 9.6 7.5 2.5 2 0 3 4 4
1843.4 -4972.4 -9.2 209 0 13.5 21.7 7.5 2.5 2 1 3 2 2
3121.9 -5154.4 -10.8 275 0 5.3 8.4 2.5 2.5 2 1 1 4 4
1465.9 -5426.6 -12.1 19 0 10.0 10.9 7.5 2.5 2 1 3 4 4
3043.0 -4390.6 -18.0 285 0 21.3 9.1 7.5 2.5 2 0 3 2 2
3160.2 -4786.8 -14.8 98 0 15.2 14.6 5.0 2.5 2 0 2 0 0
3051.3 -4699.6 -15.5 12 0 7.6 12.3 7.5 2.5 2 1 3 2 2
1858.6 -3426.5 -16.9 291 0 11.1 10.3 2.5 2.5 2 0 1 2 2
1370.1 -5695.8 -12.6 105 0 5.6 15.7 2.5 2.5 2 1 1 1 1
3253.2 -5053.0 -12.1 3 0 11.5 9.1 2.5 2.5 4 0 1 0 0
3175.9 -4277.2 -19.0 24 0 6.3 10.2 2.5 2.5 2 1 1 2 2
1059.0 -3863.7 -8.7 18 0 13.5 5.6 5.0 2.5 2 0 2 2 2
1376.8 -3494.1 -10.8 291 0 12.5 10.6 7.5 2.5 2 0 3 3 3
2511.3 -5217.6 -8.7 197 0 5.4 12.1 5.0 2.5 2 1 2 3 3
1799.8 -5017.4 -8.9 119 0 10.0 11.1 5.0 2.5 2 1 2 1 1
3197.0 -5015.2 -12.4 275 0 19.5 7.1 2.5 2.5 2 0 1 1 1
1400.6 -5013.1 -12.2 117 0 11.7 11.6 5.0 2.5 2 0 2 2 2
1433.8 -5062.9 -11.7 300 0 7.0 10.1 5.0 2.5 2 1 2 2 2
1792.4 -5266.7 11.5 9 0 11.7 11.0 7.5 2.5 2 0 3 4 4
1006.0 -4076.3 -11.9 17 0 12.2 6.7 7.5 2.5 2 0 3 0 0
1363.3 -5654.2 -13.5 15 0 8.1 11.5 5.0 2.5 2 1 2 1 1
1482.0 -5114.4 -11.0 118 0 9.1 12.9 5.0 2.5 2 1 2 5 5
1014.9 -3943.7 -9.6 108 0 9.2 10.4 2.5 2.5 2 1 1 2 2
1179.7 -4951.3 -16.5 21 0 8.7 7.1 5.0 2.5 4 0 2 1 1
792.0 -3848.2 -7.8 111 0 21.2 7.7 5.0 2.5 2 0 2 0 0
2693.4 -5052.5 -12.2 283 0 16.3 18.1 10.0 2.5 2 1 4 1 1
1408.0 -5231.9 -12.0 287 0 9.0 13.2 7.5 2.5 2 1 3 4 4
845.0 -5152.7 -21.6 280 0 9.4 8.6 2.5 2.5 2 0 1 4 4
3073.8 -4888.2 -13.8 98 0 6.2 11.9 2.5 2.5 2 1 1 1 1
2656.8 -5088.2 -11.6 191 0 16.3 13.6 7.5 2.5 2 0 3 0 0
1695.3 -4983.8 -9.6 28 0 8.5 8.2 5.0 2.5 2 0 2 4 4
1458.6 -5101.6 -11.3 118 0 8.0 11.5 2.5 2.5 4 1 1 0 0
1229.0 -4915.3 -14.5 291 0 8.1 13.1 5.0 2.5 2 1 2 4 4
1378.9 -5554.1 -13.9 293 0 8.2 12.6 7.5 0.0 0 1 3 4 4
776.6 -3853.7 -7.8 111 0 19.7 7.7 5.0 2.5 2 0 2 1 1
3056.2 -4533.1 -16.8 189 0 3.5 9.0 7.5 2.5 2 1 3 0 0
1425.4 -5058.7 -11.8 299 0 9.0 9.2 7.5 2.5 2 1 3 3 3
2673.2 -5050.3 -12.2 282 0 14.5 17.5 10.0 2.5 2 1 4 0 0
758.3 -5138.8 -21.2 20 0 9.0 5.0 5.0 2.5 2 0 2 2 2
2664.5 -5166.1 -10.4 280 0 21.3 14.5 7.5 2.5 2 0 3 1 1
2210.0 -3433.5 -19.7 196 0 6.1 6.1 2.5 2.5 4 0 1 2 2
1439.9 -5044.0 -11.6 208 0 10.2 10.4 5.0 2.5 2 1 2 4 4
1312.2 -5654.0 -14.7 199 0 9.6 15.1 5.0 2.5 2 1 2 3 3
1220.5 -4941.3 -14.4 111 0 8.0 11.5 2.5 2.5 2 1 1 5 5
1425.7 -5285.7 -11.8 107 0 4.5 12.6 2.5 2.5 2 1 1 3 3
781.9 -3832.3 -7.6 111 0 14.0 13.9 7.5 2.5 2 0 3 4 4
861.8 -5158.2 -21.6 277 0 8.4 7.4 2.5 2.5 2 0 1 1 1
1590.7 -5145.2 -9.7 118 0 17.3 9.7 5.0 0.0 0 0 2 3 3
3074.8 -4873.0 -13.9 99 0 7.8 10.0 7.5 2.5 2 1 3 2 2
3137.1 -4384.3 -18.1 287 0 14.2 6.7 5.0 2.5 2 0 2 0 0
1138.6 -5950.9 -16.8 113 0 6.8 5.8 5.0 0.0 0 0 2 5 5
2627.5 -5166.1 -10.2 190 0 14.1 21.9 10.0 2.5 2 1 4 5 5
1513.2 -5134.7 -10.6 118 0 7.5 11.7 5.0 2.5 2 1 2 0 0
1450.6 -3508.7 -12.2 288 0 10.4 21.6 5.0 2.5 2 1 2 3 3
1439.7 -5720.1 -10.5 195 0 3.9 18.3 7.5 2.5 4 1 3 3 3
1392.1 -5036.6 -12.2 118 0 7.8 9.6 2.5 2.5 2 1 1 3 3
507.7 -4880.7 -17.5 194 0 6.8 11.7 5.0 2.5 2 1 2 2 2
1598.8 -4985.4 -10.5 118 0 6.2 9.8 5.0 2.5 2 1 2 0 0
1190.7 -6048.0 -14.1 197 0 8.9 9.4 2.5 2.5 2 1 1 1 1
1548.4 -5130.4 -10.5 28 0 9.3 27.6 7.5 2.5 4 1 3 2 2
1551.6 -5155.1 -10.1 118 0 9.0 12.5 7.5 2.5 2 1 3 5 5
992.4 -5937.9 -19.2 30 0 8.1 10.5 5.0 2.5 2 1 2 5 5
1138.9 -4911.9 -20.0 107 0 10.7 12.4 5.0 2.5 2 1 2 0 0
1343.4 -5682.4 -13.6 105 0 11.0 10.0 5.0 2.5 2 0 2 2 2
1725.0 -4907.3 -10.5 25 0 17.0 12.5 10.0 2.5 2 0 4 0 0
1200.1 -6051.0 -13.8 195 0 10.4 6.6 5.0 0.0 0 0 2 5 5
1576.2 -5135.7 -9.9 118 0 11.9 8.8 7.5 2.5 4 0 3 1 1
1538.3 -5114.0 -10.4 118 0 12.5 8.7 2.5 0.0 0 0 1 5 5
1530.9 -5145.8 -10.5 118 0 30.9 12.6 7.5 2.5 2 0 3 0 0
1047.0 -5889.9 -20.7 30 0 8.5 6.1 2.5 2.5 4 0 1 2 2
1780.6 -4906.6 -10.1 115 0 24.1 11.6 10.0 2.5 2 0 4 1 1
1625.4 -5326.0 -8.9 22 0 4.1 12.6 2.5 2.5 2 1 1 4 4
1686.1 -4981.7 -9.9 28 0 13.6 18.8 7.5 2.5 2 1 3 2 2
1556.0 -5100.1 -10.2 298 0 16.8 10.6 7.5 2.5 2 0 3 2 2
1885.8 -4937.6 -9.7 112 0 10.2 16.2 5.0 0.0 0 1 2 3 3
546.0 -4834.7 -18.1 284 0 11.1 14.5 5.0 2.5 2 1 2 5 5
2659.9 -5306.5 -8.5 107 0 10.4 9.4 2.5 2.5 2 0 1 5 5
1279.6 -5903.3 -13.2 101 0 9.5 12.4 2.5 2.5 2 1 1 4 4
1808.0 -4903.4 -10.0 115 0 7.0 10.9 7.5 2.5 2 1 3 5 5
1286.8 -3533.1 -9.6 196 0 11.3 6.5 5.0 2.5 2 0 2 0 0
1285.3 -6016.8 -12.1 22 0 11.4 15.9 10.0 2.5 2 1 4 5 5
1641.3 -5284.1 -8.8 21 0 12.6 5.9 7.5 2.5 2 0 3 5 5
1896.8 -4943.4 -9.5 202 0 33.8 14.2 12.5 2.5 2 0 5 2 2
1926.9 -4898.1 -9.9 292 0 5.8 8.7 2.5 2.5 4 1 1 0 0
1300.1 -5928.3 -12.2 107 0 8.1 6.4 7.5 2.5 2 0 3 3 3
1652.7 -5256.9 -8.8 29 0 7.6 13.7 5.0 2.5 2 1 2 0 0
1881.1 -4891.6 -10.1 292 0 13.4 21.2 7.5 2.5 2 1 3 5 5
1373.5 -6034.3 -10.8 111 0 5.0 7.0 5.0 0.0 0 1 2 4 4
1219.0 -5967.6 -14.1 199 0 11.8 20.1 7.5 2.5 2 1 3 2 2
1413.4 -5338.0 -12.8 199 0 8.7 25.8 7.5 2.5 2 1 3 1 1
2940.9 -4801.1 -14.6 13 0 5.2 8.4 7.5 2.5 4 1 3 4 4
3075.8 -5147.0 -10.9 281 0 5.5 13.7 5.0 2.5 2 1 2 5 5
2964.9 -4702.8 -15.5 13 0 10.3 20.6 7.5 2.5 2 1 3 5 5
1345.6 -5971.7 -11.9 201 0 9.0 11.1 7.5 2.5 2 1 3 0 0
3048.3 -4439.2 -17.6 13 0 4.4 7.9 7.5 2.5 2 1 3 5 5
2917.1 -4961.0 -12.9 11 0 9.1 9.0 5.0 2.5 2 0 2 5 5
3039.4 -4783.4 -14.7 12 0 7.5 7.7 2.5 2.5 2 1 1 0 0
3110.2 -5147.8 -11.0 103 0 9.2 8.5 5.0 0.0 0 0 2 1 1
1204.2 -6009.5 -14.1 199 0 10.8 23.0 7.5 2.5 2 1 3 1 1
1342.7 -5615.6 -14.2 198 0 18.9 21.3 10.0 2.5 2 1 4 4 4
2873.6 -5012.0 -12.3 191 0 10.1 11.3 10.0 0.0 0 1 4 3 3
2163.0 -5205.0 -4.1 28 0 17.9 19.9 10.0 2.5 2 1 4 1 1
1521.2 -5273.4 -10.2 290 0 20.0 13.5 10.0 2.5 2 0 4 5 5
1468.9 -5241.4 -10.9 114 0 27.9 8.1 5.0 0.0 0 0 2 1 1
2105.8 -5399.3 1.0 299 0 6.8 15.3 5.0 0.0 0 1 2 2 2
2099.4 -5326.6 -2.1 28 0 9.7 14.1 2.5 2.5 2 1 1 3 3
1902.4 -5037.2 -4.9 118 0 12.4 20.2 7.5 2.5 2 1 3 1 1
1922.8 -5074.0 -1.2 298 0 8.9 16.8 5.0 2.5 2 1 2 3 3
2325.9 -5395.2 1.5 197 0 12.6 12.7 7.5 2.5 2 1 3 1 1
2135.1 -5365.0 -2.9 208 0 4.6 9.9 7.5 2.5 2 1 3 5 5
1498.3 -5321.3 -10.2 200 0 9.7 17.4 5.0 2.5 2 1 2 3 3
1997.5 -5443.7 11.9 26 0 7.0 11.8 5.0 2.5 2 1 2 2 2
1215.2 -4865.7 -15.6 204 0 10.8 21.6 7.5 2.5 2 1 3 1 1
2209.3 -5296.2 -4.8 28 0 8.2 9.9 7.5 2.5 4 1 3 1 1
1680.4 -4805.1 -11.8 297 0 16.4 11.0 5.0 2.5 2 0 2 5 5
1822.1 -4956.3 -9.5 117 0 12.7 13.4 2.5 2.5 2 1 1 0 0
1798.9 -5032.8 -8.6 298 0 6.2 18.5 5.0 2.5 2 1 2 4 4
2739.6 -5903.5 -0.0 188 0 4.5 19.6 2.5 2.5 2 1 1 5 5
2201.4 -5217.9 -5.0 26 0 11.6 8.2 7.5 2.5 2 0 3 5 5
1934.3 -5080.9 -0.2 298 0 7.0 16.7 7.5 2.5 2 1 3 1 1
1250.7 -4889.8 -14.8 116 0 11.7 12.4 7.5 2.5 2 1 3 0 0
1952.6 -5037.3 -3.1 118 0 9.4 23.0 7.5 2.5 2 1 3 3 3
1849.7 -5115.4 -3.2 26 0 17.8 10.9 5.0 2.5 2 0 2 0 0
2053.2 -5412.3 5.1 29 0 11.0 13.4 2.5 0.0 0 1 1 3 3
1521.0 -4660.9 -14.9 137 0 7.4 13.3 7.5 2.5 2 1 3 4 4
2110.7 -5391.4 0.0 299 0 8.7 8.0 5.0 2.5 2 0 2 4 4
2011.6 -5502.2 15.2 209 0 9.1 13.4 5.0 2.5 2 1 2 1 1
2080.0 -5172.8 -0.3 36 0 10.1 10.8 7.5 0.0 0 1 3 5 5
2037.8 -5076.0 -0.3 55 0 9.9 15.9 2.5 2.5 2 1 1 1 1
1896.0 -5111.3 -0.2 208 0 5.0 14.7 7.5 2.5 4 1 3 0 0
1986.7 -5411.7 9.6 27 0 14.1 5.2 7.5 2.5 2 0 3 3 3
2319.6 -5426.2 3.5 196 0 6.4 9.9 5.0 2.5 2 1 2 5 5
2079.4 -5431.2 4.8 28 0 11.6 8.5 7.5 2.5 2 0 3 2 2
1951.1 -5411.8 12.1 207 0 8.0 13.4 2.5 2.5 2 1 1 4 4
1989.8 -5107.5 1.0 55 0 5.9 18.6 7.5 2.5 2 1 3 3 3
1974.4 -5069.3 -1.0 119 0 9.9 15.7 7.5 2.5 2 1 3 5 5
1841.2 -5003.9 -9.0 118 0 20.2 11.7 2.5 2.5 2 0 1 4 4
2136.3 -5272.5 -3.8 208 0 10.2 12.0 5.0 2.5 2 1 2 1 1
1966.2 -5379.0 8.4 207 0 7.7 12.8 5.0 2.5 2 1 2 5 5
1903.2 -5098.8 -0.6 208 0 9.2 6.2 7.5 2.5 2 0 3 2 2
2386.0 -5281.7 -5.5 107 0 5.9 14.9 7.5 2.5 2 1 3 3 3
2117.6 -5315.3 -3.2 209 0 10.8 8.5 7.5 2.5 4 0 3 4 4
2192.3 -5165.2 -5.2 208 0 9.0 13.2 5.0 2.5 2 1 2 5 5
1806.7 -5037.5 -8.5 298 0 6.2 13.1 5.0 2.5 2 1 2 1 1
2431.5 -5420.8 0.0 106 0 12.1 8.8 2.5 2.5 2 0 1 2 2
3162.1 -5397.7 -8.5 98 0 6.3 20.0 7.5 0.0 0 1 3 1 1
1854.2 -5062.2 -5.5 298 0 15.5 17.9 10.0 2.5 2 1 4 2 2
1483.6 -5094.4 -11.0 210 0 8.6 24.1 7.5 2.5 2 1 3 5 5
2122.7 -5044.2 -3.0 215 0 8.3 13.9 7.5 2.5 2 1 3 3 3
2014.3 -5413.7 8.2 29 0 7.7 11.4 2.5 2.5 2 1 1 3 3
1212.2 -4783.6 -19.3 24 0 9.6 15.0 5.0 2.5 2 1 2 5 5
1220.7 -4994.0 -15.3 289 0 20.7 10.5 5.0 2.5 4 0 2 3 3
2182.8 -5610.6 16.4 208 0 11.2 11.3 5.0 2.5 2 1 2 4 4
2311.1 -5426.9 3.2 197 0 15.4 6.6 7.5 2.5 4 0 3 2 2
2133.6 -5283.2 -3.8 208 0 8.7 12.5 2.5 2.5 2 1 1 4 4
2374.3 -5355.8 -0.9 16 0 10.8 16.8 5.0 2.5 2 1 2 3 3
1899.0 -5094.4 -1.1 208 0 11.0 4.9 7.5 0.0 0 0 3 2 2
2190.1 -5275.6 -4.7 208 0 4.1 10.8 7.5 2.5 2 1 3 0 0
1912.7 -5066.3 -2.0 298 0 3.8 17.2 5.0 2.5 2 1 2 1 1
2247.1 -5203.2 -5.9 26 0 21.7 8.7 7.5 0.0 0 0 3 0 0
1890.2 -5087.5 -1.9 208 0 10.2 9.1 5.0 2.5 2 0 2 2 2
1450.6 -5100.1 -11.3 120 0 4.0 12.3 2.5 2.5 2 1 1 3 3
2130.4 -5079.5 -2.8 125 0 12.1 17.4 5.0 2.5 2 1 2 3 3
2044.7 -5431.0 7.3 29 0 10.1 9.6 2.5 2.5 2 0 1 2 2
2120.0 -5376.1 -1.8 299 0 9.0 9.0 7.5 2.5 2 0 3 1 1
2246.3 -5570.5 12.8 115 0 5.7 13.7 7.5 2.5 2 1 3 5 5
1892.5 -5172.2 1.8 53 0 6.4 16.6 5.0 2.5 2 1 2 3 3
2090.3 -5126.8 -0.4 36 0 9.5 17.7 7.5 0.0 0 1 3 0 0
2111.6 -5261.7 -2.2 28 0 12.2 20.4 2.5 2.5 4 1 1 1 1
2332.2 -5438.6 3.7 107 0 9.6 13.1 7.5 2.5 2 1 3 3 3
1987.3 -5433.2 11.3 25 0 14.3 7.7 5.0 2.5 2 0 2 2 2
2216.7 -5281.3 -5.0 28 0 9.4 8.3 7.5 2.5 2 0 3 5 5
2317.7 -5409.2 2.2 196 0 14.6 16.8 5.0 2.5 4 1 2 0 0
2006.5 -5463.6 12.9 30 0 6.4 13.0 2.5 2.5 2 1 1 2 2
1979.3 -5116.0 1.6 56 0 8.7 15.3 5.0 2.5 2 1 2 5 5
1961.2 -5068.2 -1.4 119 0 13.0 21.1 12.5 2.5 2 1 5 3 3
2002.7 -5354.1 4.8 297 0 7.3 15.3 5.0 2.5 2 1 2 5 5
1969.5 -5154.8 3.9 236 0 22.2 12.2 10.0 2.5 2 0 4 1 1
2130.7 -5357.4 -3.3 299 0 8.6 12.8 7.5 2.5 4 1 3 3 3
2058.7 -5107.6 0.3 217 0 7.7 15.0 7.5 2.5 2 1 3 3 3
1960.6 -5131.5 3.0 234 0 11.0 16.2 5.0 2.5 2 1 2 4 4
2183.9 -5240.1 -4.7 208 0 10.1 5.7 2.5 2.5 2 0 1 3 3
2415.7 -5284.9 -4.7 12 0 7.8 16.0 7.5 2.5 2 1 3 5 5
1908.7 -5102.6 -0.2 208 0 9.5 9.0 2.5 2.5 2 0 1 1 1
2363.4 -5387.0 0.8 17 0 14.0 18.1 12.5 2.5 2 1 5 0 0
1823.1 -5039.0 -8.6 118 0 12.7 17.4 2.5 2.5 2 1 1 2 2
2134.1 -5326.6 -3.6 29 0 12.7 10.8 5.0 2.5 2 0 2 2 2
2214.4 -5179.2 -5.4 28 0 11.6 7.0 5.0 2.5 2 0 2 4 4
2083.1 -5084.0 -0.7 306 0 13.1 11.2 10.0 2.5 2 0 4 1 1
2331.0 -5371.9 -0.3 197 0 28.8 16.4 15.0 0.0 0 0 6 3 3
2397.6 -5424.9 0.5 56 0 15.0 28.3 10.0 2.5 2 1 4 0 0
2057.2 -5095.5 0.1 216 0 6.9 23.1 5.0 2.5 2 1 2 4 4
2147.9 -4911.3 -8.0 18 0 13.4 26.6 12.5 2.5 2 1 5 2 2
2225.1 -5105.5 -5.9 208 0 11.9 5.9 5.0 2.5 2 0 2 2 2
2169.6 -4960.9 -6.5 117 0 11.7 26.1 7.5 2.5 4 1 3 5 5
3024.7 -5141.4 -10.9 277 0 5.1 10.7 7.5 2.5 2 1 3 2 2
2129.6 -5147.4 -2.8 216 0 12.5 13.1 5.0 2.5 2 1 2 3 3
2337.8 -5284.6 -5.2 202 0 7.5 24.6 7.5 2.5 2 1 3 3 3
2332.6 -5298.3 -4.4 202 0 7.6 24.9 7.5 2.5 2 1 3 3 3
2404.9 -5195.7 -8.2 292 0 13.1 11.7 2.5 2.5 2 0 1 3 3
2785.6 -5226.1 -10.6 103 0 4.4 10.1 7.5 2.5 2 1 3 3 3
3157.9 -5151.7 -10.9 187 0 9.9 12.8 7.5 2.5 2 1 3 2 2
1904.4 -5492.5 14.9 176 0 14.0 13.2 7.5 2.5 2 0 3 0 0
3011.5 -5139.2 -10.9 277 0 6.5 11.1 7.5 2.5 2 1 3 2 2
2853.0 -5389.6 -9.6 191 0 5.4 12.1 7.5 2.5 2 1 3 3 3
1885.9 -5501.1 13.1 163 0 8.3 13.8 2.5 2.5 2 1 1 5 5
2259.7 -5225.8 -6.0 206 0 13.3 8.6 5.0 2.5 2 0 2 1 1
2813.6 -5342.6 -9.5 10 0 12.2 9.3 2.5 2.5 2 0 1 2 2
1817.8 -4703.2 -14.2 269 0 11.7 43.1 10.0 2.5 2 1 4 5 5
2082.2 -4862.5 -10.2 105 0 11.7 7.4 7.5 2.5 2 0 3 0 0
2193.6 -5329.9 -4.4 30 0 9.2 13.1 5.0 2.5 2 1 2 2 2
1910.4 -4761.9 -12.4 273 0 7.9 20.1 5.0 2.5 2 1 2 3 3
2629.6 -5276.0 -8.7 109 0 12.1 6.0 7.5 0.0 0 0 3 3 3
2251.5 -5107.1 -6.3 208 0 12.8 7.8 5.0 2.5 2 0 2 1 1
2074.6 -5371.6 0.6 27 0 5.5 15.1 2.5 2.5 2 1 1 4 4
1972.6 -4759.4 -12.6 281 0 21.5 8.6 7.5 0.0 0 0 3 1 1
1912.5 -4731.1 -13.0 275 0 8.1 25.7 2.5 2.5 2 1 1 4 4
2105.6 -5329.4 -2.9 210 0 10.8 13.0 2.5 2.5 2 1 1 1 1
1930.4 -5551.6 9.5 37 0 5.7 6.9 5.0 2.5 2 1 2 5 5
2331.9 -5255.0 -6.9 206 0 12.2 7.0 5.0 2.5 4 0 2 0 0
2304.1 -5038.7 -7.8 30 0 9.6 10.9 5.0 2.5 2 1 2 4 4
2336.4 -5234.1 -7.1 199 0 6.8 11.8 5.0 2.5 2 1 2 4 4
3022.2 -4687.5 -15.5 187 0 7.4 11.9 7.5 2.5 2 1 3 2 2
2077.6 -4885.0 -9.4 105 0 9.7 10.4 2.5 2.5 4 1 1 1 1
2042.3 -4874.3 -11.0 101 0 8.2 32.6 7.5 2.5 2 1 3 4 4
1501.6 -4123.1 -17.4 8 0 11.9 39.2 12.5 2.5 2 1 5 4 4
1868.3 -4939.7 -9.7 112 0 9.2 14.2 7.5 2.5 2 1 3 0 0
2186.4 -4823.1 -11.3 21 0 12.6 9.9 7.5 2.5 2 0 3 5 5
1702.7 -4110.8 -21.1 178 0 7.1 10.1 5.0 2.5 2 1 2 0 0
1530.2 -5469.9 -10.1 204 0 9.6 19.1 7.5 2.5 2 1 3 3 3
1472.7 -5050.2 -11.2 118 0 8.5 9.4 7.5 2.5 2 1 3 0 0
1607.5 -5490.7 -9.4 114 0 12.3 16.6 7.5 2.5 2 1 3 5 5
3159.5 -4359.6 -18.3 103 0 15.5 4.6 2.5 2.5 2 0 1 2 2
1341.1 -5850.8 -12.0 15 0 13.3 10.6 7.5 2.5 2 0 3 2 2
1924.0 -5182.2 5.1 231 0 4.9 13.3 7.5 2.5 2 1 3 4 4
2099.5 -5390.4 0.2 27 0 8.3 8.5 2.5 2.5 2 1 1 0 0
1495.6 -4076.3 -15.8 95 0 9.4 8.3 7.5 2.5 2 0 3 5 5
1338.7 -4265.8 -20.9 262 0 34.4 10.0 7.5 2.5 2 0 3 0 0
2609.4 -4372.7 -18.8 198 0 7.3 28.2 5.0 2.5 2 1 2 4 4
1500.1 -4159.5 -19.0 271 0 16.4 9.6 5.0 2.5 2 0 2 1 1
1714.6 -4857.3 -11.0 116 0 9.7 7.9 7.5 2.5 4 0 3 2 2
2177.2 -4835.6 -11.4 21 0 12.0 35.5 12.5 2.5 2 1 5 4 4
2087.1 -5344.0 -1.3 30 0 4.9 12.7 2.5 2.5 2 1 1 1 1
1701.6 -4048.4 -18.5 91 0 9.9 16.2 2.5 2.5 2 1 1 1 1
1692.7 -4724.7 -13.7 97 0 5.7 11.0 5.0 2.5 2 1 2 4 4
1702.1 -4794.8 -11.8 296 0 6.9 17.4 5.0 2.5 2 1 2 3 3
2154.9 -5312.4 -4.1 210 0 7.2 11.8 5.0 2.5 2 1 2 5 5
1601.3 -5505.7 -9.5 114 0 10.8 15.3 7.5 2.5 2 1 3 1 1
2988.9 -4663.9 -15.8 13 0 13.6 11.8 2.5 2.5 2 0 1 2 2
1634.7 -5469.2 -6.1 294 0 9.5 11.7 5.0 2.5 2 1 2 1 1
1584.4 -4055.4 -16.7 103 0 7.1 15.2 7.5 2.5 2 1 3 2 2
1928.2 -5146.3 2.0 59 0 6.7 17.6 2.5 2.5 2 1 1 2 2
1230.8 -5957.7 -13.9 198 0 11.8 12.1 2.5 2.5 2 1 1 3 3
1138.3 -4862.4 -20.2 196 0 9.3 11.3 5.0 0.0 0 1 2 1 1
3059.8 -5572.4 -10.1 100 0 10.8 4.3 5.0 2.5 2 0 2 4 4
2885.0 -5044.5 -12.0 12 0 10.2 12.4 2.5 2.5 2 1 1 5 5
2171.0 -4853.6 -10.1 21 0 12.5 14.9 5.0 2.5 2 1 2 1 1
1175.8 -4725.4 -21.8 195 0 7.7 8.7 7.5 0.0 0 1 3 0 0
2086.0 -5436.8 5.5 298 0 11.7 6.6 2.5 2.5 2 0 1 0 0
1880.9 -5252.7 10.9 102 0 8.4 6.2 5.0 2.5 4 0 2 0 0
2059.7 -5475.8 10.0 208 0 7.6 10.9 7.5 2.5 2 1 3 4 4
1266.2 -5947.5 -13.1 284 0 10.6 29.9 7.5 2.5 2 1 3 0 0
1437.6 -4122.4 -16.2 99 0 12.8 14.4 5.0 0.0 0 1 2 4 4
1525.7 -4045.4 -15.5 95 0 9.2 18.8 5.0 2.5 2 1 2 3 3
2316.9 -4911.9 -9.6 112 0 8.6 15.7 5.0 2.5 2 1 2 3 3
1686.1 -4122.5 -22.7 268 0 10.1 24.6 5.0 2.5 2 1 2 0 0
3036.6 -5144.4 -10.9 277 0 5.5 8.7 5.0 2.5 2 1 2 1 1
1723.6 -4830.9 -11.3 297 0 18.9 11.8 7.5 2.5 2 0 3 2 2
1390.4 -4703.3 -16.4 210 0 6.0 17.7 7.5 2.5 2 1 3 2 2
2122.6 -4946.4 -6.4 110 0 16.3 14.3 2.5 2.5 4 0 1 0 0
1333.5 -5049.0 -12.9 296 0 22.4 11.1 5.0 0.0 0 0 2 1 1
1458.4 -5042.8 -11.4 118 0 6.1 9.1 5.0 0.0 0 1 2 5 5
1742.2 -4700.7 -14.1 267 0 10.6 21.1 7.5 2.5 2 1 3 5 5
1559.6 -4051.8 -16.2 103 0 5.5 15.0 7.5 2.5 2 1 3 1 1
2155.2 -4848.2 -10.6 21 0 13.0 16.5 5.0 0.0 0 1 2 0 0
2607.7 -4389.0 -18.7 198 0 6.2 19.2 5.0 2.5 2 1 2 2 2
1591.3 -4056.3 -16.8 103 0 5.3 16.6 2.5 2.5 2 1 1 5 5
1691.8 -4106.6 -21.3 178 0 25.6 9.2 7.5 2.5 2 0 3 0 0
2936.8 -5100.2 -11.3 183 0 4.2 7.1 5.0 2.5 4 1 2 3 3
1349.9 -5011.7 -12.8 28 0 10.4 12.7 10.0 2.5 2 1 4 5 5
1464.5 -5046.3 -11.3 118 0 6.7 9.7 5.0 2.5 2 1 2 3 3
1574.1 -5113.4 -9.9 212 0 12.8 35.0 10.0 2.5 2 1 4 1 1
1353.0 -5804.0 -12.1 15 0 24.8 8.6 7.5 2.5 2 0 3 5 5
3001.5 -5355.5 -8.5 9 0 11.6 6.4 5.0 2.5 2 0 2 2 2
1345.8 -5828.1 -12.1 15 0 12.8 9.2 7.5 0.0 0 0 3 0 0
1918.7 -5185.1 5.3 231 0 5.6 13.4 5.0 2.5 2 1 2 0 0
2028.8 -4873.6 -10.0 104 0 15.0 4.6 2.5 2.5 2 0 1 0 0
1488.7 -4095.3 -16.1 95 0 8.1 17.1 7.5 2.5 2 1 3 4 4
3055.4 -4551.8 -16.7 195 0 10.4 20.5 5.0 2.5 4 1 2 5 5
679.9 -3933.6 -7.8 107 0 7.8 14.3 7.5 2.5 2 1 3 5 5
1452.7 -4134.8 -16.8 95 0 6.6 6.4 7.5 2.5 2 0 3 5 5
2762.7 -4662.9 -15.8 12 0 12.5 6.0 7.5 2.5 2 0 3 3 3
2966.5 -5129.8 -11.0 280 0 5.5 11.9 2.5 2.5 2 1 1 0 0
1476.5 -5780.0 -10.9 107 0 21.0 15.0 10.0 2.5 2 0 4 0 0
1781.4 -5017.7 -8.9 117 0 21.4 16.8 10.0 0.0 0 0 4 5 5
1575.8 -4054.0 -16.5 103 0 7.6 8.7 5.0 2.5 2 1 2 4 4
2165.7 -4816.0 -11.9 21 0 12.5 17.5 5.0 2.5 2 1 2 4 4
1442.4 -4633.8 -16.9 114 0 15.6 18.6 10.0 2.5 2 1 4 1 1
2890.7 -4222.6 -19.9 192 0 5.8 10.8 2.5 2.5 4 1 1 0 0
1675.9 -4712.2 -13.9 82 0 8.8 9.6 7.5 2.5 2 1 3 5 5
1628.7 -5536.0 -9.7 199 0 5.6 17.8 2.5 2.5 2 1 1 4 4
1330.7 -4419.4 -23.8 334 0 6.5 37.0 5.0 2.5 2 1 2 3 3
1567.8 -4087.8 -18.3 103 0 9.1 8.2 5.0 2.5 2 0 2 1 1
2908.2 -5050.1 -11.9 12 0 8.4 18.7 2.5 0.0 0 1 1 4 4
691.6 -3937.1 -7.9 107 0 8.7 13.6 7.5 2.5 2 1 3 2 2
1863.3 -4943.2 -9.5 204 0 8.0 8.5 5.0 2.5 2 1 2 2 2
2119.3 -5287.3 -2.7 19 0 7.3 27.1 5.0 2.5 2 1 2 3 3
1567.1 -4052.3 -16.3 103 0 7.4 11.0 5.0 2.5 2 1 2 4 4
2151.0 -4880.1 -9.1 21 0 12.3 16.5 5.0 2.5 2 1 2 5 5
1805.3 -4844.0 -10.6 290 0 7.5 7.5 5.0 2.5 2 1 2 0 0
3212.1 -5213.2 -10.3 187 0 10.5 5.8 7.5 2.5 2 0 3 2 2
2057.5 -5315.0 -0.1 300 0 13.6 5.8 7.5 2.5 2 0 3 2 2
1366.9 -5924.3 -11.6 201 0 8.9 19.8 2.5 2.5 2 1 1 3 3
1435.3 -4137.1 -16.7 93 0 14.9 12.7 5.0 0.0 0 0 2 1 1
1534.1 -4046.8 -15.6 95 0 6.7 18.6 7.5 2.5 2 1 3 0 0
2084.6 -5349.2 -1.0 30 0 4.6 12.8 7.5 2.5 2 1 3 2 2
2515.1 -4687.1 -15.7 107 0 17.0 14.3 5.0 2.5 4 0 2 5 5
1603.5 -4032.4 -16.1 13 0 6.8 23.5 2.5 2.5 2 1 1 4 4
2085.4 -5362.1 -1.2 210 0 4.9 13.0 5.0 2.5 2 1 2 3 3
2181.9 -5268.4 -4.6 210 0 6.9 9.8 5.0 2.5 2 1 2 3 3
2054.2 -4704.7 -14.0 187 0 10.0 11.8 7.5 2.5 2 1 3 2 2
1326.7 -4586.0 -18.7 130 0 8.7 43.1 7.5 2.5 2 1 3 3 3
973.3 -4139.8 -12.3 8 0 16.1 22.3 5.0 2.5 2 1 2 0 0
2610.1 -4381.6 -18.7 198 0 6.6 18.6 7.5 0.0 0 1 3 1 1
1392.1 -5970.4 -11.9 112 0 6.1 17.1 2.5 2.5 2 1 1 3 3
2641.6 -4373.5 -18.9 18 0 6.6 31.2 7.5 2.5 2 1 3 4 4
2650.0 -4378.4 -18.7 305 0 7.5 32.2 7.5 2.5 2 1 3 2 2
1259.7 -5925.4 -13.5 287 0 11.6 48.9 7.5 2.5 2 1 3 3 3
2610.8 -4400.4 -18.6 138 0 9.8 10.2 2.5 2.5 2 1 1 2 2
1921.7 -5575.2 6.3 48 0 7.8 34.0 7.5 2.5 2 1 3 5 5
3229.6 -5203.4 -10.4 268 0 11.8 15.0 2.5 2.5 2 1 1 4 4
984.7 -4428.6 -16.1 13 0 7.9 12.1 2.5 2.5 2 1 1 4 4
518.8 -5701.1 -16.7 292 0 7.9 4.6 5.0 2.5 2 0 2 1 1
2218.1 -5518.2 10.6 297 0 7.6 10.5 7.5 2.5 2 1 3 3 3
627.3 -3462.6 -5.7 288 0 11.4 12.1 7.5 0.0 0 1 3 0 0
1352.9 -3678.8 -10.2 283 0 9.6 17.6 5.0 2.5 2 1 2 3 3
1359.7 -4129.9 -14.7 96 0 27.7 8.9 5.0 2.5 2 0 2 5 5
1701.8 -5036.9 -9.0 208 0 14.0 23.6 10.0 2.5 2 1 4 3 3
1455.7 -4091.6 -15.3 96 0 8.1 15.0 7.5 2.5 4 1 3 2 2
533.3 -5581.0 -15.4 111 0 4.8 6.8 5.0 2.5 2 1 2 4 4
1221.9 -3765.4 -8.7 194 0 13.2 15.6 7.5 2.5 2 1 3 5 5
3149.2 -5154.1 -11.0 99 0 6.5 9.9 5.0 2.5 2 1 2 0 0
2610.8 -5485.2 -5.1 283 0 8.7 20.1 7.5 2.5 2 1 3 3 3
1411.8 -3681.5 -11.8 282 0 14.9 10.0 7.5 2.5 2 0 3 1 1
1178.6 -4081.6 -11.6 279 0 6.9 5.9 5.0 2.5 2 0 2 4 4
779.9 -4561.2 -16.1 193 0 7.9 12.7 7.5 2.5 4 1 3 0 0
2240.8 -5489.2 6.8 207 0 5.2 10.3 7.5 2.5 2 1 3 3 3
1501.3 -3744.6 -13.8 103 0 11.1 15.1 2.5 2.5 2 1 1 1 1
1717.9 -5069.0 -8.5 212 0 21.2 10.7 2.5 2.5 4 0 1 3 3
1041.4 -3880.9 -8.7 17 0 22.7 10.7 5.0 2.5 2 0 2 2 2
566.6 -5243.6 -18.1 284 0 9.9 5.2 2.5 2.5 2 0 1 3 3
528.7 -5227.3 -17.4 288 0 7.5 10.8 2.5 2.5 2 1 1 4 4
2112.5 -5088.5 -1.4 306 0 6.8 11.8 2.5 2.5 4 1 1 0 0
2742.5 -5334.5 -9.0 99 0 13.3 9.4 5.0 2.5 2 0 2 5 5
2224.1 -5495.5 7.9 207 0 4.7 8.0 7.5 2.5 2 1 3 2 2
1731.7 -5079.5 -8.3 212 0 18.2 7.9 5.0 2.5 2 0 2 2 2
1246.1 -3670.9 -8.4 198 0 10.6 14.4 2.5 2.5 2 1 1 1 1
858.2 -4386.3 -14.9 13 0 5.1 9.1 5.0 2.5 2 1 2 5 5
965.9 -4510.2 -17.0 289 0 12.5 14.8 7.5 2.5 2 1 3 0 0
1928.5 -5121.4 1.1 27 0 12.6 10.2 5.0 2.5 2 0 2 0 0
1865.9 -5061.4 -5.1 119 0 7.6 16.6 5.0 2.5 2 1 2 4 4
2942.9 -5083.1 -11.5 189 0 3.9 12.3 2.5 2.5 2 1 1 1 1
545.7 -5230.1 -17.7 288 0 5.1 11.2 5.0 2.5 4 1 2 1 1
2108.3 -5197.5 -1.8 210 0 10.3 4.6 5.0 2.5 2 0 2 3 3
1279.8 -3598.7 -9.3 198 0 6.6 19.7 5.0 2.5 4 1 2 4 4
1038.8 -3566.5 -8.1 288 0 13.8 9.5 7.5 2.5 2 0 3 1 1
1496.4 -3716.7 -13.6 283 0 10.6 7.8 2.5 2.5 2 0 1 0 0
611.0 -5246.6 -18.7 290 0 4.0 14.5 2.5 2.5 2 1 1 1 1
1266.2 -4091.4 -10.8 3 0 7.9 7.9 2.5 2.5 2 1 1 3 3
1501.9 -4064.0 -15.7 99 0 6.5 18.9 7.5 2.5 2 1 3 4 4
1700.9 -3679.1 -16.9 203 0 7.9 18.3 7.5 2.5 2 1 3 3 3
605.1 -5712.7 -18.4 26 0 6.5 7.0 7.5 2.5 2 1 3 4 4
613.9 -5255.0 -18.8 290 0 5.9 7.0 5.0 2.5 4 1 2 5 5
552.0 -5232.0 -17.8 288 0 5.5 11.9 5.0 2.5 4 1 2 4 4
1835.1 -5050.4 -6.8 298 0 7.7 14.5 7.5 2.5 2 1 3 1 1
2104.9 -5083.3 -1.3 306 0 8.0 11.7 5.0 2.5 2 1 2 0 0
542.1 -5727.0 -17.4 116 0 6.5 12.9 7.5 2.5 2 1 3 3 3
3142.5 -5152.8 -11.0 99 0 6.0 10.2 2.5 2.5 2 1 1 2 2
2118.6 -5091.1 -1.6 306 0 6.0 13.7 5.0 2.5 4 1 2 3 3
2216.7 -5494.4 8.1 297 0 9.4 4.4 2.5 2.5 2 0 1 2 2
519.3 -5553.6 -15.0 296 0 5.6 7.1 7.5 2.5 2 1 3 5 5
2811.3 -5084.4 -11.5 189 0 18.9 13.1 2.5 2.5 2 0 1 2 2
2224.4 -5117.7 -5.9 210 0 7.8 12.0 7.5 2.5 2 1 3 1 1
1226.6 -3663.5 -8.3 18 0 7.5 8.4 5.0 2.5 2 1 2 0 0
1339.6 -3813.4 -8.9 14 0 6.9 9.2 7.5 2.5 2 1 3 2 2
1000.2 -4409.2 -16.2 12 0 7.3 25.3 7.5 2.5 2 1 3 5 5
1368.9 -3723.1 -10.3 283 0 8.0 6.3 5.0 2.5 2 0 2 4 4
1126.2 -4043.8 -11.6 7 0 12.0 19.5 5.0 2.5 4 1 2 4 4
987.5 -4540.1 -17.7 289 0 5.8 11.8 7.5 2.5 2 1 3 3 3
1368.2 -3733.9 -10.2 283 0 9.5 12.2 7.5 2.5 2 1 3 0 0
1416.1 -4018.2 -12.3 186 0 16.0 8.5 7.5 2.5 2 0 3 2 2
2124.1 -5095.0 -1.7 306 0 6.7 13.6 2.5 2.5 2 1 1 5 5
2098.3 -5154.1 -1.0 36 0 14.9 12.6 5.0 2.5 2 0 2 1 1
2218.6 -5533.2 12.0 207 0 5.9 11.4 7.5 2.5 2 1 3 4 4
526.4 -5558.0 -15.1 296 0 10.3 7.0 5.0 2.5 2 0 2 3 3
1214.1 -4050.6 -10.4 277 0 11.5 9.8 2.5 2.5 4 0 1 4 4
2749.4 -5394.3 -8.2 279 0 8.7 12.5 5.0 2.5 2 1 2 3 3
1353.2 -4066.1 -12.2 276 0 14.2 6.8 2.5 2.5 2 0 1 2 2
2191.9 -5541.8 13.5 207 0 4.8 8.8 7.5 2.5 2 1 3 5 5
2061.2 -5069.3 -0.7 230 0 12.6 15.7 2.5 2.5 2 1 1 1 1
868.6 -4463.0 -15.3 198 0 19.4 12.7 2.5 2.5 2 0 1 2 2
2721.4 -5670.4 -6.4 103 0 28.7 9.5 7.5 2.5 4 0 3 3 3
1148.0 -4105.1 -12.1 187 0 8.8 9.5 7.5 2.5 2 1 3 5 5
653.3 -5257.2 -19.1 282 0 15.9 15.9 10.0 2.5 2 0 4 3 3
544.9 -5568.7 -15.5 21 0 4.2 7.9 5.0 0.0 0 1 2 4 4
2263.9 -5481.1 6.3 297 0 5.4 7.6 7.5 2.5 2 1 3 4 4
1590.3 -3683.9 -15.1 103 0 10.4 8.8 5.0 2.5 2 0 2 5 5
1740.5 -5046.7 -8.6 298 0 20.6 14.6 7.5 2.5 2 0 3 5 5
2251.8 -5468.4 5.2 207 0 7.4 11.7 5.0 2.5 2 1 2 0 0
2237.0 -5139.2 -6.0 118 0 12.1 7.5 5.0 0.0 0 0 2 0 0
857.5 -3951.7 -9.6 117 0 17.3 12.0 7.5 2.5 2 0 3 3 3
1532.2 -3730.6 -14.4 12 0 9.1 12.2 5.0 0.0 0 1 2 5 5
1326.9 -3680.9 -9.7 283 0 24.9 14.5 12.5 2.5 2 0 5 0 0
511.0 -5549.0 -14.9 296 0 10.5 8.3 5.0 2.5 2 0 2 3 3
956.3 -4650.0 -19.6 12 0 15.1 37.5 10.0 2.5 2 1 4 1 1
2622.8 -5505.2 -4.7 13 0 6.7 11.6 5.0 2.5 2 1 2 0 0
2260.9 -5538.7 11.1 27 0 5.8 13.4 5.0 2.5 2 1 2 1 1
1775.5 -5354.4 20.3 217 0 4.1 15.9 7.5 0.0 0 1 3 4 4
1602.8 -5261.8 -9.2 204 0 12.8 36.3 7.5 2.5 2 1 3 5 5
3062.0 -5426.5 -8.8 279 0 22.7 10.4 2.5 2.5 2 0 1 0 0
1253.7 -4955.0 -13.9 113 0 5.5 12.6 7.5 2.5 2 1 3 1 1
740.5 -4633.9 -17.2 194 0 14.5 10.5 2.5 2.5 2 0 1 1 1
843.0 -4967.0 -22.8 187 0 19.2 3.9 2.5 2.5 2 0 1 3 3
767.1 -4883.0 -21.6 93 0 6.9 11.2 2.5 2.5 2 1 1 0 0
881.8 -4308.4 -14.6 195 0 7.9 9.7 5.0 2.5 2 1 2 0 0
996.4 -4337.6 -16.0 92 0 11.3 9.5 2.5 2.5 2 0 1 3 3
720.9 -4328.7 -13.0 105 0 14.1 21.4 7.5 2.5 2 1 3 3 3
817.5 -4095.6 -11.1 95 0 12.3 6.2 2.5 2.5 2 0 1 1 1
2055.2 -5370.9 1.6 27 0 11.2 8.5 2.5 2.5 2 0 1 5 5
505.4 -4956.6 -17.5 192 0 8.8 18.3 7.5 2.5 2 1 3 4 4
1167.8 -4968.9 -18.1 14 0 7.5 16.8 7.5 2.5 2 1 3 3 3
1879.7 -5166.0 1.5 53 0 5.6 7.8 7.5 2.5 2 1 3 1 1
1444.6 -5753.1 -10.7 107 0 13.8 8.4 7.5 2.5 2 0 3 5 5
579.0 -4964.3 -18.6 193 0 18.7 11.8 5.0 2.5 2 0 2 4 4
1714.3 -5203.9 -5.5 123 0 8.8 11.6 5.0 2.5 4 1 2 3 3
1706.2 -5198.5 -7.9 123 0 8.4 10.7 5.0 2.5 2 1 2 3 3
794.4 -4438.0 -14.4 18 0 6.9 7.6 2.5 2.5 2 1 1 0 0
505.6 -4817.1 -17.7 189 0 9.4 22.0 5.0 2.5 2 1 2 2 2
1858.4 -5057.0 -5.7 120 0 6.9 17.4 2.5 2.5 2 1 1 0 0
801.0 -4884.1 -22.2 93 0 7.2 10.5 7.5 2.5 2 1 3 3 3
2164.8 -5170.4 -4.0 30 0 11.3 7.1 2.5 2.5 2 0 1 2 2
1885.4 -5168.8 2.4 323 0 9.5 5.3 2.5 2.5 2 0 1 5 5
2033.0 -5103.6 1.1 230 0 6.6 10.7 5.0 2.5 4 1 2 5 5
1000.2 -4345.7 -16.1 272 0 10.0 8.2 7.5 2.5 2 0 3 2 2
1140.5 -4943.8 -20.1 103 0 23.1 10.2 5.0 2.5 2 0 2 4 4
626.4 -4920.0 -19.5 192 0 9.1 17.2 5.0 0.0 0 1 2 2 2
849.3 -4969.9 -22.9 186 0 20.7 4.4 5.0 2.5 2 0 2 4 4
667.5 -5259.8 -19.2 286 0 10.1 15.9 5.0 2.5 2 1 2 2 2
1895.7 -5180.5 4.2 323 0 5.3 8.5 7.5 2.5 2 1 3 4 4
1265.6 -4967.4 -13.8 206 0 9.1 9.8 2.5 0.0 0 1 1 5 5
2158.2 -5165.3 -3.6 34 0 10.6 4.9 5.0 2.5 2 0 2 1 1
564.1 -5372.7 -17.3 106 0 15.1 11.9 2.5 2.5 2 0 1 1 1
2017.8 -5370.8 4.1 27 0 14.8 14.3 5.0 2.5 2 0 2 2 2
633.6 -4833.5 -19.7 193 0 4.4 16.8 5.0 2.5 4 1 2 4 4
1931.3 -5522.6 13.0 32 0 9.7 4.7 7.5 2.5 2 0 3 5 5
515.6 -5223.8 -17.3 286 0 14.6 9.9 2.5 2.5 2 0 1 1 1
634.4 -4891.7 -19.4 286 0 5.2 12.4 7.5 2.5 2 1 3 4 4
775.0 -4883.2 -21.8 91 0 6.8 12.0 5.0 0.0 0 1 2 5 5
2233.4 -5079.2 -6.1 34 0 19.8 7.8 5.0 2.5 2 0 2 2 2
1618.5 -5503.5 -9.5 112 0 8.7 11.8 7.5 0.0 0 1 3 4 4
610.0 -4893.9 -19.2 196 0 10.2 12.5 10.0 0.0 0 1 4 4 4
1002.5 -4302.9 -15.6 2 0 8.3 9.3 2.5 2.5 2 1 1 2 2
2140.9 -5156.8 -3.2 210 0 11.2 9.8 5.0 2.5 2 0 2 3 3
1230.4 -4253.7 -16.6 103 0 12.1 20.8 10.0 2.5 2 1 4 3 3
1719.0 -5218.8 -2.7 125 0 9.4 5.8 5.0 2.5 2 0 2 1 1
1275.8 -4160.7 -12.5 356 0 4.9 14.9 5.0 2.5 2 1 2 2 2
1719.2 -5546.6 -6.3 278 0 6.1 14.0 5.0 2.5 2 1 2 5 5
1545.7 -5164.3 -10.1 210 0 10.4 7.2 7.5 2.5 2 0 3 5 5
2215.9 -5053.5 -5.5 304 0 9.2 18.9 5.0 2.5 4 1 2 1 1
666.6 -4100.6 -9.6 185 0 9.4 6.8 2.5 2.5 4 0 1 1 1
783.0 -4443.1 -14.4 18 0 5.5 8.9 7.5 2.5 2 1 3 4 4
908.1 -4975.5 -23.8 11 0 8.4 12.4 2.5 2.5 2 1 1 5 5
693.4 -4305.8 -12.5 195 0 11.9 5.8 7.5 2.5 2 0 3 3 3
1160.2 -4960.9 -18.0 107 0 16.3 10.0 7.5 2.5 2 0 3 0 0
1872.1 -5027.1 -6.3 298 0 9.7 14.6 2.5 0.0 0 1 1 2 2
837.6 -5203.7 -21.0 189 0 10.3 7.7 7.5 2.5 4 0 3 3 3
771.4 -4854.2 -21.7 273 0 10.5 12.5 2.5 2.5 2 1 1 1 1
638.6 -4896.3 -19.5 286 0 3.2 9.6 7.5 2.5 4 1 3 1 1
1664.1 -5216.2 -8.6 213 0 15.5 8.9 7.5 2.5 2 0 3 3 3
789.3 -4021.4 -10.4 271 0 22.6 35.6 12.5 0.0 0 1 5 0 0
1312.1 -4139.5 -13.0 271 0 11.6 4.9 5.0 0.0 0 0 2 0 0
587.8 -4875.8 -18.7 16 0 10.1 12.6 2.5 2.5 2 1 1 2 2
1282.6 -4960.2 -13.7 23 0 8.3 7.2 5.0 2.5 2 0 2 5 5
1225.4 -4269.7 -17.7 103 0 16.8 13.8 2.5 2.5 2 0 1 1 1
877.8 -5159.5 -21.7 277 0 7.3 9.5 2.5 2.5 2 1 1 1 1
1923.1 -5327.8 9.6 293 0 18.3 14.4 10.0 2.5 2 0 4 5 5
661.4 -4928.1 -19.8 12 0 11.1 18.1 5.0 2.5 2 1 2 0 0
881.5 -4776.3 -21.5 190 0 8.5 10.5 5.0 2.5 2 1 2 4 4
1398.7 -5569.4 -13.6 25 0 11.3 18.8 5.0 0.0 0 1 2 3 3
1696.7 -5185.9 -8.3 213 0 10.1 9.3 5.0 2.5 2 0 2 2 2
1413.6 -5741.0 -10.7 196 0 5.7 9.5 2.5 2.5 2 1 1 0 0
1464.9 -5084.1 -11.2 210 0 9.4 7.3 5.0 0.0 0 0 2 0 0
2193.4 -5037.7 -5.1 214 0 4.7 9.1 7.5 2.5 2 1 3 4 4
1204.9 -4229.8 -15.3 193 0 15.9 20.5 10.0 0.0 0 1 4 3 3
746.7 -3950.9 -8.5 17 0 6.9 15.8 2.5 0.0 0 1 1 4 4
755.2 -4602.3 -16.6 191 0 10.7 8.0 7.5 2.5 2 0 3 1 1
1615.5 -5511.6 -9.6 146 0 8.0 13.5 5.0 2.5 2 1 2 0 0
482.9 -4360.3 -10.8 100 0 9.5 21.8 7.5 2.5 4 1 3 2 2
1391.5 -3288.7 -11.3 28 0 29.3 18.4 5.0 2.5 2 0 2 5 5
1458.2 -3155.0 -10.6 114 0 22.2 9.8 7.5 2.5 2 0 3 4 4
1504.8 -4018.6 -13.8 99 0 10.5 9.5 2.5 2.5 2 0 1 1 1
1430.1 -3494.8 -11.8 289 0 7.6 11.5 7.5 2.5 2 1 3 2 2
1448.4 -3326.0 -12.2 24 0 16.5 13.6 5.0 2.5 4 0 2 5 5
1518.9 -3173.2 -11.4 204 0 19.4 11.6 5.0 2.5 2 0 2 0 0
1596.1 -3887.0 -15.2 193 0 9.1 10.3 7.5 2.5 2 1 3 1 1
1307.5 -4465.1 -22.2 234 0 10.3 20.7 7.5 2.5 2 1 3 2 2
1286.6 -3453.3 -9.4 24 0 8.7 15.0 7.5 0.0 0 1 3 2 2
501.1 -4362.8 -11.0 100 0 5.9 21.7 7.5 2.5 2 1 3 3 3
1305.4 -3403.3 -10.4 24 0 9.8 29.2 7.5 2.5 2 1 3 4 4
1303.7 -3349.3 -10.5 268 0 18.8 19.1 7.5 2.5 2 1 3 5 5
1260.6 -4175.5 -12.7 8 0 7.4 10.7 5.0 2.5 2 1 2 2 2
1462.0 -3718.1 -12.8 285 0 15.9 18.8 7.5 2.5 2 1 3 2 2
1424.4 -3352.0 -12.0 114 0 17.1 10.5 7.5 2.5 2 0 3 4 4
1499.2 -3272.5 -11.5 24 0 15.4 19.4 7.5 2.5 2 1 3 3 3
1535.8 -3161.2 -11.4 24 0 6.7 9.0 2.5 2.5 2 1 1 2 2
2028.8 -4887.4 -9.7 103 0 12.7 11.1 5.0 2.5 2 0 2 4 4
1391.5 -5688.4 -12.4 19 0 6.6 14.4 2.5 2.5 2 1 1 4 4
1992.2 -4890.1 -10.7 96 0 6.5 38.3 7.5 2.5 2 1 3 5 5
2723.0 -5512.6 -7.1 192 0 7.7 10.7 5.0 2.5 2 1 2 5 5
2498.9 -5454.2 -3.4 104 0 20.1 6.0 5.0 2.5 2 0 2 1 1
2044.5 -5078.3 0.0 235 0 7.6 17.7 5.0 2.5 2 1 2 0 0
3008.8 -4702.0 -15.4 188 0 7.4 15.4 7.5 0.0 0 1 3 4 4
1411.1 -5998.4 -11.0 298 0 24.9 23.0 10.0 2.5 2 0 4 1 1
2997.3 -4776.1 -14.8 191 0 10.7 15.6 7.5 0.0 0 1 3 0 0
1317.3 -5937.8 -11.7 104 0 10.4 14.2 5.0 2.5 2 1 2 5 5
2379.3 -5345.6 -1.0 19 0 9.6 5.8 5.0 2.5 2 0 2 1 1
1859.3 -4833.6 -11.3 92 0 8.3 15.3 5.0 2.5 2 1 2 2 2
2806.2 -5399.3 -9.4 284 0 6.4 9.3 7.5 2.5 4 1 3 1 1
1215.4 -4900.2 -15.4 15 0 9.9 14.9 5.0 2.5 2 1 2 2 2
1767.9 -5062.7 -8.3 300 0 10.2 16.4 5.0 2.5 2 1 2 4 4
3107.8 -5443.4 -8.8 285 0 10.8 10.1 5.0 2.5 4 0 2 0 0
1425.2 -5544.2 -13.1 21 0 5.8 19.0 5.0 2.5 2 1 2 1 1
3085.0 -5149.6 -10.9 280 0 12.0 12.2 2.5 2.5 2 1 1 4 4
2327.3 -5216.6 -7.2 199 0 6.9 25.1 5.0 2.5 2 1 2 4 4
1973.1 -5082.4 0.3 300 0 14.6 14.2 7.5 2.5 4 0 3 5 5
2547.9 -5518.4 -4.4 274 0 18.3 12.6 7.5 2.5 2 0 3 3 3
3053.8 -4561.6 -16.6 192 0 7.6 15.4 5.0 2.5 2 1 2 2 2
2324.5 -5311.7 -3.7 199 0 5.8 25.7 7.5 2.5 2 1 3 4 4
3007.1 -4711.3 -15.3 188 0 6.4 14.0 2.5 2.5 2 1 1 4 4
3216.7 -5109.8 -11.5 79 0 5.4 13.3 5.0 2.5 2 1 2 4 4
1916.8 -4827.3 -11.7 95 0 8.3 29.1 7.5 2.5 2 1 3 2 2
2370.9 -5341.2 -1.7 19 0 12.5 11.2 10.0 2.5 2 0 4 5 5
2171.9 -4774.6 -12.8 293 0 9.7 10.7 5.0 2.5 2 1 2 4 4
2438.5 -5401.3 -0.7 289 0 11.6 11.3 10.0 0.0 0 0 4 5 5
3192.9 -5396.7 -8.4 102 0 8.5 13.2 7.5 2.5 2 1 3 3 3
2998.0 -4627.3 -16.1 17 0 7.6 5.3 5.0 2.5 2 0 2 1 1
1962.5 -4908.5 -8.8 293 0 4.0 10.6 7.5 2.5 2 1 3 1 1
2946.1 -4631.1 -16.0 190 0 7.2 7.3 7.5 2.5 2 1 3 0 0
1388.2 -5991.6 -11.7 297 0 19.0 18.1 10.0 2.5 2 0 4 1 1
1417.1 -5717.2 -10.8 200 0 10.1 15.2 7.5 0.0 0 1 3 1 1
3038.8 -4766.0 -14.9 6 0 12.9 8.6 2.5 2.5 2 0 1 0 0
1252.3 -4933.0 -14.1 23 0 10.8 6.8 5.0 2.5 2 0 2 4 4
2954.1 -4631.6 -16.0 193 0 7.1 10.0 5.0 2.5 2 1 2 1 1
2127.3 -5135.1 -3.0 214 0 7.8 21.9 2.5 2.5 2 1 1 1 1
2137.9 -5119.3 -3.4 216 0 10.7 24.3 10.0 2.5 2 1 4 1 1
1956.3 -4980.0 -6.7 23 0 24.1 18.4 12.5 2.5 2 0 5 3 3
1690.1 -4948.2 -10.0 298 0 20.9 18.1 7.5 2.5 2 0 3 0 0
1638.5 -4163.3 -23.1 141 0 11.6 16.0 5.0 0.0 0 1 2 2 2
549.1 -3986.9 -7.2 108 0 14.9 15.7 10.0 2.5 2 1 4 0 0
1757.0 -5055.2 -8.4 298 0 12.6 18.8 5.0 2.5 4 1 2 0 0
1440.3 -5066.3 -11.6 299 0 5.1 9.9 7.5 2.5 2 1 3 1 1
1381.4 -4597.8 -17.3 117 0 10.5 23.8 10.0 2.5 2 1 4 4 4
666.8 -3927.6 -7.7 105 0 16.0 32.4 10.0 2.5 2 1 4 3 3
575.3 -3834.5 -5.7 195 0 7.1 6.0 7.5 2.5 2 0 3 3 3
1287.4 -4050.7 -10.7 276 0 12.7 12.3 5.0 2.5 2 0 2 5 5
551.3 -4013.7 -7.4 103 0 4.7 23.5 5.0 2.5 2 1 2 3 3
1415.8 -5031.2 -11.9 209 0 10.7 7.0 7.5 2.5 2 0 3 2 2
586.4 -4036.9 -8.0 269 0 20.6 5.4 7.5 2.5 2 0 3 2 2
736.0 -3920.7 -8.1 24 0 6.6 21.7 5.0 0.0 0 1 2 4 4
1464.1 -5056.6 -11.3 208 0 9.7 8.2 5.0 2.5 2 0 2 0 0
1845.0 -4867.3 -10.3 295 0 9.3 14.6 2.5 2.5 2 1 1 1 1
1618.7 -4941.9 -10.6 298 0 4.0 7.8 7.5 2.5 2 1 3 4 4
1671.1 -3998.5 -16.3 100 0 10.9 9.6 7.5 2.5 2 0 3 3 3
1567.8 -4609.4 -15.0 263 0 11.7 11.7 7.5 0.0 0 0 3 3 3
1904.6 -4833.6 -11.1 96 0 7.8 7.2 7.5 2.5 2 0 3 3 3
581.5 -3916.3 -6.6 19 0 14.6 4.8 2.5 2.5 2 0 1 5 5
1464.1 -4028.2 -14.1 186 0 19.2 13.2 7.5 2.5 2 0 3 3 3
1425.9 -5024.6 -11.8 119 0 4.9 8.3 5.0 2.5 4 1 2 2 2
1512.9 -5072.8 -10.7 118 0 6.2 11.4 2.5 2.5 2 1 1 2 2
1657.6 -4959.9 -10.3 298 0 27.0 13.0 15.0 0.0 0 0 6 4 4
1571.2 -5150.1 -9.9 298 0 13.2 7.9 5.0 2.5 2 0 2 2 2
1785.6 -3882.3 -19.7 273 0 7.0 11.8 5.0 2.5 2 1 2 4 4
642.7 -3910.8 -7.5 195 0 9.4 19.2 7.5 2.5 2 1 3 0 0
1432.2 -3786.5 -11.5 15 0 11.4 15.1 7.5 2.5 2 1 3 4 4
2108.0 -4744.3 -13.2 287 0 8.1 6.0 7.5 0.0 0 0 3 1 1
1731.4 -4322.5 -24.4 336 0 7.4 12.3 7.5 2.5 2 1 3 1 1
2230.2 -5141.4 -5.7 27 0 7.8 16.0 5.0 2.5 2 1 2 5 5
1810.6 -4916.0 -10.1 114 0 5.2 28.7 7.5 2.5 2 1 3 2 2
1641.8 -3960.6 -15.9 98 0 11.8 15.1 5.0 2.5 2 1 2 5 5
1751.5 -4853.1 -10.8 27 0 10.2 5.2 5.0 2.5 2 0 2 1 1
1481.7 -4158.0 -18.4 181 0 6.8 7.1 2.5 2.5 2 1 1 3 3
1716.2 -3927.0 -17.8 275 0 7.3 9.0 7.5 0.0 0 1 3 4 4
1705.5 -4954.8 -9.8 298 0 10.0 19.8 5.0 2.5 2 1 2 3 3
1028.6 -3584.9 -8.0 283 0 10.1 7.3 7.5 2.5 2 0 3 3 3
1743.4 -4416.5 -22.0 174 0 8.8 10.1 2.5 0.0 0 1 1 5 5
613.2 -3873.7 -6.4 15 0 13.4 5.9 2.5 2.5 2 0 1 2 2
1524.8 -5088.8 -10.5 208 0 10.7 7.8 7.5 2.5 2 0 3 5 5
1873.9 -5129.0 -0.5 208 0 14.3 22.4 12.5 2.5 2 1 5 0 0
541.9 -4003.8 -7.3 103 0 11.7 13.7 5.0 0.0 0 1 2 4 4
1481.1 -4168.5 -18.8 182 0 6.1 7.5 7.5 2.5 2 1 3 3 3
1758.2 -5206.4 3.6 28 0 10.5 9.3 5.0 2.5 2 0 2 5 5
594.1 -4044.3 -8.3 269 0 8.3 16.3 5.0 2.5 2 1 2 2 2
706.7 -3962.0 -8.4 289 0 5.8 14.5 5.0 2.5 4 1 2 1 1
2382.5 -5183.7 -7.9 293 0 13.3 7.5 5.0 2.5 2 0 2 0 0
1003.7 -4317.3 -15.9 2 0 17.2 12.4 5.0 2.5 2 0 2 2 2
1369.0 -4591.0 -17.5 116 0 9.8 27.0 7.5 0.0 0 1 3 3 3
585.4 -3832.5 -5.8 285 0 5.6 8.4 5.0 2.5 2 1 2 5 5
1481.2 -4070.4 -15.1 6 0 6.7 9.9 7.5 2.5 2 1 3 2 2
1834.5 -5043.8 -7.7 118 0 9.3 16.2 5.0 2.5 2 1 2 5 5
1460.9 -5353.7 -11.5 201 0 10.5 10.2 5.0 2.5 2 0 2 3 3
1416.4 -5081.8 -11.8 119 0 10.1 14.3 7.5 2.5 2 1 3 1 1
536.4 -4082.4 -8.0 178 0 3.5 11.0 5.0 2.5 2 1 2 4 4
579.9 -4376.9 -12.1 101 0 11.8 7.1 5.0 2.5 4 0 2 4 4
1834.5 -4807.5 -11.9 91 0 12.8 14.6 10.0 2.5 2 1 4 1 1
1400.1 -4609.4 -17.3 117 0 11.6 18.5 5.0 0.0 0 1 2 3 3
2164.7 -4867.7 -10.0 20 0 14.5 33.7 12.5 2.5 2 1 5 2 2
570.6 -3874.2 -6.1 194 0 4.5 10.9 5.0 2.5 2 1 2 1 1
2535.1 -5235.8 -8.6 18 0 8.6 7.0 5.0 2.5 2 0 2 5 5
602.6 -4941.5 -19.2 194 0 7.9 22.2 5.0 2.5 2 1 2 0 0
1456.5 -5052.1 -11.4 208 0 9.5 7.8 5.0 2.5 2 0 2 1 1
553.9 -3969.5 -7.0 105 0 9.0 14.2 7.5 2.5 2 1 3 3 3
1604.8 -5118.7 -9.6 118 0 11.6 8.0 7.5 2.5 2 0 3 2 2
605.5 -3871.5 -6.3 14 0 13.1 8.9 7.5 2.5 2 0 3 4 4
1548.7 -4634.8 -14.4 157 0 9.3 12.2 2.5 2.5 2 1 1 1 1
605.9 -3887.9 -6.5 15 0 12.9 8.3 7.5 2.5 2 0 3 0 0
1722.1 -4315.1 -24.5 247 0 10.6 6.2 5.0 2.5 2 0 2 4 4
1185.3 -4137.2 -12.3 96 0 13.7 15.7 7.5 2.5 2 1 3 2 2
1663.7 -3963.6 -16.4 100 0 11.7 14.6 7.5 2.5 2 1 3 2 2
1498.3 -5092.8 -10.8 118 0 9.7 9.7 5.0 2.5 4 1 2 0 0
1474.3 -5111.2 -11.0 119 0 5.6 11.8 7.5 2.5 2 1 3 2 2
1623.2 -4118.9 -21.0 264 0 17.2 8.3 7.5 2.5 2 0 3 2 2
699.4 -3877.2 -7.6 291 0 7.2 39.9 7.5 2.5 2 1 3 4 4
619.4 -3838.9 -6.2 286 0 10.5 12.0 7.5 2.5 2 1 3 0 0
1709.2 -3925.6 -17.6 275 0 5.2 13.2 5.0 0.0 0 1 2 4 4
1148.1 -3729.2 -8.1 19 0 12.3 15.9 7.5 0.0 0 1 3 2 2
1507.0 -5077.6 -10.7 208 0 10.7 9.2 7.5 2.5 2 0 3 0 0
1763.9 -4966.4 -9.5 118 0 12.4 19.6 5.0 2.5 2 1 2 5 5
1633.8 -3931.8 -15.7 280 0 8.0 6.1 7.5 2.5 2 0 3 2 2
1395.6 -4123.1 -15.3 92 0 6.2 8.9 2.5 2.5 2 1 1 5 5
1515.7 -4536.2 -16.4 163 0 7.6 5.3 2.5 0.0 0 0 1 3 3
1409.1 -3919.8 -10.2 189 0 19.9 10.2 2.5 2.5 4 0 1 3 3
1871.9 -5073.6 -3.8 298 0 11.3 12.2 5.0 0.0 0 1 2 0 0
1653.9 -4983.3 -10.1 28 0 16.2 13.3 5.0 2.5 2 0 2 5 5
1780.5 -5219.3 5.4 28 0 9.1 12.4 2.5 2.5 2 1 1 5 5
995.0 -3619.7 -7.8 282 0 18.9 10.1 5.0 2.5 2 0 2 2 2
1668.3 -4694.6 -14.1 248 0 10.4 8.3 5.0 2.5 2 0 2 2 2
1449.0 -3789.1 -11.8 6 0 9.5 11.0 7.5 2.5 2 1 3 5 5
1645.7 -5447.8 -4.2 297 0 14.3 23.5 10.0 2.5 2 1 4 0 0
1435.4 -5036.5 -11.7 298 0 7.4 9.2 2.5 2.5 2 1 1 4 4
641.7 -3940.5 -7.5 104 0 7.4 11.8 7.5 2.5 2 1 3 0 0
1181.2 -4840.0 -19.4 115 0 34.9 10.7 10.0 2.5 2 0 4 5 5
574.6 -3948.4 -7.0 16 0 15.8 6.6 5.0 2.5 2 0 2 3 3
1436.9 -4156.4 -18.1 272 0 11.1 21.5 10.0 2.5 2 1 4 4 4
1876.9 -4821.9 -11.8 90 0 15.9 14.5 10.0 2.5 2 0 4 5 5
1222.2 -3898.2 -8.4 196 0 27.0 9.0 2.5 2.5 2 0 1 3 3
1260.1 -3960.7 -9.1 103 0 19.1 7.8 2.5 2.5 2 0 1 3 3
1303.4 -3515.4 -10.0 199 0 6.2 15.4 7.5 2.5 2 1 3 1 1
653.7 -3977.5 -8.0 105 0 19.3 15.0 10.0 2.5 2 0 4 3 3
688.8 -3956.6 -8.2 285 0 11.3 13.9 2.5 2.5 4 1 1 5 5
1279.5 -3966.0 -9.2 105 0 10.6 5.7 5.0 0.0 0 0 2 5 5
1107.7 -3681.8 -8.0 15 0 12.0 11.9 5.0 2.5 2 0 2 4 4
695.4 -4335.6 -12.8 104 0 5.7 16.3 7.5 2.5 2 1 3 0 0
741.2 -4024.4 -9.9 270 0 21.4 32.4 10.0 0.0 0 1 4 0 0
666.0 -4072.5 -9.3 179 0 9.8 8.1 7.5 2.5 2 0 3 2 2
1532.3 -4067.2 -16.8 97 0 9.6 7.1 2.5 2.5 2 0 1 0 0
1220.3 -3809.2 -8.7 196 0 11.2 7.7 7.5 2.5 2 0 3 4 4
586.0 -3952.2 -7.1 15 0 13.3 4.7 7.5 2.5 2 0 3 5 5
1183.9 -3701.4 -8.2 18 0 14.7 23.3 7.5 2.5 2 1 3 1 1
658.7 -3947.7 -7.8 285 0 7.5 14.7 5.0 2.5 2 1 2 5 5
650.9 -3936.5 -7.6 104 0 7.7 8.1 2.5 2.5 2 1 1 5 5
1095.6 -3596.8 -8.4 286 0 9.8 16.1 7.5 2.5 2 1 3 1 1
1421.2 -3557.0 -11.9 16 0 6.0 15.7 2.5 2.5 2 1 1 1 1
596.2 -3919.9 -6.8 15 0 15.8 6.5 5.0 2.5 2 0 2 0 0
1216.4 -4515.0 -24.4 208 0 37.6 5.9 5.0 2.5 2 0 2 3 3
1194.1 -3617.6 -8.5 18 0 6.1 6.7 2.5 2.5 2 1 1 0 0
1335.9 -3766.3 -9.1 15 0 8.1 9.6 2.5 2.5 2 1 1 0 0
1608.0 -3773.4 -16.2 193 0 8.1 8.9 5.0 2.5 2 1 2 3 3
1682.9 -4067.1 -19.0 96 0 21.5 14.4 12.5 2.5 2 0 5 5 5
1470.6 -3737.0 -13.0 104 0 8.9 17.3 7.5 2.5 2 1 3 5 5
1676.4 -3774.9 -17.3 283 0 12.3 6.9 5.0 2.5 2 0 2 0 0
1276.6 -3724.4 -8.6 195 0 16.3 8.9 2.5 2.5 2 0 1 2 2
1646.7 -3778.3 -16.8 283 0 5.2 8.6 7.5 2.5 2 1 3 0 0
1198.2 -3431.3 -9.0 288 0 12.3 8.0 7.5 2.5 2 0 3 4 4
728.2 -3964.0 -8.5 111 0 6.5 11.1 7.5 2.5 2 1 3 2 2
704.5 -3909.9 -7.8 290 0 13.2 9.1 7.5 0.0 0 0 3 1 1
1725.2 -5210.2 -2.2 122 0 8.4 9.9 5.0 2.5 2 1 2 5 5
1305.4 -4051.7 -10.6 276 0 20.5 13.8 7.5 2.5 2 0 3 4 4
1267.7 -3766.1 -8.6 196 0 49.2 9.1 7.5 2.5 2 0 3 5 5
1086.4 -3583.5 -8.4 198 0 12.2 10.8 7.5 2.5 2 0 3 0 0
1271.6 -4002.3 -9.8 99 0 9.9 6.5 2.5 2.5 2 0 1 2 2
677.5 -3743.6 -5.8 107 0 6.9 17.6 5.0 2.5 2 1 2 5 5
1094.3 -3998.4 -10.6 19 0 14.8 11.0 7.5 2.5 4 0 3 2 2
1251.7 -3637.8 -8.6 195 0 7.3 22.2 7.5 2.5 2 1 3 5 5
1461.3 -4004.9 -13.2 188 0 15.4 19.1 10.0 2.5 2 1 4 1 1
1098.9 -3607.8 -8.4 196 0 13.6 10.5 7.5 2.5 2 0 3 4 4
1238.2 -3885.2 -8.4 196 0 11.0 6.9 5.0 2.5 2 0 2 5 5
996.6 -3915.8 -9.2 108 0 9.8 8.4 2.5 2.5 2 0 1 2 2
691.3 -4128.0 -10.2 277 0 4.4 7.9 7.5 2.5 4 1 3 4 4
1548.9 -4001.9 -14.0 99 0 18.1 11.9 7.5 2.5 2 0 3 0 0
1318.6 -3465.9 -9.8 196 0 4.7 7.6 7.5 2.5 2 1 3 5 5
1485.5 -3988.7 -12.5 188 0 10.4 8.4 7.5 2.5 2 0 3 3 3
1087.3 -4172.6 -12.7 96 0 6.2 12.8 7.5 2.5 2 1 3 3 3
1370.8 -3785.8 -10.2 102 0 8.7 26.6 2.5 2.5 2 1 1 5 5
1281.3 -3957.6 -9.0 105 0 11.2 7.7 5.0 2.5 2 0 2 5 5
1152.5 -3692.0 -8.2 15 0 13.4 5.0 5.0 2.5 2 0 2 0 0
748.0 -4408.1 -14.1 196 0 14.5 19.0 7.5 2.5 2 1 3 0 0
1041.6 -3654.9 -7.8 284 0 11.3 14.0 7.5 2.5 4 1 3 1 1
1513.3 -4101.1 -17.0 96 0 7.6 15.6 7.5 2.5 2 1 3 4 4
1678.4 -4022.9 -17.2 96 0 9.7 15.2 5.0 2.5 2 1 2 1 1
1085.3 -3594.7 -8.3 286 0 10.4 15.5 2.5 2.5 2 1 1 5 5
1257.7 -3711.4 -8.5 195 0 12.2 20.9 10.0 0.0 0 1 4 2 2
784.0 -3619.9 -6.5 284 0 7.6 13.6 7.5 2.5 2 1 3 0 0
1433.7 -3570.1 -12.1 16 0 25.3 14.7 12.5 2.5 2 0 5 1 1
627.4 -3858.9 -6.4 15 0 10.1 6.2 5.0 2.5 2 0 2 3 3
561.4 -3829.3 -5.6 198 0 9.3 13.5 5.0 2.5 2 1 2 0 0
691.7 -3988.6 -8.5 105 0 10.3 14.4 7.5 2.5 2 1 3 2 2
697.6 -3958.6 -8.2 285 0 6.0 12.8 7.5 2.5 2 1 3 4 4
1570.8 -3810.5 -15.2 195 0 6.6 16.8 5.0 2.5 2 1 2 1 1
1675.4 -4037.5 -17.6 96 0 10.3 7.1 7.5 0.0 0 0 3 5 5
1381.4 -3569.1 -11.6 104 0 37.0 25.4 15.0 0.0 0 0 6 4 4
589.3 -3918.8 -6.7 15 0 11.4 7.0 5.0 2.5 2 0 2 3 3
740.3 -3981.9 -8.9 292 0 7.3 18.2 7.5 0.0 0 1 3 1 1
818.3 -4917.3 -22.5 186 0 8.8 7.3 7.5 2.5 2 0 3 5 5
1008.5 -4486.0 -16.9 288 0 7.2 16.5 2.5 2.5 2 1 1 5 5
2210.9 -5117.4 -5.5 32 0 13.2 18.8 7.5 2.5 2 1 3 0 0
516.6 -5351.3 -17.2 196 0 10.5 10.1 5.0 2.5 4 0 2 2 2
782.8 -4883.3 -21.9 89 0 5.9 11.3 2.5 2.5 2 1 1 2 2
1436.1 -5093.2 -11.6 117 0 12.0 14.6 5.0 2.5 2 1 2 4 4
2160.5 -4884.3 -8.7 22 0 13.1 9.6 2.5 0.0 0 0 1 2 2
1595.0 -4672.7 -14.3 159 0 6.6 34.6 2.5 2.5 2 1 1 0 0
2208.5 -5214.9 -5.3 207 0 6.7 15.1 2.5 0.0 0 1 1 2 2
2208.7 -5145.6 -5.5 207 0 14.2 9.3 5.0 2.5 2 0 2 3 3
1329.5 -5004.8 -13.0 119 0 11.7 11.6 2.5 2.5 2 0 1 4 4
1313.1 -4613.3 -18.1 215 0 8.4 15.4 5.0 2.5 2 1 2 5 5
1092.5 -4339.7 -18.8 270 0 13.8 13.4 7.5 2.5 2 0 3 0 0
860.1 -4694.2 -19.4 96 0 7.4 5.0 7.5 0.0 0 0 3 4 4
1998.9 -5119.4 2.3 233 0 8.6 7.5 7.5 2.5 2 0 3 3 3
2150.0 -5419.3 1.2 27 0 12.0 10.4 5.0 2.5 2 0 2 0 0
720.9 -4027.8 -9.3 269 0 9.1 4.9 7.5 2.5 2 0 3 0 0
1701.1 -4946.4 -10.1 118 0 5.9 18.4 5.0 2.5 2 1 2 0 0
1025.5 -4434.8 -17.4 15 0 7.8 28.8 5.0 0.0 0 1 2 1 1
867.8 -4925.6 -23.3 278 0 10.2 15.9 5.0 2.5 2 1 2 5 5
1060.1 -4340.9 -17.6 273 0 7.3 19.3 2.5 2.5 2 1 1 0 0
2176.7 -5279.8 -4.5 207 0 6.8 10.8 7.5 2.5 2 1 3 1 1
1021.6 -4413.8 -16.9 13 0 9.0 20.8 7.5 0.0 0 1 3 2 2
1732.2 -4995.7 -9.3 299 0 13.9 17.5 10.0 0.0 0 1 4 4 4
2214.2 -5106.4 -5.6 32 0 5.8 17.2 7.5 2.5 2 1 3 5 5
812.5 -4707.6 -19.2 96 0 16.6 9.4 7.5 0.0 0 0 3 0 0
1713.6 -5020.5 -9.0 205 0 18.8 14.1 5.0 2.5 2 0 2 1 1
2198.0 -5141.7 -5.2 27 0 10.9 14.3 7.5 2.5 2 1 3 0 0
1425.8 -5087.4 -11.7 119 0 9.3 13.2 7.5 0.0 0 1 3 1 1
1942.4 -4837.0 -11.3 98 0 9.0 16.6 7.5 2.5 2 1 3 5 5
2213.0 -5206.9 -5.4 207 0 10.1 15.1 7.5 2.5 2 1 3 2 2
1320.6 -5000.5 -13.1 119 0 7.2 11.2 5.0 2.5 2 1 2 3 3
1171.4 -4891.5 -18.1 295 0 10.4 21.2 5.0 2.5 2 1 2 0 0
1694.7 -4943.1 -10.1 118 0 6.8 17.9 7.5 2.5 4 1 3 5 5
1437.2 -4780.7 -13.5 215 0 13.3 90.0 5.0 2.5 2 1 2 1 1
1055.3 -3885.4 -8.6 15 0 10.8 6.7 5.0 2.5 2 0 2 2 2
1513.0 -3994.7 -13.0 99 0 8.6 12.6 7.5 2.5 4 1 3 5 5
2070.5 -5136.1 0.4 36 0 10.1 7.5 5.0 2.5 4 0 2 5 5
1275.7 -3838.3 -8.8 195 0 15.8 25.1 10.0 2.5 2 1 4 1 1
2017.5 -5096.1 1.2 231 0 5.6 11.6 2.5 2.5 2 1 1 5 5
768.2 -3926.3 -8.6 201 0 14.4 6.2 2.5 2.5 2 0 1 5 5
697.3 -4315.0 -12.6 193 0 5.2 8.4 7.5 2.5 2 1 3 1 1
1167.6 -3492.4 -9.0 198 0 5.2 10.3 7.5 2.5 2 1 3 2 2
1131.7 -3615.3 -8.4 15 0 15.1 7.8 5.0 2.5 4 0 2 0 0
1499.3 -5127.1 -10.7 121 0 8.5 13.4 2.5 2.5 2 1 1 3 3
797.7 -4740.2 -19.8 98 0 23.3 10.0 5.0 2.5 2 0 2 5 5
1301.7 -4066.6 -10.6 276 0 7.4 10.0 2.5 0.0 0 1 1 2 2
916.7 -5085.3 -23.0 8 0 10.8 8.8 5.0 2.5 2 0 2 1 1
2000.3 -5108.2 1.9 231 0 5.7 12.8 7.5 0.0 0 1 3 2 2
1854.4 -5017.1 -8.0 299 0 15.5 15.7 5.0 2.5 2 1 2 1 1
1128.3 -4305.2 -18.7 8 0 18.6 15.2 12.5 2.5 2 0 5 4 4
1219.7 -4857.9 -16.0 114 0 11.3 10.4 5.0 2.5 2 0 2 2 2
1197.6 -3440.9 -9.0 292 0 12.5 6.6 5.0 2.5 4 0 2 3 3
718.8 -3961.4 -8.4 106 0 12.6 7.5 7.5 2.5 2 0 3 1 1
813.6 -5050.9 -22.3 104 0 8.6 6.8 7.5 2.5 2 0 3 1 1
1176.7 -3474.2 -9.0 200 0 9.4 11.4 5.0 2.5 2 1 2 2 2
1983.4 -5143.0 3.4 237 0 10.0 10.3 2.5 2.5 2 1 1 1 1
664.3 -4036.0 -8.8 179 0 4.0 7.8 2.5 2.5 2 1 1 1 1
1412.6 -3784.1 -11.0 12 0 11.2 31.5 7.5 2.5 2 1 3 2 2
734.7 -3872.8 -7.7 114 0 17.3 31.4 10.0 0.0 0 1 4 2 2
1195.6 -3984.4 -9.9 189 0 11.0 10.2 2.5 2.5 2 0 1 5 5
1080.7 -4360.1 -18.6 238 0 15.4 23.3 10.0 2.5 2 1 4 3 3
1089.4 -3697.9 -7.8 11 0 4.7 8.8 5.0 2.5 2 1 2 2 2
528.2 -3679.8 -4.0 125 0 23.0 4.4 5.0 2.5 2 0 2 0 0
1145.6 -3756.0 -8.3 17 0 12.8 25.4 10.0 2.5 2 1 4 3 3
1093.8 -3565.2 -8.5 197 0 22.7 13.3 10.0 2.5 2 0 4 2 2
1052.2 -3851.6 -8.8 9 0 4.6 10.5 7.5 2.5 2 1 3 4 4
1166.0 -3709.6 -8.2 18 0 6.2 11.7 5.0 0.0 0 1 2 2 2
1191.2 -3593.8 -8.8 20 0 21.8 6.5 7.5 2.5 4 0 3 2 2
1152.7 -3484.7 -8.9 196 0 4.6 12.7 7.5 2.5 2 1 3 5 5
1189.4 -3783.5 -8.8 14 0 8.9 22.9 5.0 2.5 2 1 2 4 4
1184.8 -3925.1 -8.7 190 0 15.7 14.0 5.0 2.5 2 0 2 3 3
1071.8 -3802.0 -8.4 12 0 4.6 9.6 2.5 2.5 2 1 1 5 5
1182.7 -3595.1 -8.7 19 0 13.5 4.5 5.0 2.5 2 0 2 5 5
1147.3 -3716.0 -8.2 16 0 6.8 13.2 7.5 2.5 2 1 3 1 1
1183.3 -3612.4 -8.5 15 0 6.8 17.1 2.5 2.5 2 1 1 0 0
1181.7 -3956.8 -9.6 192 0 23.4 9.6 7.5 2.5 4 0 3 4 4
593.0 -3948.8 -7.2 14 0 7.0 4.6 7.5 2.5 2 0 3 3 3
1081.7 -3735.6 -8.1 19 0 19.9 13.9 7.5 2.5 2 0 3 1 1
772.8 -3896.6 -8.2 110 0 6.1 23.1 2.5 2.5 2 1 1 4 4
971.2 -3589.4 -7.7 282 0 17.0 7.5 7.5 0.0 0 0 3 4 4
590.2 -3807.2 -5.5 291 0 4.5 9.1 7.5 2.5 2 1 3 1 1
1061.3 -3837.2 -8.8 9 0 7.3 16.0 5.0 2.5 4 1 2 5 5
1167.2 -3437.3 -8.9 199 0 6.6 17.5 5.0 2.5 2 1 2 3 3
1072.4 -3629.0 -8.0 196 0 8.8 27.1 7.5 2.5 2 1 3 2 2
1063.8 -3830.5 -8.7 11 0 3.7 18.0 7.5 2.5 2 1 3 5 5
1136.8 -3663.5 -8.2 9 0 8.0 12.4 2.5 2.5 2 1 1 5 5
1164.6 -3776.0 -8.6 12 0 6.7 9.9 2.5 2.5 2 1 1 2 2
1200.4 -3747.6 -8.4 12 0 10.0 18.7 7.5 2.5 2 1 3 1 1
1066.1 -3824.1 -8.7 10 0 7.1 18.5 5.0 2.5 2 1 2 2 2
1146.4 -3499.7 -8.8 196 0 4.8 14.7 7.5 0.0 0 1 3 5 5
1191.8 -3772.8 -8.7 14 0 8.9 27.6 5.0 2.5 4 1 2 4 4
1148.4 -3494.6 -8.9 195 0 3.7 15.5 2.5 2.5 2 1 1 4 4
1068.2 -3544.8 -8.3 197 0 3.7 12.0 2.5 2.5 4 1 1 5 5
1068.2 -3816.3 -8.6 9 0 5.3 12.0 2.5 2.5 2 1 1 2 2
1155.6 -3916.9 -8.6 17 0 7.2 28.2 2.5 2.5 2 1 1 0 0
1155.1 -3717.2 -8.2 12 0 7.6 6.6 5.0 2.5 2 0 2 4 4
1206.0 -3943.7 -9.3 193 0 47.1 12.3 7.5 2.5 4 0 3 1 1
1105.7 -3742.4 -8.1 17 0 16.7 22.6 5.0 0.0 0 1 2 2 2
590.4 -3938.3 -7.0 16 0 12.1 5.2 7.5 2.5 2 0 3 1 1
1220.5 -4016.1 -10.3 100 0 6.6 11.6 5.0 2.5 2 1 2 3 3
1178.7 -3724.4 -8.2 14 0 6.7 8.5 2.5 2.5 2 1 1 2 2
601.0 -3940.8 -7.2 13 0 9.4 4.9 5.0 2.5 2 0 2 0 0
1091.1 -3864.5 -8.6 13 0 8.0 13.9 7.5 2.5 2 1 3 0 0
614.5 -3922.9 -7.0 11 0 4.2 7.8 7.5 2.5 2 1 3 4 4
534.6 -3480.5 -4.6 201 0 10.3 12.6 5.0 2.5 2 1 2 5 5
1231.1 -3614.1 -8.7 19 0 8.9 15.3 5.0 2.5 2 1 2 5 5
1040.7 -3907.0 -9.2 15 0 7.0 10.9 7.5 2.5 2 1 3 1 1
1020.7 -3579.7 -8.0 278 0 4.3 7.8 7.5 2.5 2 1 3 3 3
1211.9 -3644.0 -8.4 11 0 7.8 9.2 5.0 2.5 2 1 2 1 1
534.0 -3690.8 -4.0 125 0 7.9 4.3 5.0 2.5 2 0 2 3 3
1107.9 -3475.9 -8.6 199 0 13.9 14.4 7.5 2.5 2 1 3 4 4
1026.0 -3985.4 -10.2 109 0 11.7 25.2 7.5 2.5 2 1 3 2 2
956.2 -3996.5 -10.7 106 0 12.9 21.8 10.0 2.5 2 1 4 2 2
748.3 -4007.1 -9.3 117 0 6.4 34.7 5.0 2.5 2 1 2 4 4
1003.9 -4012.1 -10.8 108 0 15.3 29.2 10.0 0.0 0 1 4 3 3
1161.4 -4000.0 -10.4 191 0 17.6 42.2 12.5 2.5 2 1 5 5 5
1311.9 -3753.6 -8.9 195 0 9.1 7.4 5.0 2.5 2 0 2 4 4
1382.1 -3756.4 -10.3 11 0 3.8 8.7 2.5 2.5 2 1 1 0 0
1221.4 -4087.7 -11.1 278 0 6.9 8.3 7.5 2.5 2 1 3 2 2
1247.6 -3773.1 -8.6 196 0 6.6 12.6 5.0 2.5 2 1 2 5 5
1201.8 -4139.3 -12.3 93 0 12.8 7.8 2.5 2.5 2 0 1 0 0
1429.4 -3879.8 -10.9 189 0 9.4 7.8 5.0 2.5 2 0 2 5 5
1214.5 -3856.7 -8.3 191 0 11.0 10.2 2.5 2.5 2 0 1 2 2
1412.3 -3896.0 -10.5 191 0 13.1 10.8 7.5 2.5 2 0 3 0 0
1439.9 -3896.7 -11.0 190 0 8.5 6.8 5.0 2.5 2 0 2 1 1
1484.5 -3889.6 -12.2 193 0 11.8 5.3 2.5 2.5 2 0 1 3 3
1243.8 -3861.5 -8.5 193 0 11.9 9.6 7.5 2.5 2 0 3 3 3
1402.0 -3748.3 -10.9 12 0 4.9 10.4 7.5 2.5 2 1 3 2 2
1458.2 -3818.3 -12.7 192 0 14.4 34.0 10.0 0.0 0 1 4 2 2
1272.6 -3864.4 -8.9 193 0 23.8 17.5 10.0 2.5 2 0 4 5 5
1443.1 -3937.5 -11.0 193 0 12.2 12.8 5.0 2.5 4 1 2 0 0
1239.7 -4138.9 -12.3 84 0 25.7 11.2 7.5 2.5 2 0 3 1 1
1439.1 -3999.0 -12.5 186 0 11.2 14.1 5.0 2.5 2 1 2 2 2
1417.2 -3875.7 -10.7 191 0 13.5 11.5 2.5 2.5 2 0 1 2 2
1227.7 -3877.0 -8.3 191 0 8.0 8.4 7.5 2.5 2 1 3 1 1
1483.1 -4011.3 -13.5 186 0 8.8 13.0 7.5 2.5 2 1 3 3 3
1383.0 -3751.9 -10.4 17 0 3.8 8.2 2.5 2.5 2 1 1 4 4
1232.5 -3804.2 -8.8 196 0 7.2 18.4 7.5 2.5 2 1 3 1 1
1448.8 -3690.1 -12.6 279 0 10.2 22.2 7.5 2.5 2 1 3 0 0
1490.9 -3802.1 -13.5 192 0 16.0 25.0 7.5 2.5 2 1 3 3 3
1438.3 -3881.0 -11.1 187 0 8.0 6.3 7.5 2.5 4 0 3 4 4
1262.6 -3894.8 -8.5 191 0 6.1 22.4 7.5 2.5 2 1 3 3 3
1266.4 -3884.6 -8.6 191 0 10.3 15.6 5.0 2.5 2 1 2 4 4
2168.5 -5315.7 -4.3 209 0 13.2 7.6 2.5 2.5 4 0 1 4 4
1547.7 -3803.8 -14.6 193 0 7.4 13.8 7.5 0.0 0 1 3 5 5
2053.4 -3922.1 -22.8 75 0 16.1 6.8 5.0 0.0 0 0 2 3 3
1588.3 -3828.2 -16.0 191 0 17.1 34.5 12.5 2.5 2 1 5 5 5
1646.6 -3979.3 -15.8 95 0 8.9 12.3 5.0 2.5 2 1 2 3 3
1904.3 -4003.0 -22.1 66 0 8.1 7.0 5.0 2.5 2 0 2 3 3
1525.6 -4189.5 -20.2 356 0 4.9 14.0 7.5 2.5 2 1 3 1 1
1981.9 -3951.7 -21.9 74 0 14.6 9.0 7.5 2.5 2 0 3 2 2
1527.7 -3873.8 -13.7 185 0 9.3 18.0 5.0 2.5 2 1 2 5 5
2039.9 -5450.7 9.1 208 0 6.2 13.3 5.0 2.5 2 1 2 2 2
1553.6 -3893.0 -14.1 187 0 7.5 12.7 5.0 2.5 2 1 2 4 4
873.2 -4426.5 -15.3 200 0 7.7 23.9 5.0 2.5 2 1 2 2 2
876.0 -4418.3 -15.3 198 0 6.9 21.2 2.5 2.5 2 1 1 3 3
2051.0 -3868.1 -22.4 14 0 5.7 12.0 5.0 2.5 2 1 2 5 5
1619.8 -4003.8 -15.4 94 0 8.2 6.5 2.5 2.5 2 0 1 3 3
1999.9 -5481.8 14.9 32 0 4.9 15.1 7.5 2.5 4 1 3 2 2
1644.1 -4062.8 -17.9 99 0 6.4 17.0 7.5 2.5 2 1 3 0 0
1637.9 -4038.6 -16.9 97 0 8.2 14.3 5.0 2.5 4 1 2 1 1
1650.6 -4040.1 -17.2 98 0 4.5 14.8 5.0 2.5 2 1 2 4 4
2239.9 -5159.1 -5.9 202 0 6.3 9.9 2.5 2.5 2 1 1 0 0
1761.6 -4019.2 -18.8 3 0 14.0 26.1 7.5 2.5 2 1 3 3 3
1633.2 -4018.0 -16.1 97 0 5.9 22.2 5.0 2.5 4 1 2 3 3
1671.0 -4045.9 -17.8 94 0 4.5 8.3 2.5 2.5 4 1 1 2 2
1654.3 -4007.7 -16.2 95 0 10.0 6.4 2.5 2.5 2 0 1 4 4
1507.7 -3950.5 -12.5 194 0 12.1 8.2 2.5 2.5 2 0 1 3 3
2044.2 -5351.1 1.8 28 0 9.1 16.5 2.5 2.5 2 1 1 4 4
1900.5 -3939.1 -21.3 86 0 7.5 8.2 5.0 0.0 0 1 2 0 0
1655.2 -4016.0 -16.5 97 0 11.1 6.6 2.5 2.5 2 0 1 1 1
2170.0 -5215.5 -4.6 207 0 9.1 10.2 5.0 2.5 2 1 2 4 4
1664.8 -3982.4 -16.4 99 0 24.5 11.8 10.0 2.5 2 0 4 1 1
1941.1 -3969.7 -22.0 77 0 14.6 12.3 10.0 2.5 2 0 4 2 2
1713.1 -3786.8 -17.6 10 0 7.8 8.6 2.5 2.5 2 1 1 4 4
2186.6 -5224.8 -4.8 28 0 8.6 7.1 5.0 0.0 0 0 2 5 5
2258.6 -5178.9 -6.1 26 0 9.2 24.9 7.5 2.5 2 1 3 4 4
1499.1 -3790.8 -13.9 193 0 6.1 35.3 5.0 2.5 2 1 2 1 1
1704.5 -3996.1 -17.0 1 0 6.9 13.5 7.5 2.5 2 1 3 4 4
1468.4 -3979.0 -11.8 186 0 14.0 6.2 5.0 2.5 2 0 2 1 1
1601.0 -4009.5 -15.3 96 0 20.0 11.8 5.0 2.5 2 0 2 1 1
1632.2 -3991.0 -15.5 99 0 24.2 8.6 7.5 2.5 4 0 3 5 5
1688.8 -3838.4 -17.7 15 0 6.3 8.7 2.5 2.5 2 1 1 2 2
1566.6 -3805.0 -14.8 284 0 6.3 7.8 5.0 2.5 2 1 2 0 0
2164.2 -5296.5 -4.2 206 0 3.5 9.7 7.5 2.5 2 1 3 0 0
1677.4 -3835.0 -17.4 9 0 5.7 20.8 2.5 2.5 2 1 1 2 2
1547.0 -3882.6 -13.8 274 0 8.4 10.8 2.5 2.5 2 1 1 1 1
1869.8 -4005.1 -21.2 61 0 7.3 5.1 7.5 2.5 2 0 3 2 2
989.1 -4333.4 -15.9 1 0 5.7 34.9 7.5 2.5 2 1 3 3 3
2026.1 -5333.2 2.5 215 0 7.5 4.6 7.5 2.5 2 0 3 3 3
2053.8 -5478.0 10.2 30 0 16.2 9.7 7.5 2.5 2 0 3 1 1
1629.4 -4038.1 -16.7 98 0 6.2 15.2 5.0 2.5 2 1 2 3 3
2027.5 -3878.3 -22.2 274 0 6.0 8.5 5.0 2.5 2 1 2 0 0
2053.9 -5335.0 0.9 33 0 4.6 9.2 7.5 2.5 2 1 3 5 5
1553.4 -4120.7 -19.7 263 0 30.4 20.1 10.0 0.0 0 0 4 1 1
1521.2 -3917.8 -13.0 189 0 12.9 5.6 7.5 2.5 2 0 3 1 1
1645.5 -4039.7 -17.1 97 0 4.9 14.5 7.5 0.0 0 1 3 1 1
2047.0 -5491.6 12.2 27 0 8.0 9.1 5.0 2.5 4 1 2 2 2
1533.8 -4121.9 -18.8 266 0 6.9 23.3 5.0 2.5 2 1 2 2 2
1553.1 -3757.8 -15.3 191 0 10.2 23.0 2.5 2.5 2 1 1 0 0
2084.4 -5295.6 -1.5 112 0 8.6 13.9 7.5 2.5 2 1 3 1 1
1873.1 -3934.3 -21.2 265 0 8.5 8.8 7.5 2.5 4 1 3 1 1
1877.5 -3921.9 -21.0 265 0 5.1 7.6 7.5 2.5 2 1 3 1 1
1675.8 -3810.2 -17.4 14 0 22.6 53.6 10.0 2.5 2 1 4 3 3
2174.4 -5205.1 -4.8 203 0 10.0 11.6 7.5 2.5 2 1 3 0 0
1589.3 -3754.5 -16.1 191 0 10.0 26.4 7.5 2.5 2 1 3 5 5
2105.6 -5311.5 -2.2 13 0 8.3 14.7 7.5 2.5 4 1 3 1 1
1782.9 -3948.4 -19.7 93 0 23.1 10.2 7.5 2.5 2 0 3 1 1
1692.6 -4025.6 -17.6 93 0 14.0 7.4 2.5 2.5 4 0 1 5 5
1655.0 -3995.5 -15.9 98 0 12.4 6.4 7.5 0.0 0 0 3 4 4
1562.7 -4160.3 -20.4 88 0 24.5 19.3 10.0 2.5 2 0 4 2 2
1495.7 -3981.7 -12.7 185 0 9.2 12.6 7.5 2.5 4 1 3 0 0
1610.7 -3989.1 -14.9 98 0 12.8 11.2 7.5 2.5 2 0 3 3 3
1655.8 -4064.8 -18.3 99 0 12.2 15.2 7.5 2.5 2 1 3 1 1
1019.5 -4804.2 -23.6 16 0 46.4 39.0 7.5 0.0 0 0 3 2 2
1525.9 -5295.9 -10.3 18 0 9.1 22.4 7.5 0.0 0 1 3 0 0
1584.3 -5423.7 -9.3 293 0 15.3 70.9 10.0 2.5 2 1 4 3 3
2941.1 -5059.0 -11.8 185 0 9.7 22.9 7.5 2.5 2 1 3 4 4
1520.3 -5261.3 -10.2 111 0 19.4 6.6 7.5 2.5 2 0 3 5 5
2927.1 -5148.3 -10.9 190 0 10.9 27.0 7.5 2.5 2 1 3 3 3
2827.2 -5414.9 -9.6 7 0 19.3 15.2 10.0 2.5 2 0 4 5 5
2945.3 -5031.7 -12.1 184 0 5.7 20.7 2.5 2.5 2 1 1 1 1
3185.5 -5456.1 -8.5 281 0 30.9 5.2 2.5 0.0 0 0 1 3 3
3022.4 -4501.6 -17.1 292 0 5.5 9.1 7.5 2.5 2 1 3 5 5
1959.5 -3871.7 -21.2 270 0 10.6 7.2 7.5 2.5 2 0 3 3 3
1930.1 -3868.2 -20.9 275 0 10.4 7.5 5.0 2.5 2 0 2 3 3
2743.5 -1784.8 -15.4 18 0 13.1 52.1 7.5 2.5 2 1 3 5 5
-5185.5 606.0 -15.2 177 0 12.2 24.5 10.0 2.5 2 1 4 1 1
-5155.5 3772.3 -7.8 7 0 36.7 194.5 10.0 0.0 0 1 4 0 0
