3728.9 3528.1 -19.9 244 0 17.3 23.7 7.5 2.5 2 1 3 0 0
4877.5 4163.5 1.5 273 0 17.3 8.6 7.5 2.5 2 0 3 5 5
1539.9 6125.8 -26.3 288 0 36.3 19.9 10.0 0.0 0 0 4 5 5
3915.9 3223.4 -19.5 268 0 48.2 40.2 10.0 0.0 0 0 4 0 0
5388.1 3157.4 19.8 91 0 33.6 32.1 10.0 0.0 0 0 4 1 1
4939.5 3034.2 10.2 177 0 11.1 87.0 15.0 2.5 2 1 6 0 0
4981.0 3191.8 19.4 270 0 38.6 15.3 12.5 2.5 2 0 5 0 0
5346.3 3161.7 20.4 90 0 38.1 31.5 10.0 0.0 0 0 4 2 2
5428.0 3154.0 19.3 93 0 35.0 30.7 12.5 0.0 0 0 5 0 0
4381.2 3764.3 -9.9 179 0 20.9 22.3 7.5 2.5 2 1 3 4 4
2735.6 4736.0 4.8 27 0 32.8 12.4 10.0 2.5 2 0 4 1 1
2747.6 4770.0 6.9 26 0 17.1 13.5 5.0 2.5 2 0 2 2 2
2465.4 5084.9 5.0 49 0 5.7 7.9 7.5 2.5 2 1 3 5 5
4068.5 3642.9 -17.1 79 0 14.3 76.2 12.5 2.5 2 1 5 3 3
4029.8 3597.6 -18.1 332 0 41.4 18.4 15.0 0.0 0 0 6 1 1
4073.8 3620.7 -18.0 330 0 30.8 18.2 7.5 2.5 2 0 3 4 4
4047.5 3617.6 -18.0 331 0 55.6 17.6 10.0 2.5 2 0 4 1 1
4978.9 3100.7 12.8 272 0 88.2 28.8 12.5 0.0 0 0 5 5 5
4901.2 3811.9 1.5 15 0 9.4 38.5 7.5 0.0 0 1 3 4 4
4834.7 4399.9 -1.6 194 0 19.2 26.7 12.5 2.5 2 1 5 4 4
1559.7 6128.1 -26.6 198 0 16.6 14.7 10.0 2.5 2 0 4 3 3
327.7 6071.3 4.0 98 0 12.1 57.1 12.5 2.5 2 1 5 1 1
300.9 6185.4 2.8 258 0 10.4 52.2 12.5 2.5 4 1 5 3 3
318.4 6202.2 0.7 257 0 11.1 42.3 12.5 2.5 2 1 5 3 3
343.7 6205.0 -1.0 260 0 10.5 54.0 12.5 2.5 2 1 5 1 1
361.7 6200.2 -1.8 258 0 9.6 46.8 7.5 2.5 2 1 3 0 0
