3221.3 6592.3 66.4 291 0 8.9 16.4 10.5 3.5 2 1 3 5 5
3150.6 6603.9 61.2 179 0 16.4 8.8 10.5 3.5 2 0 3 1 1
3120.9 6601.8 58.7 159 0 19.8 14.4 10.5 3.5 2 0 3 4 4
3213.0 6554.4 74.9 295 0 10.2 22.8 10.0 2.5 2 1 4 0 0
3167.3 6567.9 72.4 271 0 8.2 18.4 2.5 2.5 2 1 1 2 2
3081.2 6553.2 81.9 250 0 11.6 15.7 5.0 2.5 2 1 2 4 4
3123.9 6562.8 73.3 253 0 8.2 18.4 5.0 2.5 2 1 2 4 4
3751.1 6407.4 60.3 262 0 9.3 17.9 2.5 2.5 2 1 1 1 1
3778.3 6403.1 59.8 267 0 11.6 15.7 5.0 2.5 2 1 2 3 3
3839.0 6404.3 58.7 264 0 11.6 15.7 5.0 2.5 2 1 2 1 1
3859.9 6404.6 58.5 266 0 9.7 17.9 2.5 2.5 4 1 1 0 0
3902.0 6407.3 57.2 266 0 9.7 17.9 7.5 2.5 2 1 3 2 2
4126.1 6381.6 31.3 92 0 13.0 20.3 10.5 3.5 2 1 3 2 2
4106.0 6409.1 34.3 141 0 11.2 24.5 10.5 3.5 2 1 3 0 0
4225.5 6518.9 -15.3 123 0 8.7 16.3 2.5 2.5 2 1 1 2 2
4247.6 6481.8 -5.2 306 0 8.9 16.3 10.5 3.5 2 1 3 1 1
4214.7 6503.5 -5.0 299 0 8.9 16.3 10.5 3.5 2 1 3 5 5
-4201.8 3692.2 -61.9 330 0 19.9 10.4 7.5 2.5 2 0 3 1 1
-4187.2 3654.9 -60.1 68 0 8.1 9.8 5.0 2.5 2 1 2 5 5
-4051.9 3515.2 -63.4 42 0 12.1 23.2 17.5 0.0 0 1 7 0 0
-5610.7 1648.4 -81.2 179 0 12.4 5.5 5.0 2.5 2 0 2 2 2
-5493.9 1715.2 -88.6 354 0 37.9 6.4 5.0 0.0 0 0 2 4 4
-5517.2 1692.5 -87.7 179 0 8.5 11.0 7.5 2.5 2 1 3 3 3
-5559.3 3463.6 -84.3 282 0 6.1 10.1 7.5 2.5 2 1 3 4 4
-5613.3 3354.5 -66.9 1 0 13.0 7.6 5.0 2.5 2 0 2 5 5
-5593.4 3338.5 -74.0 174 0 10.8 9.6 5.0 2.5 2 0 2 1 1
-5614.8 3393.7 -69.8 188 0 12.6 8.1 7.5 2.5 4 0 3 1 1
-5576.0 3414.7 -81.0 172 0 8.7 10.5 5.0 2.5 2 1 2 1 1
-5549.0 3434.9 -85.9 358 0 13.6 9.0 7.5 2.5 2 0 3 1 1
-5577.1 3462.2 -81.4 164 0 12.1 7.6 5.0 2.5 4 0 2 3 3
-5575.1 3435.6 -80.8 88 0 11.9 16.4 5.0 0.0 0 1 2 0 0
-5583.6 3394.5 -75.6 352 0 8.5 8.5 5.0 0.0 0 1 2 1 1
-3536.4 3362.0 -40.0 109 0 30.6 16.5 12.5 0.0 0 0 5 5 5
-2734.6 2596.0 -46.9 284 0 15.0 12.1 5.0 2.5 4 0 2 2 2
-2706.4 2625.1 -53.2 14 0 11.0 15.1 7.5 0.0 0 1 3 3 3
-2695.3 2653.2 -58.3 10 0 19.6 52.1 12.5 2.5 2 1 5 5 5
