-5977.7 -6201.2 -77.4 101 0 11.2 40.6 7.5 2.5 2 1 3 0 0
-5821.4 -6279.3 -70.7 278 0 8.6 10.5 7.5 2.5 2 1 3 2 2
-5933.3 -6214.5 -76.0 103 0 10.9 37.5 12.5 2.5 2 1 5 3 3
3076.9 4539.4 -109.9 101 0 16.9 18.4 12.5 2.5 2 1 5 1 1
3099.8 4481.3 -112.5 282 0 14.6 38.2 10.0 2.5 2 1 4 3 3
-6636.8 5101.8 111.0 161 0 11.1 74.9 10.0 0.0 0 1 4 4 4
-6659.7 5376.8 99.3 97 0 12.8 17.7 2.5 2.5 2 1 1 4 4
1618.3 1634.7 -116.9 27 0 19.3 11.6 10.0 2.5 2 0 4 5 5
1636.3 1625.9 -115.5 296 0 9.3 16.5 7.5 2.5 2 1 3 3 3
2856.1 125.6 -76.9 203 0 81.2 15.9 10.0 2.5 2 0 4 2 2
5369.7 1365.9 -69.1 90 0 11.7 17.7 10.0 2.5 4 1 4 0 0
5578.5 1368.0 -67.4 167 0 11.6 38.4 10.0 2.5 2 1 4 3 3
5631.6 1368.0 -64.2 80 0 13.2 10.5 7.5 2.5 2 0 3 2 2
5650.5 1373.8 -63.2 78 0 16.1 11.6 2.5 2.5 2 0 1 1 1
5691.5 1382.0 -59.1 74 0 9.6 6.2 7.5 0.0 0 0 3 3 3
5672.2 1376.8 -61.6 79 0 20.1 11.9 10.0 2.5 2 0 4 1 1
5548.2 1421.9 -68.7 170 0 10.5 11.5 7.5 2.5 2 1 3 2 2
5549.9 1464.6 -69.4 269 0 7.7 26.7 7.5 2.5 2 1 3 2 2
5860.7 1593.6 -70.3 286 0 8.5 36.4 7.5 2.5 2 0 3 2 2
5820.7 1554.1 -69.4 191 0 16.9 30.4 10.0 2.5 2 0 4 2 2
5895.3 1712.3 -73.0 17 0 87.6 32.8 10.0 0.0 0 0 4 4 4
5643.7 1601.7 -72.1 181 0 62.1 97.6 10.0 0.0 0 1 4 5 5
5430.1 1677.2 -74.9 291 0 52.1 28.8 10.0 0.0 0 0 4 2 2
5168.0 1903.1 -81.1 202 0 8.8 16.7 5.0 2.5 2 1 2 4 4
5183.2 1943.1 -81.8 199 0 19.5 12.9 10.0 2.5 2 0 4 0 0
5262.0 1478.6 -72.0 178 0 15.6 18.0 7.5 2.5 2 1 3 4 4
5258.9 1661.2 -75.6 178 0 12.4 17.9 7.5 2.5 2 1 3 1 1
5286.9 1932.2 -81.0 293 0 39.1 46.6 10.0 0.0 0 1 4 0 0
5355.8 1792.0 -78.4 22 0 58.9 36.3 7.5 0.0 0 0 3 1 1
4682.4 1702.9 -67.9 180 0 18.9 11.9 7.5 2.5 2 0 3 5 5
4740.0 1756.7 -70.4 271 0 30.4 65.0 10.0 0.0 0 1 4 3 3
4732.4 1614.2 -68.6 91 0 46.8 67.8 12.5 0.0 0 1 5 3 3
4925.2 1537.5 -69.7 273 0 77.4 49.5 12.5 0.0 0 0 5 4 4
4871.6 1584.2 -70.4 274 0 117.0 32.4 10.0 0.0 0 0 4 1 1
4949.5 1379.6 -65.3 262 0 14.0 17.6 8.0 2.5 2 1 2 5 5
4956.8 1333.6 -64.8 81 0 12.6 27.1 10.0 2.5 2 1 4 3 3
5261.2 1430.8 -70.9 275 0 24.5 62.1 10.0 2.5 2 1 4 5 5
4801.7 -2233.7 -74.3 253 0 24.5 9.3 7.5 2.5 2 0 3 5 5
3771.2 -4145.7 -96.6 269 0 8.5 6.2 7.5 0.0 0 0 3 3 3
5412.1 -2674.0 -56.8 96 0 8.6 9.1 5.0 2.5 2 1 2 3 3
5409.6 -2639.5 -57.3 281 0 16.2 10.9 5.0 2.5 4 0 2 0 0
5134.1 -2519.6 -64.2 2 0 20.3 16.5 12.5 2.5 2 0 5 0 0
4314.6 -5151.1 -75.1 135 0 12.8 27.9 7.5 2.5 2 1 3 2 2
4896.4 -5061.4 -75.7 346 0 7.7 13.0 12.0 2.5 2 1 3 1 1
4897.5 -5081.3 -77.0 348 0 29.9 10.4 10.0 0.0 0 0 4 3 3
4904.7 -5129.3 -78.2 75 0 11.0 32.1 7.5 2.5 2 1 3 5 5
2439.4 -5638.0 -79.0 12 0 17.3 71.6 12.5 2.5 2 1 5 1 1
2394.6 -6534.3 -111.5 12 0 28.0 34.4 12.5 0.0 0 1 5 2 2
2334.8 -6482.6 -109.7 195 0 23.9 15.2 10.0 2.5 2 0 4 5 5
2318.0 -6504.0 -109.7 193 0 48.9 11.7 15.0 0.0 0 0 6 4 4
2294.4 -6547.6 -110.6 191 0 18.1 41.2 10.0 2.5 2 0 4 2 2
2156.1 -6540.2 -111.1 191 0 18.4 178.5 10.0 0.0 0 0 4 3 3
2328.3 -6595.0 -111.8 12 0 17.8 180.7 10.0 0.0 0 0 4 4 4
427.5 1916.0 -97.0 116 0 25.3 20.0 12.5 2.5 2 0 5 4 4
-176.8 1704.0 -87.9 254 0 5.8 8.5 5.0 2.5 2 1 2 2 2
465.5 1811.4 -97.1 295 0 15.0 63.7 17.5 2.5 2 1 7 3 3
618.8 1435.1 -99.2 25 0 54.3 22.7 17.5 2.5 2 0 7 5 5
590.4 1447.8 -97.8 26 0 52.6 23.4 10.0 2.5 2 0 4 4 4
568.3 1357.8 -101.3 114 0 22.3 46.9 12.5 2.5 2 1 5 2 2
540.6 1372.2 -100.0 116 0 21.2 45.1 12.5 2.5 2 1 5 2 2
399.6 1511.2 -98.8 206 0 95.7 26.0 12.5 0.0 0 0 5 5 5
415.4 1448.4 -98.8 117 0 19.2 97.6 12.5 0.0 0 1 5 3 3
494.8 1605.9 -93.4 297 0 21.9 65.0 10.0 2.5 2 1 4 2 2
-502.3 401.4 -99.0 18 0 19.5 10.3 8.0 2.5 2 0 2 2 2
-512.3 436.4 -99.4 286 0 9.5 7.4 8.0 2.5 2 0 2 2 2
-515.3 427.4 -99.3 290 0 8.7 9.2 8.0 0.0 0 1 2 1 1
-523.5 399.8 -99.1 107 0 9.0 18.1 8.0 2.5 2 1 2 0 0
-527.7 440.4 -99.5 285 0 11.9 19.1 4.0 2.5 2 0 1 5 5
-539.0 402.2 -99.3 106 0 10.8 20.6 4.0 2.5 2 0 1 1 1
-551.2 434.4 -99.5 196 0 23.9 12.8 7.5 2.5 2 0 3 2 2
-558.3 391.9 -99.1 106 0 9.4 29.5 7.5 2.5 2 1 3 0 0
-572.6 411.7 -98.9 195 0 30.7 9.7 7.5 2.5 2 0 3 5 5
-617.4 461.3 -98.2 277 0 9.3 27.0 7.5 2.5 2 1 3 4 4
-637.0 449.6 -98.0 187 0 25.6 8.2 8.0 2.5 2 0 2 5 5
-640.0 400.8 -97.6 100 0 8.1 27.4 4.0 0.0 0 1 1 1 1
-626.9 398.7 -97.8 99 0 9.2 26.0 8.0 2.5 2 1 2 1 1
-614.2 396.2 -98.0 99 0 8.0 25.3 12.0 2.5 2 1 3 1 1
-584.1 438.8 -98.7 14 0 20.6 10.3 8.0 2.5 2 0 2 5 5
-594.9 405.5 -98.2 8 0 26.8 8.4 8.0 2.5 4 0 2 3 3
2626.1 222.5 -80.2 218 0 15.5 19.7 10.0 0.0 0 1 4 2 2
