-2635.0 5698.5 -50.8 269 0 138.8 29.2 10.0 0.0 0 0 4 3 3
-2553.7 5654.5 -51.2 359 0 31.7 150.1 12.5 0.0 0 0 5 2 2
-2392.7 5711.8 -53.4 15 0 5.9 14.6 7.5 2.5 2 1 3 3 3
-2492.8 5702.4 -52.2 195 0 12.0 25.3 7.5 2.5 2 0 3 3 3
-2501.3 5727.0 -52.9 195 0 31.0 79.6 12.5 0.0 0 0 5 3 3
-2412.1 5786.4 -53.1 287 0 8.5 19.8 2.5 2.5 2 1 1 5 5
-2466.7 5774.5 -52.6 196 0 30.8 41.0 10.0 0.0 0 1 4 0 0
-2371.4 5936.5 -57.6 213 0 35.9 95.0 7.5 0.0 0 1 3 5 5
-2299.2 6385.2 -52.7 3 0 77.6 30.7 15.0 0.0 0 0 6 5 5
-2299.6 6327.3 -47.3 1 0 16.1 32.1 12.5 2.5 2 1 5 5 5
-2416.4 6320.8 -50.6 90 0 45.9 46.0 10.0 0.0 0 1 4 0 0
-2498.2 6352.5 -51.4 183 0 53.5 29.2 17.5 0.0 0 0 7 0 0
-2366.9 6169.9 -41.4 359 0 60.0 10.9 10.0 2.5 2 0 4 3 3
-2394.9 6260.6 -41.7 269 0 31.4 142.6 12.5 0.0 0 0 5 5 5
-2491.3 6099.9 -42.8 179 0 32.8 127.6 10.0 0.0 0 0 4 2 2
-3794.2 3546.3 32.5 91 0 18.3 3.9 5.0 2.5 2 0 2 0 0
-4975.8 3534.5 51.5 270 0 9.5 19.9 5.0 2.5 2 1 2 1 1
-5016.3 3458.1 51.2 174 0 6.3 12.7 2.5 2.5 2 0 1 1 1
-5021.2 3450.2 51.2 174 0 8.4 18.4 5.0 2.5 2 0 2 1 1
-4969.7 3464.5 51.4 358 0 25.3 9.5 5.0 2.5 2 0 2 4 4
-4978.0 3492.1 51.4 359 0 10.6 28.5 7.5 2.5 2 1 3 3 3
-4990.3 3526.5 51.5 271 0 10.0 7.5 7.5 2.5 2 0 3 1 1
-5021.8 3530.8 51.4 271 0 13.0 9.5 5.0 0.0 0 0 2 3 3
-4194.9 2447.1 12.2 100 0 11.0 24.8 12.5 2.5 4 1 5 1 1
-4298.7 2436.7 16.3 183 0 9.8 21.5 7.5 2.5 2 1 3 2 2
-3776.7 3563.6 32.2 270 0 7.8 4.9 2.5 2.5 2 0 1 3 3
-3768.9 3514.2 31.6 81 0 5.6 11.0 7.5 2.5 2 1 3 1 1
