-3625.7 683.7 -35.5 289 0 12.5 51.7 7.5 2.5 2 1 3 0 0
-3573.0 534.3 -35.9 196 0 52.3 13.4 12.5 2.5 2 0 5 0 0
-2845.2 187.9 -16.1 306 0 55.1 13.0 10.0 2.5 2 0 4 3 3
-3556.5 378.5 -39.1 287 0 11.9 51.8 10.0 0.0 0 1 4 5 5
-3665.7 566.0 -38.9 286 0 13.2 51.9 10.0 0.0 0 1 4 2 2
-3261.8 237.1 -32.6 297 0 13.5 93.8 10.0 2.5 2 1 4 0 0
-3743.2 723.5 -38.6 288 0 13.3 63.7 12.5 2.5 2 1 5 1 1
-3473.5 133.5 -39.3 119 0 12.4 91.5 10.0 2.5 2 1 4 1 1
-3550.8 421.0 -37.3 196 0 51.1 12.0 10.0 2.5 2 0 4 1 1
-3300.2 274.1 -29.7 116 0 13.0 92.7 12.5 2.5 2 1 5 4 4
-3306.3 259.2 -33.7 297 0 13.4 93.8 10.0 2.5 2 1 4 3 3
-3198.0 109.1 -29.9 117 0 11.3 87.8 12.5 2.5 2 1 5 1 1
-3603.6 561.0 -35.8 106 0 12.8 52.2 10.0 2.5 2 1 4 3 3
-3256.2 253.5 -28.5 117 0 12.7 93.3 12.5 2.5 2 1 5 1 1
-3532.1 486.8 -35.5 197 0 52.1 11.7 10.0 2.5 2 0 4 2 2
-3035.6 95.4 -24.3 124 0 13.4 51.2 10.0 2.5 2 1 4 3 3
-3116.0 151.5 -27.4 28 0 74.4 13.0 10.0 2.5 2 0 4 1 1
-3461.5 608.7 -31.2 16 0 11.8 10.9 7.5 0.0 0 0 3 0 0
-3456.7 249.0 -36.2 116 0 13.3 102.7 10.0 2.5 2 1 4 3 3
-3199.8 276.6 -27.5 206 0 94.2 13.5 12.5 2.5 2 0 5 4 4
-3018.9 234.5 -22.4 301 0 12.5 51.6 12.5 2.5 2 1 5 0 0
-3257.7 525.4 -27.9 298 0 11.9 60.4 15.0 0.0 0 1 6 0 0
-2978.9 210.4 -21.5 301 0 12.3 52.1 10.0 2.5 2 1 4 5 5
-2922.9 99.9 -21.7 302 0 12.7 39.0 10.0 2.5 2 1 4 4 4
-3361.8 490.9 -32.0 296 0 17.0 92.4 12.5 2.5 2 1 5 0 0
-3109.8 285.3 -26.0 297 0 11.3 95.1 10.0 2.5 2 1 4 0 0
-3722.5 583.1 -40.4 286 0 14.0 53.2 12.5 2.5 2 1 5 1 1
-3677.0 706.1 -37.0 288 0 12.3 65.7 12.5 2.5 2 1 5 1 1
-3358.2 316.5 -34.5 297 0 12.8 101.8 10.0 0.0 0 1 4 3 3
-3346.6 343.5 -30.6 116 0 13.3 102.1 12.5 2.5 4 1 5 3 3
-2961.7 125.3 -23.0 302 0 13.0 51.5 12.5 2.5 2 1 5 3 3
-5888.7 5058.9 -75.4 99 0 158.6 78.7 10.0 0.0 0 0 4 1 1
-3537.6 641.0 -32.6 290 0 14.7 10.5 8.0 2.5 2 0 2 3 3
-2324.3 -4265.5 68.8 97 0 10.0 17.1 5.0 2.5 2 1 2 0 0
