2088.3 2295.8 6.6 141 0 11.7 21.8 7.5 0.0 0 1 3 0 0
2234.1 2287.7 -7.8 121 0 15.8 15.2 12.5 2.5 2 0 5 1 1
2229.9 2286.8 -5.7 37 0 18.9 13.7 12.5 2.5 2 0 5 3 3
2246.8 2277.0 -8.9 215 0 17.3 12.2 10.0 2.5 2 0 4 0 0
2229.2 2266.0 -7.6 308 0 21.2 13.2 10.0 2.5 2 0 4 3 3
2268.6 2216.3 -13.1 81 0 14.8 36.5 10.0 0.0 0 1 4 2 2
2266.1 2461.8 3.2 62 0 33.3 14.7 17.5 0.0 0 0 7 3 3
2228.7 2441.7 3.0 63 0 45.7 15.0 10.0 2.5 2 0 4 2 2
2442.9 2378.7 -6.0 315 0 12.6 18.7 5.0 2.5 2 1 2 3 3
2426.5 2459.2 4.7 86 0 20.5 12.2 7.5 2.5 2 0 3 5 5
2344.6 2483.8 6.1 306 0 7.4 10.9 5.0 2.5 2 1 2 5 5
2347.4 2500.0 8.5 333 0 13.7 6.2 7.5 2.5 2 0 3 4 4
2315.0 2458.9 3.4 199 0 5.7 12.2 2.5 0.0 0 1 1 5 5
2307.2 2493.9 7.5 217 0 13.6 6.3 5.0 0.0 0 0 2 5 5
-2346.4 -5275.3 37.8 97 0 22.0 38.5 12.5 0.0 0 1 5 3 3
6746.6 -4952.2 -36.7 153 0 15.0 15.7 10.0 2.5 2 1 4 1 1
6760.9 -4692.3 1.8 2 0 22.9 18.3 15.0 0.0 0 0 6 1 1
6916.0 -4545.2 -19.4 325 0 8.1 28.1 2.5 2.5 2 1 1 2 2
6061.1 -5007.3 -45.3 259 0 9.1 10.9 7.5 2.5 4 1 3 1 1
6108.4 -4969.6 -39.3 351 0 8.8 18.1 7.5 2.5 2 1 3 0 0
5483.9 -4775.8 10.3 87 0 4.4 7.2 7.5 2.5 4 1 3 4 4
5587.3 -4830.9 -13.6 87 0 15.6 10.6 5.0 2.5 2 0 2 5 5
5589.8 -4810.6 -7.6 359 0 9.6 20.8 2.5 2.5 2 1 1 4 4
