2844.7 3338.5 23.2 260 0 25.9 8.3 5.0 2.5 2 0 2 5 5
2772.3 3343.9 25.2 82 0 6.3 14.2 5.0 0.0 0 1 2 4 4
2717.9 2843.1 15.3 350 0 10.8 18.8 5.0 2.5 2 1 2 3 3
3037.7 1920.3 10.8 191 0 14.7 7.3 5.0 2.5 2 0 2 1 1
3017.3 1875.9 11.0 13 0 31.6 43.2 7.5 0.0 0 1 3 3 3
3348.3 1589.5 -4.6 99 0 13.4 17.7 5.0 2.5 4 1 2 3 3
1666.2 1201.8 20.8 91 0 10.1 18.5 5.0 2.5 2 1 2 2 2
2631.4 2932.4 16.2 103 0 22.4 19.1 7.5 0.0 0 0 3 4 4
2705.6 2936.3 15.3 348 0 10.7 6.5 5.0 2.5 2 0 2 5 5
2698.1 3029.5 17.7 178 0 9.2 6.9 2.5 2.5 2 0 1 5 5
2680.0 2967.2 16.3 354 0 14.9 32.5 15.0 0.0 0 1 6 4 4
2675.1 2950.3 16.0 354 0 8.7 10.2 5.0 2.5 2 1 2 0 0
2711.1 2946.4 15.4 178 0 6.5 8.4 7.5 0.0 0 1 3 3 3
2791.4 2624.8 14.1 190 0 5.8 12.4 5.0 2.5 2 1 2 1 1
2699.2 2991.9 16.7 177 0 6.7 12.4 5.0 2.5 2 1 2 2 2
2640.3 3006.8 17.7 268 0 12.4 9.6 7.5 2.5 2 0 3 3 3
2708.6 2910.6 15.3 354 0 7.2 7.5 2.5 0.0 0 1 1 1 1
2810.5 2620.8 13.8 189 0 8.3 9.1 5.0 0.0 0 1 2 0 0
2819.9 2562.8 13.9 100 0 5.6 7.2 7.5 0.0 0 1 3 2 2
2663.3 2951.2 16.2 357 0 5.6 8.7 7.5 2.5 2 1 3 4 4
2666.5 2984.6 17.0 1 0 8.2 7.6 5.0 2.5 2 0 2 4 4
2708.6 2920.6 15.3 350 0 7.9 10.1 7.5 2.5 2 1 3 3 3
2689.9 2952.7 15.8 346 0 11.6 11.8 5.0 2.5 2 0 2 2 2
2705.4 2963.2 15.9 180 0 7.2 4.9 7.5 2.5 2 0 3 1 1
2803.2 2645.3 14.0 277 0 10.8 12.8 7.5 2.5 2 1 3 0 0
2696.2 2924.2 15.5 351 0 4.7 9.4 7.5 2.5 2 1 3 5 5
2682.1 2931.9 15.8 356 0 12.2 15.1 5.0 2.5 2 1 2 5 5
2705.8 2978.8 16.3 178 0 7.3 13.4 5.0 0.0 0 1 2 0 0
2723.6 2895.8 14.8 177 0 5.2 8.8 7.5 2.5 2 1 3 4 4
2484.7 490.1 4.2 17 0 11.6 21.0 5.0 2.5 2 1 2 4 4
3387.5 2523.5 1.7 18 0 9.5 13.0 5.0 2.5 4 1 2 0 0
1786.7 207.4 13.6 92 0 20.6 12.5 12.5 2.5 2 0 5 4 4
3775.2 3206.2 9.4 187 0 22.2 9.7 5.0 2.5 2 0 2 0 0
1972.8 346.4 13.8 284 0 9.1 32.6 7.5 0.0 0 1 3 3 3
2590.6 828.0 9.2 99 0 9.7 12.4 7.5 2.5 4 1 3 5 5
2591.0 2345.5 18.2 200 0 8.8 15.3 7.5 2.5 2 1 3 1 1
3836.0 1170.1 6.3 21 0 10.0 18.6 5.0 2.5 2 1 2 5 5
2448.0 2449.3 20.5 291 0 9.7 36.0 7.5 2.5 2 1 3 2 2
3072.7 2313.5 9.0 111 0 9.0 18.0 7.5 2.5 2 1 3 3 3
3623.0 1521.1 -5.9 61 0 10.4 4.8 2.5 2.5 2 0 1 2 2
1550.7 3237.2 35.8 18 0 4.7 9.7 7.5 2.5 2 1 3 0 0
2722.8 2035.8 15.4 14 0 6.5 12.4 5.0 0.0 0 1 2 1 1
3364.1 2651.5 1.8 278 0 5.6 15.1 5.0 0.0 0 1 2 3 3
3854.6 555.1 12.7 169 0 4.4 9.6 7.5 2.5 4 1 3 5 5
3727.5 1578.5 -5.9 66 0 20.0 6.6 7.5 2.5 4 0 3 4 4
2666.8 160.1 9.1 30 0 7.5 12.7 5.0 2.5 2 1 2 2 2
2520.8 1507.6 16.5 102 0 14.9 9.6 2.5 2.5 4 0 1 2 2
3695.3 1591.2 -6.7 76 0 8.4 4.5 5.0 2.5 2 0 2 4 4
3305.2 2643.3 2.9 193 0 5.7 9.3 7.5 0.0 0 1 3 3 3
3880.4 1126.7 7.7 117 0 9.8 9.7 2.5 2.5 2 0 1 4 4
3852.7 96.0 11.3 108 0 4.1 8.8 7.5 2.5 2 1 3 2 2
3620.2 1526.8 -6.2 63 0 7.4 6.7 7.5 2.5 2 0 3 4 4
3874.9 2471.6 -7.2 178 0 9.9 7.2 5.0 2.5 2 0 2 2 2
3676.1 3275.7 18.2 271 0 10.0 29.8 7.5 2.5 2 1 3 5 5
3416.6 2547.8 1.0 18 0 4.9 7.4 5.0 2.5 2 1 2 3 3
1372.5 2564.5 25.1 102 0 7.7 15.0 2.5 2.5 2 1 1 1 1
1476.0 993.3 22.9 82 0 16.6 8.6 7.5 0.0 0 0 3 3 3
3352.5 2592.6 2.0 188 0 9.2 13.1 2.5 2.5 2 1 1 4 4
3933.9 1322.5 2.5 110 0 23.7 6.8 2.5 2.5 2 0 1 4 4
3564.9 1521.8 -6.9 64 0 10.7 4.6 5.0 0.0 0 0 2 3 3
2828.3 2086.1 14.1 103 0 11.7 9.8 7.5 2.5 2 0 3 1 1
3288.8 2663.8 3.3 189 0 5.9 7.3 7.5 2.5 2 1 3 2 2
3625.9 3247.3 19.2 86 0 10.3 29.5 12.5 2.5 2 1 5 4 4
3955.0 2430.6 -11.0 174 0 8.1 20.5 5.0 2.5 2 1 2 4 4
3849.8 1165.9 6.8 286 0 8.2 5.4 5.0 2.5 2 0 2 3 3
3240.4 2280.6 5.7 23 0 10.0 45.3 7.5 2.5 2 1 3 2 2
3571.5 1539.3 -7.1 247 0 7.6 9.3 5.0 2.5 2 1 2 2 2
3408.1 2654.0 0.8 276 0 5.6 12.6 5.0 0.0 0 1 2 4 4
3620.3 1542.0 -6.6 66 0 17.5 4.7 7.5 2.5 2 0 3 2 2
2603.0 2350.3 18.2 112 0 8.4 12.9 5.0 0.0 0 1 2 5 5
3359.4 2546.9 2.0 187 0 6.6 11.2 7.5 2.5 2 1 3 3 3
1718.7 192.0 16.2 99 0 17.9 12.5 5.0 2.5 4 0 2 5 5
3333.4 2618.2 2.5 102 0 10.6 9.1 5.0 0.0 0 0 2 1 1
2504.6 2312.7 19.0 281 0 21.6 10.6 5.0 2.5 2 0 2 5 5
3902.8 1333.4 2.1 107 0 20.5 10.3 5.0 2.5 4 0 2 0 0
2611.6 2051.3 16.9 283 0 11.4 7.0 7.5 2.5 2 0 3 5 5
3316.4 2662.6 2.8 289 0 3.3 9.1 2.5 2.5 2 1 1 1 1
2306.9 2699.8 23.4 283 0 10.2 33.3 7.5 2.5 2 1 3 3 3
1853.7 -83.3 8.4 98 0 11.8 33.8 7.5 0.0 0 1 3 5 5
3850.0 964.2 12.0 14 0 9.6 27.7 7.5 2.5 2 1 3 1 1
3879.5 2452.3 -7.7 178 0 6.9 17.9 7.5 2.5 2 1 3 0 0
2280.2 2790.0 24.3 6 0 11.3 9.7 5.0 2.5 2 0 2 1 1
1938.3 306.1 13.7 195 0 8.9 14.1 7.5 2.5 2 1 3 4 4
3872.0 187.5 12.6 13 0 7.5 12.1 5.0 2.5 2 1 2 3 3
3789.6 3316.3 17.3 189 0 12.5 5.9 5.0 2.5 2 0 2 2 2
2419.8 2432.7 20.7 201 0 16.0 9.3 5.0 2.5 2 0 2 4 4
3315.6 2430.9 3.6 7 0 6.0 9.7 5.0 2.5 2 1 2 4 4
1827.7 690.9 20.8 98 0 12.9 9.0 7.5 2.5 2 0 3 5 5
3047.8 2328.0 9.5 108 0 18.4 8.5 5.0 2.5 2 0 2 5 5
2722.2 2110.5 15.5 194 0 14.9 6.5 7.5 2.5 2 0 3 5 5
1829.4 1103.9 19.8 281 0 8.6 6.1 5.0 2.5 2 0 2 0 0
1468.4 1015.9 22.9 183 0 13.2 10.4 5.0 2.5 4 0 2 1 1
3956.4 2412.7 -10.3 93 0 4.9 12.2 5.0 0.0 0 1 2 3 3
3881.3 251.4 12.5 284 0 9.8 11.9 7.5 2.5 2 1 3 5 5
2686.4 2235.5 16.6 288 0 8.0 7.3 7.5 2.5 2 0 3 0 0
2289.5 2810.1 24.4 9 0 9.2 4.3 7.5 2.5 2 0 3 0 0
2720.2 2025.7 15.4 14 0 10.4 28.9 7.5 2.5 2 1 3 1 1
3739.1 1594.5 -6.2 65 0 12.0 7.0 7.5 2.5 2 0 3 3 3
3897.9 1148.6 7.3 35 0 7.9 4.9 7.5 2.5 2 0 3 4 4
3300.0 1467.4 -2.3 2 0 9.6 14.2 7.5 0.0 0 1 3 3 3
3386.9 2559.0 1.6 11 0 5.8 10.2 7.5 2.5 4 1 3 0 0
3891.0 2407.2 -7.3 93 0 4.2 12.0 5.0 2.5 2 1 2 0 0
2072.6 2393.0 25.0 278 0 8.8 9.2 7.5 2.5 2 1 3 2 2
2530.4 2305.0 18.7 280 0 18.7 7.8 5.0 2.5 2 0 2 1 1
1776.3 2453.5 26.3 105 0 11.5 19.5 5.0 2.5 2 1 2 2 2
3633.7 1508.3 -5.3 154 0 6.2 9.7 5.0 2.5 2 1 2 0 0
3330.5 2660.8 2.4 287 0 12.1 5.8 7.5 0.0 0 0 3 4 4
3320.9 -99.2 13.6 271 0 7.9 11.7 2.5 2.5 2 1 1 0 0
3354.7 2617.9 2.0 188 0 7.7 7.4 2.5 2.5 2 0 1 5 5
3673.2 1601.4 -7.3 250 0 11.4 10.8 7.5 0.0 0 0 3 3 3
1942.6 2488.8 26.9 190 0 7.4 14.0 7.5 2.5 4 1 3 3 3
3848.1 2488.6 -6.2 186 0 5.4 8.8 2.5 2.5 4 1 1 4 4
3864.0 1127.1 7.7 110 0 6.9 8.1 7.5 2.5 2 1 3 5 5
2223.5 2954.3 25.3 180 0 10.2 19.8 5.0 2.5 2 1 2 4 4
3690.0 1560.5 -6.0 61 0 6.9 7.0 5.0 2.5 2 1 2 2 2
2246.4 2760.3 24.6 3 0 5.5 8.3 5.0 2.5 2 1 2 5 5
3405.2 2632.9 1.0 5 0 10.3 14.9 2.5 2.5 2 1 1 4 4
3350.7 2609.3 2.0 192 0 6.7 10.0 5.0 2.5 2 1 2 0 0
3969.2 235.2 11.6 181 0 7.5 17.1 7.5 2.5 2 1 3 1 1
3629.6 1536.3 -6.3 68 0 5.5 7.4 2.5 2.5 2 1 1 5 5
2246.4 2676.1 24.0 185 0 8.9 9.0 7.5 0.0 0 1 3 3 3
2277.7 2715.4 23.9 276 0 5.7 11.5 7.5 2.5 2 1 3 3 3
2537.2 2385.7 19.0 132 0 24.1 7.3 7.5 2.5 2 0 3 0 0
3932.0 1308.1 3.1 283 0 18.8 13.1 10.0 0.0 0 0 4 1 1
2632.1 643.3 3.7 204 0 4.7 9.5 2.5 2.5 2 1 1 5 5
3344.0 2475.8 2.8 16 0 7.1 9.8 5.0 2.5 2 1 2 4 4
2672.0 2191.4 16.5 105 0 11.7 10.7 10.0 2.5 4 0 4 2 2
3857.2 951.4 12.7 282 0 8.8 30.1 7.5 2.5 2 1 3 1 1
2323.8 1148.0 16.2 183 0 6.4 9.0 7.5 2.5 2 1 3 0 0
2111.0 2717.9 25.8 297 0 17.5 9.2 7.5 2.5 4 0 3 4 4
2213.7 2678.0 24.5 10 0 6.6 4.9 5.0 2.5 2 0 2 4 4
2408.8 2306.6 20.3 276 0 8.3 15.2 7.5 2.5 2 1 3 4 4
1719.5 3266.6 42.3 177 0 6.3 22.8 2.5 2.5 2 1 1 5 5
2775.1 1710.9 13.6 98 0 19.3 11.4 5.0 2.5 4 0 2 1 1
3554.3 1517.6 -7.0 65 0 10.3 5.3 2.5 2.5 2 0 1 4 4
3743.1 1585.4 -5.9 66 0 12.0 9.0 5.0 2.5 2 0 2 1 1
3939.7 1379.4 1.3 282 0 3.9 8.0 7.5 2.5 2 1 3 5 5
3292.0 1443.7 -2.7 91 0 15.5 9.9 7.5 2.5 2 0 3 0 0
3886.1 559.6 12.4 355 0 5.1 11.8 5.0 2.5 2 1 2 2 2
2048.1 2775.9 26.9 292 0 11.0 6.0 5.0 2.5 2 0 2 1 1
3296.1 2565.1 2.4 193 0 10.3 56.3 15.0 0.0 0 1 6 5 5
3898.6 2421.3 -8.0 89 0 16.7 12.0 5.0 2.5 2 0 2 0 0
3935.1 1335.7 2.3 110 0 11.6 5.0 2.5 2.5 2 0 1 1 1
3789.9 1047.1 9.9 194 0 6.1 10.2 2.5 2.5 2 1 1 0 0
3405.3 2450.9 1.5 273 0 9.6 9.0 5.0 2.5 2 0 2 2 2
2623.9 2046.7 16.7 283 0 10.5 5.2 7.5 2.5 2 0 3 3 3
3593.1 1502.6 -6.0 63 0 28.4 9.7 7.5 2.5 2 0 3 2 2
3795.1 1209.7 5.4 291 0 6.1 15.6 7.5 2.5 2 1 3 5 5
1817.9 2443.1 26.3 106 0 17.5 9.5 2.5 2.5 2 0 1 3 3
1498.7 1019.4 22.6 90 0 10.1 21.8 5.0 2.5 2 1 2 3 3
3609.9 221.1 14.2 103 0 9.4 22.2 5.0 2.5 2 1 2 4 4
1813.5 207.7 13.2 95 0 18.6 10.4 5.0 0.0 0 0 2 1 1
1650.1 1053.3 21.2 188 0 8.1 7.7 5.0 0.0 0 0 2 4 4
3923.1 2425.7 -9.2 88 0 24.7 7.4 5.0 2.5 2 0 2 0 0
3875.3 2441.3 -8.0 181 0 5.7 30.6 5.0 2.5 2 1 2 5 5
1875.5 1094.1 19.5 276 0 13.4 5.8 5.0 2.5 2 0 2 5 5
2416.1 1100.0 15.7 3 0 6.2 13.4 5.0 2.5 2 1 2 0 0
3934.6 2506.9 -10.0 282 0 8.7 10.1 7.5 2.5 4 1 3 0 0
3373.5 2495.8 1.8 104 0 14.8 24.7 10.0 2.5 2 1 4 4 4
3081.6 2290.8 8.9 116 0 15.3 11.9 5.0 0.0 0 0 2 2 2
3628.9 234.4 14.2 284 0 10.5 19.5 7.5 0.0 0 1 3 5 5
3385.8 2552.1 1.7 10 0 5.7 10.6 7.5 0.0 0 1 3 4 4
3323.7 2039.1 7.4 222 0 4.1 8.7 7.5 2.5 2 1 3 4 4
3975.9 1646.7 -6.2 84 0 25.0 10.4 10.0 2.5 2 0 4 2 2
3629.9 -8.7 7.5 85 0 9.9 15.6 2.5 2.5 2 1 1 2 2
3226.0 309.6 15.3 190 0 4.9 16.1 5.0 2.5 2 1 2 2 2
3528.4 70.2 14.6 284 0 9.3 38.6 7.5 2.5 2 1 3 1 1
3872.0 2467.1 -6.9 88 0 4.7 9.1 7.5 0.0 0 1 3 4 4
3328.3 2654.5 2.5 288 0 13.1 4.8 2.5 2.5 2 0 1 1 1
2500.2 1517.5 16.7 191 0 10.7 10.9 5.0 2.5 2 1 2 3 3
3658.4 1543.8 -6.1 63 0 12.4 9.9 7.5 2.5 2 0 3 3 3
3337.5 2465.6 3.0 15 0 5.6 7.6 5.0 2.5 2 1 2 4 4
3345.4 2591.8 2.3 184 0 5.5 5.6 7.5 2.5 2 1 3 0 0
2791.9 910.3 3.5 279 0 6.3 14.2 5.0 2.5 2 1 2 2 2
3344.8 2638.1 2.2 288 0 13.3 9.6 5.0 2.5 2 0 2 1 1
3146.6 2274.3 7.6 115 0 6.9 10.2 2.5 0.0 0 1 1 3 3
1980.7 284.2 12.5 102 0 11.9 57.8 10.0 2.5 2 1 4 4 4
3377.2 2448.0 1.9 173 0 6.9 15.0 5.0 2.5 2 1 2 0 0
2273.0 2802.5 24.5 1 0 6.5 11.7 5.0 2.5 2 1 2 4 4
3340.6 2652.2 2.3 281 0 6.3 7.3 2.5 0.0 0 1 1 0 0
2443.3 2304.1 19.8 275 0 9.0 10.9 7.5 2.5 2 1 3 4 4
2548.4 1558.4 16.2 272 0 12.1 6.8 7.5 0.0 0 0 3 2 2
3850.8 1141.4 7.4 104 0 9.1 5.2 5.0 2.5 2 0 2 2 2
2864.4 1962.2 13.2 273 0 9.7 8.8 7.5 2.5 4 0 3 0 0
3823.5 1144.1 7.2 98 0 10.5 6.5 2.5 2.5 2 0 1 4 4
3631.9 1527.3 -6.0 63 0 9.7 8.4 7.5 2.5 2 0 3 2 2
2466.1 2311.9 19.4 280 0 26.6 12.1 10.0 2.5 2 0 4 4 4
3340.6 2498.0 2.5 194 0 6.2 14.9 7.5 2.5 2 1 3 4 4
3408.7 2572.4 1.0 280 0 7.8 8.0 5.0 2.5 2 1 2 2 2
2264.5 2347.6 22.3 281 0 14.1 15.4 5.0 2.5 2 1 2 5 5
2684.9 2036.3 15.8 276 0 9.2 5.7 5.0 2.5 2 0 2 3 3
1542.6 1035.6 22.2 96 0 5.3 14.5 7.5 2.5 2 1 3 3 3
2730.7 2134.7 15.6 288 0 4.8 13.8 5.0 2.5 2 1 2 4 4
2266.2 2817.3 24.6 270 0 8.8 6.2 5.0 2.5 2 0 2 3 3
2784.0 1666.1 13.4 100 0 14.4 9.9 7.5 0.0 0 0 3 1 1
2571.7 887.6 10.5 193 0 8.3 18.6 2.5 2.5 2 1 1 2 2
3803.9 1181.6 6.2 196 0 10.4 13.4 5.0 2.5 4 1 2 3 3
2687.5 771.7 4.1 205 0 49.3 8.1 7.5 2.5 2 0 3 5 5
2472.5 2456.5 20.3 117 0 11.9 89.9 10.0 2.5 2 1 4 3 3
3418.8 -62.2 14.7 273 0 8.6 9.2 5.0 2.5 2 1 2 4 4
3903.2 2491.6 -8.6 270 0 13.1 9.6 7.5 2.5 2 0 3 0 0
3064.2 2362.1 9.2 286 0 6.3 23.3 7.5 2.5 2 1 3 3 3
3962.1 2465.4 -11.0 268 0 12.3 23.2 10.0 0.0 0 1 4 0 0
3560.5 1535.2 -7.2 243 0 7.5 8.6 5.0 2.5 4 1 2 2 2
2281.0 2662.2 23.7 19 0 13.7 14.5 7.5 2.5 2 1 3 0 0
3180.7 1832.7 6.6 102 0 4.7 10.0 2.5 2.5 2 1 1 3 3
3088.5 1785.5 9.7 95 0 11.6 9.9 5.0 2.5 2 0 2 5 5
3161.3 1960.9 8.3 95 0 4.5 12.9 5.0 2.5 2 1 2 1 1
3022.3 1919.2 11.1 7 0 12.7 9.1 5.0 2.5 4 0 2 5 5
3164.3 1830.3 7.6 97 0 4.3 12.3 5.0 2.5 2 1 2 5 5
3307.9 1735.4 -0.3 313 0 3.9 8.1 2.5 2.5 2 1 1 1 1
3358.0 1772.1 -2.7 295 0 4.5 7.4 5.0 2.5 2 1 2 2 2
3175.9 1845.9 7.0 97 0 7.9 4.7 5.0 2.5 2 0 2 3 3
3039.0 1894.4 10.7 193 0 31.8 8.6 7.5 2.5 2 0 3 2 2
3172.1 1829.5 7.0 98 0 8.0 11.9 5.0 2.5 2 1 2 4 4
3314.6 1766.0 -0.4 114 0 7.2 4.6 7.5 2.5 2 0 3 4 4
3117.9 1779.5 8.3 95 0 16.9 14.5 2.5 2.5 2 0 1 0 0
3170.4 1958.7 8.1 103 0 10.6 5.7 5.0 2.5 2 0 2 5 5
3321.8 1737.9 -1.1 137 0 12.3 5.4 5.0 2.5 2 0 2 2 2
3171.0 2008.1 7.9 209 0 7.6 5.1 5.0 2.5 2 0 2 1 1
3051.7 1834.3 10.4 178 0 5.3 5.8 5.0 2.5 2 1 2 2 2
3102.0 1937.8 9.6 92 0 12.7 19.5 5.0 2.5 2 1 2 0 0
3194.5 1948.9 7.6 104 0 6.7 16.5 5.0 2.5 2 1 2 3 3
3329.0 1730.0 -1.4 132 0 4.9 8.3 2.5 2.5 4 1 1 5 5
3341.1 1715.6 -2.2 131 0 5.7 6.8 5.0 2.5 2 1 2 5 5
3155.6 2034.7 8.2 107 0 5.0 7.3 5.0 2.5 2 1 2 2 2
3050.6 1840.2 10.4 178 0 5.8 7.7 5.0 2.5 2 1 2 0 0
3117.4 1941.4 9.1 181 0 5.7 14.1 7.5 2.5 2 1 3 4 4
3335.7 1724.3 -1.9 135 0 8.7 5.1 2.5 2.5 2 0 1 1 1
3054.5 1961.7 10.4 195 0 4.8 16.2 5.0 2.5 2 1 2 3 3
3183.7 1825.1 6.5 268 0 12.4 6.6 5.0 2.5 2 0 2 2 2
3337.7 1737.3 -1.6 123 0 7.2 8.9 5.0 2.5 2 1 2 2 2
3298.3 1749.5 0.3 297 0 9.6 5.6 5.0 2.5 2 0 2 1 1
3037.4 1825.0 10.5 178 0 9.8 6.5 2.5 2.5 2 0 1 4 4
3269.7 1712.1 0.7 109 0 9.1 6.3 5.0 2.5 2 0 2 2 2
3320.8 1811.2 -1.0 18 0 9.0 11.1 5.0 2.5 2 1 2 1 1
3128.6 2008.9 8.9 185 0 8.9 5.9 7.5 2.5 2 0 3 5 5
3095.7 1903.8 10.0 15 0 6.5 6.6 7.5 2.5 2 1 3 5 5
3278.5 1820.4 1.0 102 0 6.7 11.0 5.0 2.5 2 1 2 1 1
3342.8 1746.2 -1.9 122 0 8.1 6.5 5.0 2.5 2 0 2 3 3
3003.4 1852.5 11.1 11 0 5.9 9.8 7.5 2.5 2 1 3 5 5
3156.2 1941.4 8.5 272 0 7.1 7.7 5.0 0.0 0 1 2 1 1
3276.9 1759.8 1.4 294 0 6.6 7.1 5.0 2.5 2 1 2 1 1
3130.8 2031.0 8.8 280 0 4.9 6.6 5.0 2.5 2 1 2 5 5
3094.9 1799.3 9.7 94 0 9.0 8.8 7.5 2.5 2 0 3 1 1
3354.3 1761.8 -2.4 295 0 5.2 9.3 5.0 2.5 2 1 2 2 2
3122.4 1947.8 9.0 185 0 4.7 15.2 7.5 2.5 2 1 3 1 1
3332.2 1711.2 -2.0 314 0 8.7 10.0 7.5 2.5 2 1 3 1 1
3082.9 1996.9 9.8 190 0 14.9 8.4 5.0 2.5 2 0 2 1 1
3143.6 2020.3 8.6 283 0 6.8 5.5 2.5 2.5 2 0 1 1 1
3301.0 1770.7 0.1 115 0 6.0 11.8 7.5 2.5 4 1 3 4 4
3265.7 1822.9 1.6 103 0 8.0 12.4 5.0 2.5 2 1 2 2 2
3202.6 2012.8 7.3 36 0 4.1 8.4 2.5 2.5 2 1 1 1 1
3288.7 1762.0 1.2 23 0 7.9 11.2 2.5 2.5 2 1 1 0 0
3149.6 1965.3 8.6 92 0 4.4 14.6 7.5 2.5 2 1 3 0 0
3023.4 1907.9 11.0 7 0 6.2 11.3 2.5 2.5 2 1 1 0 0
3157.2 1831.9 7.9 93 0 7.5 11.8 7.5 2.5 2 1 3 5 5
3085.1 1915.7 10.2 290 0 4.4 13.5 7.5 2.5 2 1 3 5 5
3199.8 1989.3 7.5 27 0 7.2 9.6 2.5 2.5 2 1 1 3 3
3052.5 1956.9 10.5 196 0 3.7 16.3 2.5 2.5 2 1 1 4 4
3033.5 1959.6 10.8 117 0 9.6 22.8 5.0 2.5 2 1 2 0 0
4052.0 3810.7 -2.9 187 0 8.3 31.3 7.5 2.5 2 1 3 4 4
2872.6 -1241.6 -4.3 272 0 9.7 9.3 2.5 2.5 2 0 1 0 0
607.6 2087.6 22.7 196 0 7.1 7.2 7.5 2.5 2 1 3 3 3
5688.1 2630.6 6.3 97 0 9.8 10.6 5.0 2.5 2 1 2 2 2
4034.8 2427.1 -13.9 91 0 10.2 6.2 5.0 2.5 2 0 2 4 4
567.6 1944.4 23.1 183 0 4.8 13.3 5.0 0.0 0 1 2 2 2
4760.7 1809.8 -0.7 2 0 3.8 19.9 7.5 2.5 2 1 3 3 3
4613.7 2337.3 -11.7 8 0 4.1 14.0 2.5 2.5 2 1 1 4 4
2973.9 1235.7 1.0 192 0 9.1 24.2 7.5 2.5 2 1 3 2 2
5547.2 252.1 13.6 13 0 9.3 5.5 5.0 2.5 2 0 2 3 3
5912.6 3161.2 -13.3 192 0 12.7 7.9 5.0 0.0 0 0 2 1 1
4495.9 -139.6 3.2 177 0 6.5 11.2 2.5 2.5 4 1 1 4 4
4383.8 -639.5 -8.6 193 0 5.1 6.5 5.0 2.5 2 1 2 2 2
1139.9 3379.3 31.5 80 0 4.0 7.5 7.5 2.5 2 1 3 3 3
571.8 1998.5 24.1 197 0 6.3 10.6 5.0 2.5 2 1 2 1 1
4415.0 -615.9 -5.2 293 0 4.8 8.0 2.5 2.5 2 1 1 4 4
1135.9 3277.6 31.4 182 0 6.2 14.8 5.0 2.5 2 1 2 1 1
5712.3 2680.3 5.9 272 0 9.8 21.1 5.0 0.0 0 1 2 0 0
1163.0 3259.1 31.2 3 0 13.2 12.9 2.5 2.5 2 0 1 4 4
4745.4 2491.2 -10.5 186 0 8.7 17.4 2.5 2.5 2 1 1 3 3
4299.3 3819.9 -7.4 105 0 10.9 8.7 5.0 0.0 0 0 2 3 3
2924.2 1210.6 2.9 197 0 14.0 10.7 5.0 2.5 2 0 2 4 4
5792.0 2587.6 10.5 89 0 8.2 9.1 5.0 2.5 4 1 2 0 0
5094.7 1705.1 1.7 89 0 19.3 14.8 7.5 2.5 2 0 3 4 4
5669.3 439.6 5.1 286 0 10.5 8.6 7.5 2.5 2 0 3 2 2
624.5 2036.0 24.4 16 0 10.5 16.0 5.0 2.5 2 1 2 3 3
2992.2 1404.4 4.9 281 0 7.8 6.0 7.5 2.5 2 0 3 5 5
4422.1 -631.4 -7.0 201 0 8.3 11.1 7.5 2.5 2 1 3 1 1
649.0 2014.6 25.7 17 0 5.0 17.6 5.0 2.5 2 1 2 3 3
3016.7 1277.6 1.3 15 0 6.9 9.1 5.0 2.5 2 1 2 0 0
624.7 1941.7 23.8 17 0 12.5 19.2 7.5 2.5 2 1 3 5 5
5785.0 2517.1 9.9 266 0 7.3 13.7 7.5 2.5 2 1 3 4 4
5132.5 2112.4 -8.7 184 0 4.0 14.8 5.0 2.5 2 1 2 3 3
2972.2 1128.6 0.5 286 0 6.7 8.1 5.0 2.5 4 1 2 2 2
3387.7 -121.6 14.7 350 0 5.4 9.6 5.0 2.5 2 1 2 5 5
678.2 1986.5 25.8 278 0 15.0 5.4 5.0 2.5 2 0 2 0 0
4441.8 3461.1 -10.4 116 0 24.4 15.8 12.5 2.5 4 0 5 0 0
3024.7 1365.7 3.0 12 0 3.8 10.5 2.5 2.5 4 1 1 5 5
1042.8 3557.6 33.3 107 0 4.4 11.6 5.0 2.5 2 1 2 1 1
4602.3 2420.0 -13.3 272 0 6.1 10.0 7.5 0.0 0 1 3 3 3
2996.3 1122.6 -0.5 288 0 5.9 5.1 7.5 2.5 4 0 3 4 4
4295.0 3528.3 -6.5 105 0 8.3 18.5 7.5 2.5 2 1 3 0 0
5683.4 -1.4 84.0 91 0 5.6 7.3 2.5 0.0 0 1 1 2 2
2866.5 1334.0 8.5 13 0 5.4 10.1 5.0 2.5 4 1 2 2 2
4514.1 -54.1 2.5 88 0 5.4 10.9 5.0 2.5 2 1 2 4 4
5512.1 2354.5 -2.6 357 0 17.0 10.9 2.5 2.5 2 0 1 2 2
575.9 2026.6 24.7 199 0 5.7 8.2 7.5 2.5 2 1 3 1 1
4452.4 3482.1 -10.5 25 0 8.1 34.4 7.5 2.5 2 1 3 4 4
2966.2 1317.5 4.0 99 0 11.5 9.5 2.5 2.5 2 0 1 2 2
2793.7 -931.8 12.2 102 0 11.4 29.3 10.0 2.5 2 1 4 1 1
5699.4 2628.9 6.9 94 0 8.7 10.4 5.0 2.5 2 1 2 2 2
561.4 1943.9 23.0 103 0 7.5 12.4 5.0 0.0 0 1 2 3 3
4885.7 1630.7 2.7 88 0 9.3 9.0 7.5 2.5 4 0 3 4 4
2963.2 1222.0 1.1 189 0 10.1 24.4 2.5 2.5 2 1 1 2 2
5444.0 68.6 10.3 101 0 5.8 8.0 5.0 2.5 2 1 2 2 2
2935.5 1204.5 2.3 194 0 8.3 11.2 5.0 2.5 4 1 2 1 1
6015.0 3175.7 -10.9 355 0 7.5 11.8 5.0 2.5 2 1 2 3 3
5435.7 2329.5 -4.7 90 0 17.5 10.8 10.0 2.5 2 0 4 3 3
5660.2 698.9 11.3 189 0 12.8 8.3 5.0 2.5 2 0 2 1 1
1120.4 3232.2 29.7 77 0 6.6 20.0 5.0 2.5 2 1 2 3 3
584.9 1974.2 23.8 14 0 6.1 11.7 5.0 2.5 2 1 2 5 5
4496.6 -165.1 3.3 180 0 4.3 8.3 2.5 2.5 2 1 1 2 2
6284.4 805.4 16.1 1 0 8.6 3.9 7.5 2.5 2 0 3 2 2
2999.8 1333.5 3.2 9 0 8.6 13.5 5.0 2.5 2 1 2 3 3
2914.5 -1254.7 -4.0 351 0 4.1 10.1 5.0 2.5 2 1 2 2 2
5159.3 2081.5 -8.3 0 0 5.1 14.8 5.0 2.5 2 1 2 3 3
2971.4 1077.2 0.7 18 0 4.1 12.2 5.0 2.5 2 1 2 1 1
4647.4 3743.3 -11.5 271 0 5.7 11.9 5.0 2.5 2 1 2 4 4
3218.4 -149.5 8.8 356 0 15.9 23.1 12.5 2.5 2 1 5 1 1
693.8 1995.2 25.8 189 0 5.3 7.6 7.5 2.5 2 1 3 4 4
2996.7 1353.8 3.5 278 0 9.2 7.2 7.5 2.5 4 0 3 5 5
2922.0 1444.4 7.9 196 0 8.2 19.1 5.0 2.5 2 1 2 1 1
4618.1 2411.3 -13.0 5 0 5.2 11.4 7.5 2.5 2 1 3 0 0
4177.5 51.6 9.6 113 0 7.9 3.9 2.5 2.5 2 0 1 5 5
4460.9 -632.5 -7.0 282 0 4.9 6.6 2.5 2.5 2 1 1 2 2
4540.8 -2.6 -1.6 359 0 12.6 19.2 5.0 2.5 2 1 2 1 1
654.5 2109.7 22.5 194 0 7.9 9.4 5.0 2.5 2 1 2 4 4
4231.1 -212.7 3.2 185 0 4.9 8.2 7.5 2.5 2 1 3 3 3
4608.7 1832.7 -3.5 270 0 11.4 5.0 7.5 2.5 2 0 3 3 3
4453.6 3490.6 -10.8 25 0 6.3 31.9 7.5 2.5 2 1 3 1 1
4468.7 -492.3 -1.2 295 0 9.9 76.1 7.5 2.5 2 1 3 1 1
3011.4 1356.6 2.9 278 0 11.0 12.5 2.5 2.5 4 1 1 5 5
2777.4 -929.4 12.7 103 0 11.0 30.4 7.5 2.5 2 1 3 1 1
6140.4 626.8 17.3 270 0 5.7 12.8 2.5 2.5 2 1 1 3 3
601.3 2060.5 23.2 286 0 7.6 11.6 5.0 2.5 2 1 2 0 0
4047.2 2453.5 -14.5 5 0 8.7 11.3 7.5 2.5 2 1 3 1 1
568.5 2041.7 24.8 196 0 6.6 11.7 5.0 2.5 2 1 2 3 3
4898.0 1642.2 2.9 269 0 14.0 10.9 5.0 2.5 2 0 2 3 3
4569.3 2397.3 -13.8 274 0 4.5 13.2 2.5 2.5 2 1 1 1 1
4599.4 3286.5 -12.6 14 0 7.5 9.1 5.0 2.5 2 1 2 5 5
661.4 2001.7 25.7 12 0 5.4 19.1 7.5 2.5 2 1 3 4 4
3019.7 1314.2 1.9 11 0 10.3 7.1 5.0 2.5 2 0 2 4 4
5922.1 3140.9 -13.2 100 0 22.3 9.2 5.0 2.5 4 0 2 5 5
4466.0 -90.4 3.7 175 0 7.5 16.9 7.5 2.5 2 1 3 2 2
597.8 2069.2 22.1 193 0 9.0 18.3 5.0 2.5 2 1 2 3 3
1137.1 3396.6 31.7 260 0 4.8 7.9 5.0 2.5 2 1 2 2 2
4111.7 306.7 10.1 228 0 5.6 9.7 2.5 2.5 2 1 1 2 2
4551.4 3311.9 -10.9 197 0 9.7 5.6 5.0 2.5 4 0 2 4 4
2835.7 -927.7 11.1 12 0 23.7 11.3 10.0 2.5 2 0 4 4 4
684.1 2107.0 23.1 12 0 13.9 7.1 7.5 2.5 2 0 3 0 0
533.3 1939.2 22.4 104 0 6.0 7.2 2.5 2.5 2 1 1 3 3
5053.0 1709.6 2.7 88 0 17.6 7.8 2.5 2.5 4 0 1 0 0
4765.8 2454.1 -9.5 357 0 18.6 8.5 5.0 2.5 2 0 2 5 5
5484.0 134.2 12.9 25 0 5.6 11.1 7.5 2.5 2 1 3 1 1
2953.5 1251.5 2.6 194 0 9.5 11.9 2.5 2.5 2 1 1 0 0
5945.3 3185.9 -13.0 274 0 22.5 17.6 10.0 2.5 2 0 4 1 1
843.2 3637.8 32.0 65 0 12.1 3.7 5.0 2.5 2 0 2 2 2
5108.3 1734.2 1.1 360 0 12.3 9.5 7.5 0.0 0 0 3 3 3
5679.7 643.5 10.7 7 0 4.5 10.4 5.0 2.5 2 1 2 5 5
602.8 1978.3 24.2 10 0 7.8 9.1 7.5 2.5 2 1 3 0 0
4596.6 2330.1 -12.5 4 0 8.9 28.3 7.5 0.0 0 1 3 3 3
4410.6 -167.9 4.6 197 0 4.4 25.5 7.5 2.5 2 1 3 5 5
4484.3 3440.8 -11.2 113 0 4.8 10.3 7.5 2.5 2 1 3 2 2
5454.5 107.4 10.7 8 0 5.8 5.3 2.5 0.0 0 0 1 2 2
4418.3 -625.8 -5.3 289 0 8.1 6.0 5.0 2.5 2 0 2 2 2
6286.0 698.8 17.7 2 0 6.2 9.1 2.5 2.5 2 1 1 2 2
5767.4 2432.2 2.5 174 0 16.5 8.2 5.0 2.5 2 0 2 4 4
4045.2 2490.7 -14.4 281 0 7.7 5.0 5.0 2.5 2 0 2 4 4
5156.1 2098.0 -8.7 4 0 11.3 4.9 2.5 2.5 2 0 1 2 2
4528.9 2372.1 -14.5 180 0 4.0 9.2 2.5 2.5 2 1 1 2 2
3180.6 -228.3 6.2 91 0 10.2 37.3 12.5 2.5 2 1 5 0 0
651.0 1986.1 25.2 11 0 8.7 17.3 5.0 2.5 2 1 2 3 3
5995.3 2868.9 0.5 30 0 3.7 12.3 2.5 2.5 2 1 1 0 0
4526.5 127.7 5.7 354 0 5.1 9.5 7.5 2.5 2 1 3 2 2
3026.7 1357.5 2.1 279 0 16.8 15.3 10.0 2.5 2 0 4 5 5
661.3 2062.3 24.4 22 0 9.0 6.1 7.5 2.5 2 0 3 4 4
4039.2 2502.8 -14.2 287 0 14.4 6.5 7.5 2.5 2 0 3 1 1
556.1 2031.1 24.4 195 0 6.0 9.4 7.5 2.5 2 1 3 4 4
2916.3 1408.7 7.7 193 0 7.2 10.3 5.0 2.5 2 1 2 4 4
4597.8 2413.9 -13.9 4 0 5.8 17.7 2.5 2.5 4 1 1 5 5
2988.4 1125.2 -0.2 287 0 8.5 5.0 7.5 0.0 0 0 3 5 5
4620.9 3764.0 -11.2 280 0 11.1 25.6 12.5 2.5 2 1 5 4 4
3833.2 945.2 12.8 189 0 4.9 14.3 2.5 2.5 2 1 1 1 1
638.0 2010.4 25.5 13 0 4.9 14.1 5.0 0.0 0 1 2 2 2
3049.3 1296.0 0.4 14 0 8.3 11.3 7.5 2.5 2 1 3 2 2
2839.4 -1243.0 -4.6 174 0 8.1 13.6 5.0 2.5 2 1 2 2 2
5489.1 2359.5 -3.3 266 0 19.6 10.8 5.0 2.5 2 0 2 5 5
4216.9 114.7 9.2 4 0 7.0 7.5 5.0 2.5 2 1 2 4 4
5865.6 127.1 27.1 87 0 8.5 7.8 7.5 2.5 2 0 3 3 3
4661.6 -286.2 2.2 193 0 11.5 4.4 5.0 0.0 0 0 2 5 5
820.5 3635.6 31.9 89 0 5.4 5.9 7.5 2.5 4 1 3 3 3
3758.4 3773.9 5.9 184 0 6.7 18.0 2.5 0.0 0 1 1 0 0
2810.1 -935.6 11.6 103 0 11.4 29.3 12.5 0.0 0 1 5 3 3
6109.7 594.2 16.4 94 0 14.5 8.8 5.0 2.5 2 0 2 4 4
684.7 2147.5 21.8 287 0 9.5 17.2 5.0 2.5 2 1 2 2 2
5687.4 2663.4 6.0 267 0 7.7 12.8 7.5 2.5 2 1 3 3 3
5100.6 1620.1 3.8 90 0 12.8 8.7 2.5 2.5 2 0 1 5 5
4173.5 3783.3 -5.9 200 0 13.9 7.2 2.5 2.5 2 0 1 1 1
5552.2 292.9 11.0 19 0 5.9 6.4 5.0 2.5 2 1 2 1 1
2968.5 1166.5 0.4 113 0 18.7 12.9 5.0 2.5 2 0 2 5 5
5973.2 3185.1 -12.2 268 0 20.2 14.6 5.0 2.5 2 0 2 2 2
4495.4 -127.5 3.2 182 0 9.8 9.7 5.0 2.5 2 0 2 3 3
592.1 1962.9 23.7 15 0 5.7 17.0 7.5 2.5 2 1 3 5 5
2908.4 1121.0 3.5 359 0 11.0 27.8 10.0 2.5 2 1 4 4 4
4556.1 2303.9 -13.0 96 0 8.3 10.2 2.5 2.5 4 1 1 4 4
6279.4 795.4 16.3 89 0 9.9 4.3 7.5 2.5 2 0 3 3 3
4409.5 -647.0 -6.5 97 0 12.3 6.0 7.5 2.5 2 0 3 0 0
774.3 3626.2 31.2 101 0 7.5 4.2 7.5 2.5 2 0 3 0 0
6283.8 719.6 17.5 269 0 6.8 5.1 7.5 2.5 2 0 3 1 1
685.0 1955.9 25.3 10 0 11.4 15.8 7.5 2.5 2 1 3 2 2
1146.4 3259.8 31.3 3 0 4.9 14.0 7.5 0.0 0 1 3 1 1
4637.4 2235.2 -9.1 79 0 12.8 11.9 5.0 2.5 2 0 2 2 2
2946.5 1104.8 1.5 199 0 11.0 5.6 7.5 2.5 2 0 3 2 2
4291.7 3821.8 -7.1 105 0 3.4 11.6 7.5 2.5 4 1 3 5 5
3179.0 -153.9 7.4 268 0 8.5 34.8 7.5 2.5 2 1 3 2 2
2973.3 1258.7 2.1 198 0 7.8 11.3 7.5 0.0 0 1 3 5 5
5733.3 2631.7 8.4 86 0 17.4 5.6 5.0 2.5 2 0 2 2 2
5099.3 1806.4 -0.4 358 0 7.2 7.1 7.5 2.5 2 0 3 4 4
5690.2 406.1 7.5 107 0 10.7 7.2 5.0 0.0 0 0 2 5 5
2929.1 1419.9 7.6 197 0 9.2 6.7 7.5 2.5 2 0 3 3 3
4483.3 -634.9 -5.0 9 0 6.5 6.1 5.0 2.5 4 0 2 2 2
6299.6 672.1 17.9 2 0 7.9 4.5 7.5 2.5 2 0 3 3 3
2976.7 1113.9 0.3 287 0 7.8 8.9 7.5 2.5 2 1 3 2 2
4184.4 78.5 9.5 190 0 8.6 5.4 5.0 2.5 2 0 2 5 5
5078.9 1831.0 -0.5 271 0 10.7 22.2 5.0 2.5 2 1 2 4 4
631.0 2098.3 22.5 210 0 4.7 8.0 7.5 2.5 2 1 3 4 4
5654.8 2643.7 4.6 190 0 8.9 22.8 5.0 2.5 2 1 2 3 3
4006.3 2484.8 -13.0 281 0 7.5 15.6 7.5 2.5 4 1 3 3 3
4571.3 2386.0 -13.5 186 0 6.1 18.4 5.0 2.5 4 1 2 1 1
4289.1 3552.7 -6.8 194 0 5.5 14.6 5.0 2.5 4 1 2 1 1
5444.3 632.2 3.5 96 0 8.9 8.0 5.0 2.5 2 0 2 0 0
2869.2 1342.4 8.6 10 0 5.1 7.5 5.0 0.0 0 1 2 1 1
2991.4 1306.2 2.5 187 0 6.8 10.8 5.0 2.5 2 1 2 5 5
6009.6 3561.8 -22.3 100 0 10.8 8.7 5.0 2.5 2 0 2 1 1
5454.5 2330.1 -4.0 88 0 16.8 14.8 5.0 2.5 2 0 2 5 5
640.7 2048.3 24.0 19 0 7.8 17.1 2.5 2.5 2 1 1 2 2
2843.0 1126.9 5.2 185 0 10.2 26.0 10.0 2.5 2 1 4 5 5
4268.1 1783.7 -9.4 76 0 24.7 9.5 5.0 2.5 2 0 2 5 5
4221.5 152.8 9.0 265 0 7.2 4.6 7.5 2.5 2 0 3 5 5
4522.9 3291.8 -10.0 191 0 8.4 13.9 7.5 2.5 2 1 3 0 0
4664.7 -247.9 1.1 182 0 8.2 13.0 5.0 0.0 0 1 2 1 1
760.6 2619.7 12.8 101 0 8.8 7.7 7.5 2.5 2 0 3 1 1
2960.6 1304.2 3.2 192 0 6.9 21.2 5.0 2.5 2 1 2 3 3
5684.2 661.4 11.1 7 0 4.0 8.1 7.5 2.5 2 1 3 0 0
693.3 2090.7 23.6 10 0 12.3 18.5 10.0 2.5 2 1 4 0 0
5708.1 2628.6 7.4 88 0 5.4 6.1 7.5 2.5 2 1 3 0 0
4177.7 1689.1 -6.5 258 0 9.3 6.5 5.0 0.0 0 0 2 3 3
5071.8 1701.4 2.4 95 0 6.2 15.8 7.5 2.5 2 1 3 4 4
4769.8 2519.1 -10.8 358 0 8.8 14.1 2.5 0.0 0 1 1 0 0
3002.4 1212.1 0.3 6 0 14.5 10.6 7.5 2.5 2 0 3 0 0
4215.4 3776.4 -7.3 298 0 8.8 24.2 2.5 2.5 2 1 1 3 3
5447.6 91.0 10.0 14 0 6.5 6.8 7.5 2.5 4 1 3 4 4
4605.7 -187.8 1.1 178 0 5.1 12.7 7.5 2.5 2 1 3 0 0
881.2 3673.7 33.9 253 0 9.5 7.3 5.0 2.5 2 0 2 0 0
5423.6 2348.3 -5.1 270 0 4.6 16.6 7.5 2.5 2 1 3 2 2
5734.7 380.8 10.4 104 0 7.6 11.6 2.5 2.5 2 1 1 4 4
650.4 2026.9 25.5 16 0 8.3 9.9 7.5 2.5 2 1 3 1 1
625.5 1979.6 24.8 8 0 5.3 7.2 7.5 2.5 2 1 3 0 0
4554.6 2363.4 -13.6 182 0 6.7 21.8 5.0 2.5 2 1 2 5 5
4405.8 -93.0 5.1 257 0 6.7 6.9 5.0 2.5 2 1 2 3 3
4573.6 3371.0 -13.0 300 0 9.5 5.8 7.5 2.5 2 0 3 2 2
2951.6 1337.4 5.0 101 0 9.4 9.1 5.0 2.5 2 0 2 1 1
6259.5 690.9 18.0 185 0 5.7 18.8 5.0 2.5 2 1 2 1 1
5786.9 2437.6 2.8 352 0 13.4 5.7 7.5 0.0 0 0 3 5 5
4583.6 2455.4 -14.9 276 0 19.1 15.1 7.5 2.5 2 0 3 2 2
2941.7 1129.6 1.4 201 0 7.3 12.8 5.0 2.5 2 1 2 3 3
3341.7 -147.7 13.1 176 0 10.7 9.7 7.5 2.5 2 0 3 5 5
706.8 2019.4 25.7 190 0 7.5 19.5 2.5 2.5 2 1 1 1 1
5649.5 431.1 5.0 199 0 6.1 14.9 5.0 0.0 0 1 2 1 1
4057.5 2500.1 -14.3 281 0 19.5 9.4 5.0 2.5 2 0 2 4 4
529.5 1948.9 22.3 102 0 22.7 9.6 5.0 2.5 2 0 2 1 1
4528.8 14.2 -2.3 271 0 18.2 7.9 7.5 2.5 4 0 3 0 0
1057.0 3476.2 27.1 95 0 6.2 4.9 7.5 2.5 2 0 3 0 0
4339.4 1821.7 -9.0 88 0 30.1 9.6 7.5 2.5 2 0 3 5 5
4395.0 3515.1 -9.7 204 0 8.0 28.3 5.0 2.5 2 1 2 2 2
4598.5 2340.6 -12.9 5 0 5.8 33.5 7.5 0.0 0 1 3 2 2
5894.2 134.4 26.0 287 0 16.5 14.2 15.0 0.0 0 0 6 3 3
3202.5 1922.6 8.4 289 0 5.5 5.8 5.0 2.5 2 1 2 3 3
-6756.4 836.3 -90.2 250 0 16.8 25.9 7.5 0.0 0 0 3 4 4
-6777.2 827.7 -90.1 262 0 19.0 19.5 7.5 2.5 2 0 3 2 2
-6878.5 745.2 -90.3 280 0 11.6 33.2 5.0 2.5 2 1 2 4 4
-3868.9 886.5 -78.0 4 0 11.2 23.2 10.0 2.5 4 1 4 3 3
3141.2 5415.0 -0.9 270 0 17.1 34.7 7.5 2.5 2 1 3 1 1
