-3858.3 257.6 -3.8 267 0 13.1 19.8 5.0 2.5 2 1 2 1 1
-3882.4 257.4 -4.1 88 0 12.1 49.2 12.5 2.5 2 1 5 5 5
-5153.7 -5710.9 17.6 290 0 10.9 42.8 10.0 2.5 2 1 4 3 3
-3901.5 250.8 -2.7 264 0 12.5 18.8 4.0 0.0 0 1 1 0 0
-3856.2 263.0 -4.8 87 0 14.0 49.3 10.0 0.0 0 1 4 2 2
-3834.4 261.4 -4.4 267 0 12.8 17.8 8.0 2.5 2 1 2 1 1
-3832.5 269.8 -5.5 87 0 11.9 49.4 12.5 2.5 2 1 5 4 4
-5262.9 -5828.7 18.0 202 0 32.9 10.4 7.5 2.5 2 0 3 1 1
-3883.2 251.8 -3.1 268 0 13.9 19.8 7.5 2.5 2 1 3 4 4
-3904.8 255.7 -3.5 87 0 13.5 49.0 12.5 2.5 2 1 5 3 3
-5190.8 -5744.2 17.6 111 0 11.0 42.3 10.0 2.5 2 1 4 5 5
5222.7 -4323.6 -23.1 185 0 164.4 182.7 12.5 0.0 0 1 5 4 4
-3335.1 -3014.4 2.7 158 0 61.1 10.9 7.5 2.5 2 0 3 2 2
-3465.6 -2514.1 -10.9 273 0 11.2 22.9 7.5 2.5 2 1 3 3 3
-3444.2 -2525.3 -11.4 5 0 30.7 11.5 10.0 2.5 2 0 4 5 5
2517.3 -2756.9 26.7 91 0 58.5 49.7 12.5 0.0 0 0 5 1 1
2362.8 -2585.6 24.1 271 0 30.8 42.6 7.5 0.0 0 1 3 5 5
2466.2 -2382.4 23.3 0 0 46.4 40.8 5.0 0.0 0 0 2 5 5
1835.5 -2592.2 22.3 180 0 31.8 44.8 10.0 0.0 0 1 4 0 0
1764.5 -2419.5 22.6 0 0 53.8 23.4 7.5 2.5 2 0 3 4 4
1672.9 -2467.1 22.6 90 0 72.1 65.0 7.5 0.0 0 0 3 5 5
1729.9 -2294.7 21.6 0 0 58.5 83.8 10.0 0.0 0 1 4 2 2
2285.4 -2732.6 19.0 360 0 51.3 27.0 17.5 0.0 0 0 7 0 0
2230.6 -2742.0 17.6 90 0 26.1 34.1 12.5 0.0 0 1 5 0 0
2208.9 -2676.1 17.9 269 0 6.7 32.0 7.5 2.5 2 0 3 3 3
2169.9 -2693.6 17.8 179 0 23.4 35.8 10.0 0.0 0 0 4 1 1
1979.6 -2570.8 23.8 181 0 40.8 53.3 10.0 0.0 0 1 4 0 0
1963.2 -2450.1 22.9 180 0 35.2 20.4 7.5 0.0 0 0 3 2 2
1978.0 -2365.1 22.3 179 0 33.5 52.8 7.5 0.0 0 1 3 4 4
1386.7 -1191.6 8.7 189 0 72.6 140.7 7.5 0.0 0 1 3 4 4
1548.2 -1381.8 18.1 184 0 9.4 6.0 2.5 2.5 2 0 1 4 4
1353.8 -1347.0 13.4 188 0 60.1 125.1 15.0 0.0 0 1 6 3 3
1843.7 -1585.2 11.6 359 0 31.5 191.8 10.0 0.0 0 1 4 2 2
1855.4 -1416.3 15.7 271 0 13.5 23.0 7.5 2.5 2 1 3 0 0
1858.7 -1533.0 13.3 90 0 32.5 4.9 7.5 2.5 2 0 3 5 5
1859.5 -1526.7 13.5 90 0 31.1 30.4 10.0 0.0 0 0 4 2 2
1757.8 -1529.4 13.3 90 0 115.1 56.3 12.5 0.0 0 0 5 3 3
2294.5 -1701.5 17.9 8 0 5.5 10.2 7.5 2.5 4 1 3 3 3
2271.7 -1726.4 17.1 101 0 12.6 31.7 12.5 2.5 4 1 5 1 1
2190.3 -1712.9 13.1 8 0 5.6 9.9 5.0 0.0 0 1 2 2 2
2189.2 -1732.4 13.5 98 0 19.9 11.5 2.5 2.5 2 0 1 4 4
2262.7 -1826.7 20.7 2 0 5.8 11.5 7.5 2.5 2 1 3 3 3
2152.8 -1910.9 18.8 180 0 7.7 5.5 7.5 2.5 2 0 3 3 3
2150.9 -1917.9 19.2 183 0 4.8 16.3 5.0 2.5 2 1 2 1 1
2189.7 -1909.2 20.4 181 0 14.8 7.6 5.0 2.5 4 0 2 5 5
2197.8 -1910.6 20.8 181 0 20.4 6.4 7.5 0.0 0 0 3 4 4
2214.4 -1924.7 22.1 91 0 8.1 5.7 5.0 2.5 4 0 2 5 5
2265.7 -1906.5 22.5 0 0 10.5 5.1 7.5 2.5 2 0 3 3 3
2252.4 -1915.6 22.5 3 0 9.4 8.2 5.0 2.5 4 0 2 0 0
2254.0 -1929.2 22.5 359 0 12.9 5.6 5.0 0.0 0 0 2 4 4
2263.2 -1934.6 22.5 358 0 7.6 8.3 5.0 0.0 0 1 2 2 2
2245.7 -1951.1 22.6 88 0 8.0 14.5 5.0 2.5 4 1 2 1 1
2230.7 -1935.2 22.7 93 0 6.6 17.5 7.5 0.0 0 1 3 5 5
2206.4 -1952.3 22.7 93 0 7.5 16.1 7.5 2.5 2 1 3 0 0
2180.8 -1950.7 22.2 91 0 6.3 15.4 5.0 2.5 2 1 2 0 0
2163.5 -1886.5 18.5 184 0 7.0 11.5 2.5 2.5 2 1 1 2 2
2162.1 -1878.9 18.1 184 0 7.0 12.5 7.5 2.5 4 1 3 1 1
2161.5 -1868.0 17.7 183 0 10.0 17.8 2.5 2.5 4 1 1 3 3
2194.8 -1866.0 19.1 274 0 11.7 18.3 2.5 2.5 4 1 1 5 5
2162.7 -1929.8 20.6 185 0 9.9 5.3 5.0 0.0 0 0 2 5 5
2148.1 -1927.9 20.1 186 0 9.3 12.7 5.0 0.0 0 1 2 1 1
2154.3 -1886.7 16.5 4 0 4.4 29.9 2.5 2.5 2 1 1 5 5
2154.4 -1872.1 16.1 4 0 9.2 26.3 7.5 2.5 2 1 3 3 3
2136.7 -1854.0 15.5 2 0 9.6 8.6 5.0 2.5 2 0 2 2 2
2159.9 -1676.4 11.4 190 0 6.8 6.8 2.5 2.5 2 1 1 2 2
2220.1 -1714.7 15.0 277 0 9.1 7.2 7.5 2.5 2 0 3 0 0
2289.8 -1810.9 22.0 269 0 7.7 20.6 5.0 2.5 2 1 2 0 0
2320.0 -1803.3 22.8 175 0 10.4 5.9 5.0 2.5 4 0 2 0 0
2304.5 -1765.7 21.1 173 0 19.5 19.0 10.0 2.5 2 0 4 2 2
2347.1 -1689.4 20.2 289 0 15.2 25.0 12.5 2.5 4 1 5 3 3
2325.1 -1732.2 20.8 199 0 32.1 13.8 15.0 0.0 0 0 6 2 2
2389.0 -1716.5 22.3 1 0 34.5 16.1 7.5 2.5 2 0 3 2 2
2387.7 -1753.5 22.5 2 0 33.2 13.4 7.5 2.5 2 0 3 0 0
2498.5 -1982.9 21.8 95 0 30.5 12.5 7.5 2.5 2 0 3 1 1
2191.9 -4001.0 17.7 54 0 15.0 7.6 5.0 2.5 2 0 2 0 0
2358.5 -4498.9 26.2 307 0 21.6 12.4 7.5 2.5 2 0 3 1 1
2352.9 -4599.1 23.1 183 0 61.3 41.6 15.0 0.0 0 0 6 3 3
2465.1 -4578.9 21.4 2 0 115.5 41.9 12.5 0.0 0 0 5 3 3
2504.1 -4963.8 12.6 272 0 7.4 4.5 2.5 2.5 2 0 1 4 4
2358.0 -4934.7 15.7 273 0 21.0 10.8 7.5 2.5 2 0 3 4 4
2459.9 -4702.7 19.2 317 0 27.6 44.0 10.0 0.0 0 1 4 4 4
2547.2 -4910.2 12.0 2 0 36.0 48.4 15.0 0.0 0 1 6 3 3
2641.1 -4813.7 11.5 3 0 133.6 65.3 12.5 0.0 0 0 5 0 0
2480.4 -4421.6 25.4 2 0 11.4 32.3 7.5 2.5 2 1 3 0 0
2266.5 -3804.9 16.3 145 0 11.8 25.9 10.0 2.5 2 0 4 0 0
2410.8 -4345.8 27.5 55 0 23.3 5.4 5.0 2.5 2 0 2 2 2
2292.7 -4283.7 24.0 325 0 66.2 40.3 10.0 0.0 0 0 4 4 4
2255.2 -3763.6 15.2 234 0 29.1 7.1 2.5 2.5 2 0 1 0 0
2303.3 -3812.3 17.0 325 0 23.8 6.1 7.5 2.5 2 0 3 4 4
2280.4 -3805.6 16.6 134 0 4.4 6.9 5.0 0.0 0 1 2 4 4
2285.1 -3812.1 16.8 131 0 4.4 7.0 5.0 0.0 0 1 2 2 2
2288.0 -3821.9 17.1 235 0 6.8 13.5 7.5 2.5 2 1 3 3 3
2329.6 -3848.4 18.3 325 0 14.1 6.9 5.0 2.5 4 0 2 0 0
2340.5 -3863.3 18.8 326 0 14.3 10.2 5.0 2.5 2 0 2 2 2
2244.0 -3982.4 18.5 235 0 92.2 86.4 10.0 0.0 0 0 4 3 3
6433.6 -4075.8 -46.5 96 0 51.1 130.9 12.5 0.0 0 0 5 3 3
6398.7 -3927.2 -46.3 186 0 27.0 74.9 12.5 0.0 0 0 5 0 0
6664.6 -4156.5 -58.1 1 0 13.4 36.3 10.0 2.5 2 1 4 5 5
6564.5 -4103.4 -54.3 180 0 110.0 55.4 12.5 0.0 0 0 5 4 4
5929.4 -3620.2 -32.8 5 0 31.4 22.6 15.0 0.0 0 0 6 1 1
6440.5 -4333.0 -37.9 96 0 30.1 45.5 10.0 0.0 0 1 4 4 4
6373.3 -4328.9 -34.8 97 0 74.8 43.2 10.0 0.0 0 0 4 4 4
6353.6 -4233.6 -36.7 185 0 55.9 37.8 12.5 0.0 0 0 5 1 1
6284.6 -4199.1 -33.4 5 0 91.1 91.7 10.0 0.0 0 1 4 5 5
6296.8 -4056.5 -40.4 5 0 163.9 89.9 15.0 0.0 0 0 6 3 3
6234.4 -3924.4 -38.7 274 0 31.9 15.8 10.0 2.5 4 0 4 1 1
6114.4 -3907.1 -32.3 275 0 65.7 20.5 10.0 2.5 2 0 4 1 1
6113.1 -3957.9 -32.2 275 0 60.7 149.8 12.5 0.0 0 1 5 2 2
6101.5 -3580.8 -43.9 5 0 38.1 15.8 10.0 2.5 2 0 4 2 2
5954.8 -3642.9 -43.8 184 0 218.7 86.8 10.0 0.0 0 0 4 2 2
6056.5 -3783.8 -30.8 92 0 9.4 8.1 7.5 2.5 2 0 3 3 3
6058.6 -3795.9 -29.8 92 0 9.3 7.8 5.0 2.5 2 0 2 1 1
6107.8 -3799.9 -31.7 94 0 8.8 9.9 7.5 2.5 2 1 3 0 0
6089.2 -3796.1 -33.2 93 0 7.7 27.1 5.0 2.5 2 1 2 1 1
6101.3 -3696.7 -37.5 5 0 94.3 36.8 15.0 0.0 0 0 6 3 3
6103.3 -3536.5 -46.5 4 0 18.6 12.6 5.0 2.5 2 0 2 2 2
6117.3 -3409.8 -47.4 275 0 11.4 30.3 7.5 2.5 2 1 3 3 3
6056.3 -3216.9 -46.4 7 0 18.3 35.3 10.0 0.0 0 1 4 2 2
6093.9 -3370.0 -43.6 95 0 7.9 11.9 5.0 2.5 2 1 2 3 3
5949.1 -3292.5 -40.9 273 0 20.7 43.2 12.5 2.5 2 1 5 0 0
5953.8 -3364.1 -36.3 5 0 38.2 28.1 10.0 0.0 0 0 4 2 2
5946.8 -3414.2 -35.8 5 0 46.8 29.8 10.0 0.0 0 0 4 2 2
5942.3 -3486.9 -38.1 4 0 27.6 46.2 12.5 0.0 0 1 5 1 1
5939.5 -3521.2 -38.4 3 0 21.7 22.6 10.0 2.5 2 1 4 5 5
5936.9 -3551.8 -36.8 4 0 20.0 24.6 12.5 2.5 2 1 5 5 5
5934.3 -3580.8 -34.9 3 0 19.2 55.3 10.0 2.5 2 1 4 3 3
5924.7 -3667.2 -30.0 5 0 39.8 50.7 12.5 0.0 0 1 5 4 4
5921.5 -3743.3 -26.8 6 0 79.7 29.8 12.5 0.0 0 0 5 4 4
5853.6 -3736.1 -25.6 185 0 84.4 22.7 10.0 0.0 0 0 4 1 1
4548.6 -4048.4 -8.6 96 0 17.8 34.8 7.5 0.0 0 1 3 3 3
4543.4 -4241.2 -16.3 6 0 46.6 39.2 12.5 0.0 0 0 5 0 0
4512.9 -4399.1 -24.2 6 0 58.6 51.6 10.0 0.0 0 0 4 1 1
4593.1 -4822.3 -25.3 304 0 119.6 72.0 12.5 0.0 0 0 5 2 2
4733.4 -5028.8 -42.5 35 0 139.6 37.9 10.0 0.0 0 0 4 0 0
2813.8 -4221.4 21.9 185 0 9.6 13.6 2.5 2.5 2 1 1 3 3
2811.5 -4293.7 20.1 178 0 39.8 13.2 10.0 2.5 2 0 4 2 2
2851.5 -4379.5 17.9 272 0 12.8 4.9 5.0 2.5 2 0 2 4 4
2846.4 -4402.5 17.4 270 0 14.6 9.5 7.5 2.5 2 0 3 3 3
2828.0 -4418.7 17.4 181 0 13.8 10.3 5.0 2.5 2 0 2 2 2
2860.3 -4554.4 13.8 178 0 15.4 12.5 2.5 2.5 4 0 1 3 3
2837.2 -4616.9 13.3 4 0 10.8 20.6 2.5 2.5 2 1 1 2 2
2868.1 -4641.6 11.9 181 0 9.2 10.1 7.5 2.5 2 1 3 3 3
2930.8 -4642.1 10.3 283 0 10.0 22.1 7.5 2.5 2 1 3 5 5
2897.1 -4676.5 10.6 181 0 9.7 6.9 7.5 2.5 2 0 3 4 4
2897.7 -4699.7 10.0 181 0 9.8 9.1 7.5 0.0 0 0 3 1 1
2493.6 -5265.8 15.6 96 0 6.4 37.6 5.0 2.5 2 1 2 2 2
-4987.2 -5204.6 21.9 187 0 9.2 11.4 5.0 2.5 2 1 2 2 2
-4955.4 -5256.2 22.6 98 0 8.1 7.5 7.5 2.5 2 0 3 4 4
-4922.1 -5247.6 22.8 19 0 9.3 8.4 5.0 2.5 2 0 2 5 5
-4917.2 -5188.8 22.2 296 0 15.7 9.5 5.0 2.5 4 0 2 1 1
-4942.8 -5174.2 21.9 296 0 8.1 8.5 5.0 2.5 2 1 2 3 3
-4731.9 -5157.6 12.8 273 0 4.9 9.1 7.5 2.5 4 1 3 2 2
-4846.5 -5159.3 19.2 275 0 8.1 5.1 5.0 2.5 2 0 2 1 1
-4856.0 -5192.5 20.1 91 0 15.7 10.1 10.0 2.5 2 0 4 3 3
-4660.3 -5252.1 13.1 281 0 11.8 8.2 7.5 2.5 2 0 3 2 2
-4681.5 -5217.9 12.1 94 0 19.2 10.7 2.5 2.5 2 0 1 2 2
-4712.3 -5169.3 12.1 277 0 16.9 6.4 2.5 2.5 2 0 1 5 5
-4701.4 -5215.4 12.9 93 0 12.5 8.5 7.5 0.0 0 0 3 5 5
-4718.7 -5230.4 14.4 283 0 8.6 10.9 2.5 2.5 2 1 1 5 5
-4726.1 -5212.7 13.8 92 0 8.9 9.1 5.0 2.5 2 1 2 3 3
-4750.3 -5210.3 15.1 94 0 5.7 7.6 7.5 0.0 0 1 3 4 4
-4743.0 -5211.1 14.7 92 0 5.8 8.2 2.5 2.5 2 1 1 1 1
-4751.4 -5255.5 16.4 104 0 11.0 4.4 5.0 2.5 2 0 2 2 2
-4768.7 -5251.2 17.2 105 0 10.6 4.6 7.5 2.5 2 0 3 3 3
-4782.2 -5246.7 17.8 108 0 9.5 5.4 2.5 2.5 2 0 1 2 2
-4770.5 -5223.3 16.7 273 0 9.5 7.7 7.5 2.5 4 0 3 3 3
-4765.6 -5210.6 15.7 92 0 8.4 12.2 2.5 2.5 4 1 1 2 2
-4810.5 -5196.6 17.9 101 0 6.3 9.8 7.5 2.5 2 1 3 0 0
-4788.1 -5188.2 16.1 94 0 18.5 10.3 5.0 2.5 2 0 2 4 4
-4785.2 -5198.2 16.6 92 0 11.2 6.4 5.0 0.0 0 0 2 1 1
-4785.0 -5213.7 17.1 91 0 4.6 10.6 7.5 2.5 4 1 3 4 4
-4923.1 -5289.1 23.3 195 0 7.0 8.9 2.5 2.5 2 1 1 4 4
-4846.9 -5250.5 21.3 186 0 18.5 7.1 5.0 2.5 2 0 2 1 1
-4858.4 -5229.3 21.9 274 0 4.4 12.2 2.5 2.5 2 1 1 5 5
-4860.1 -5251.0 22.4 93 0 4.5 8.1 2.5 2.5 2 1 1 4 4
-4894.9 -5228.3 22.9 278 0 9.3 13.6 5.0 2.5 2 1 2 0 0
-5138.7 -5539.6 24.3 18 0 5.1 7.8 5.0 2.5 4 1 2 5 5
-5172.8 -5578.2 22.9 15 0 6.7 7.6 5.0 2.5 2 1 2 3 3
-5154.2 -5565.4 23.4 16 0 9.2 18.2 7.5 2.5 4 1 3 5 5
-5272.5 -5513.2 23.1 280 0 45.3 12.2 10.0 2.5 2 0 4 1 1
-5219.2 -5523.4 23.7 279 0 35.6 11.7 10.0 2.5 2 0 4 3 3
-5176.3 -5532.4 24.0 284 0 31.3 11.7 10.0 2.5 2 0 4 2 2
-5244.7 -5793.0 17.7 196 0 12.1 12.2 10.0 2.5 2 1 4 5 5
-5239.5 -5883.6 18.0 108 0 12.8 14.8 5.0 2.5 2 1 2 0 0
-5156.8 -5845.3 16.6 287 0 11.2 27.7 7.5 2.5 2 1 3 3 3
-5174.7 -5840.3 16.9 288 0 10.4 28.8 12.5 2.5 4 1 5 5 5
-5193.6 -5834.5 17.2 286 0 10.1 30.0 10.0 2.5 2 1 4 3 3
-5203.8 -5832.3 17.3 289 0 7.5 6.9 7.5 2.5 2 0 3 1 1
-5214.3 -5827.7 17.5 287 0 10.9 31.2 12.5 2.5 4 1 5 5 5
-5243.4 -5835.4 17.7 197 0 30.8 11.5 7.5 0.0 0 0 3 2 2
-172.1 -2957.2 -27.7 1 0 8.6 12.0 5.0 2.5 2 1 2 1 1
-199.0 -2877.0 -28.5 275 0 28.9 10.9 7.5 2.5 2 0 3 2 2
-252.7 -2920.5 -28.5 188 0 20.9 10.2 10.0 2.5 2 0 4 5 5
-237.2 -2924.6 -28.4 182 0 11.5 32.7 7.5 2.5 2 1 3 1 1
-304.4 -3161.6 -31.8 359 0 4.7 6.4 7.5 2.5 4 1 3 5 5
-296.3 -3159.7 -31.3 360 0 5.5 7.0 7.5 2.5 2 1 3 3 3
-302.6 -3192.5 -33.7 359 0 10.2 17.4 5.0 2.5 2 1 2 3 3
-309.3 -3234.8 -35.3 3 0 7.2 10.1 7.5 2.5 2 1 3 0 0
-300.3 -3256.3 -35.1 182 0 10.8 21.0 5.0 0.0 0 1 2 3 3
-284.5 -3298.3 -36.1 186 0 19.4 11.7 2.5 2.5 4 0 1 4 4
-295.1 -3321.9 -38.0 8 0 9.8 9.8 5.0 2.5 2 0 2 3 3
-321.5 -3299.7 -38.5 13 0 5.5 9.3 7.5 2.5 2 1 3 4 4
-548.4 -3391.9 -46.9 104 0 5.1 20.1 2.5 2.5 2 1 1 3 3
-573.3 -3374.3 -48.0 193 0 10.9 18.4 2.5 2.5 2 1 1 4 4
-520.1 -3450.6 -42.3 194 0 9.4 19.3 5.0 2.5 2 1 2 4 4
-472.5 -3387.4 -44.2 280 0 13.5 19.7 12.5 2.5 2 1 5 5 5
-495.9 -3379.3 -44.6 92 0 7.4 8.5 7.5 2.5 2 1 3 3 3
-518.4 -3359.5 -45.4 281 0 6.3 8.0 5.0 2.5 2 1 2 4 4
-536.4 -3403.7 -46.2 5 0 5.8 10.4 2.5 2.5 2 1 1 0 0
-547.9 -3412.3 -45.9 3 0 7.7 6.4 5.0 2.5 2 0 2 2 2
-531.0 -3413.4 -45.6 1 0 9.0 14.9 5.0 2.5 2 1 2 5 5
-5736.2 -6481.0 31.9 91 0 11.2 36.3 7.5 2.5 4 1 3 4 4
-5757.5 -6481.5 32.6 90 0 10.9 37.5 10.0 2.5 2 1 4 4 4
-5777.1 -6483.7 33.2 89 0 11.0 36.0 7.5 2.5 2 1 3 5 5
2159.9 -4812.8 23.5 182 0 49.2 81.9 10.0 0.0 0 1 4 0 0
2253.9 -4898.7 21.5 1 0 51.7 95.1 10.0 0.0 0 1 4 0 0
2169.3 -4751.9 29.9 272 0 12.0 25.7 10.0 2.5 2 1 4 1 1
1998.7 -4729.0 33.4 146 0 46.8 30.5 12.5 0.0 0 0 5 5 5
2073.3 -4707.7 30.3 55 0 50.5 106.2 12.5 0.0 0 1 5 5 5
1784.8 -4172.7 20.0 235 0 15.9 19.7 7.5 2.5 2 1 3 2 2
1753.7 -4254.6 21.8 145 0 20.2 16.2 12.5 2.5 2 0 5 1 1
1814.1 -4326.0 23.5 144 0 18.1 9.0 2.5 2.5 2 0 1 5 5
1781.5 -4297.5 22.3 145 0 55.1 23.4 10.0 0.0 0 0 4 4 4
1860.5 -4245.8 20.6 325 0 105.5 53.6 10.0 0.0 0 0 4 0 0
1821.5 -3273.1 0.9 359 0 11.7 24.9 7.5 2.5 2 1 3 4 4
1696.5 -3160.9 -2.4 178 0 34.0 14.7 7.5 0.0 0 0 3 5 5
1654.0 -2876.9 -1.2 178 0 88.9 71.3 10.0 0.0 0 0 4 5 5
1374.8 -2736.0 6.6 268 0 32.5 51.7 12.5 0.0 0 1 5 5 5
1374.8 -2539.7 23.7 0 0 6.4 10.7 7.5 0.0 0 1 3 3 3
1381.8 -2574.0 22.0 360 0 9.7 7.5 5.0 2.5 4 0 2 2 2
1365.4 -2634.2 17.7 178 0 12.7 16.0 2.5 2.5 2 1 1 3 3
1409.7 -2669.1 15.6 88 0 9.6 12.2 2.5 2.5 2 1 1 0 0
1511.2 -2692.3 14.6 88 0 6.0 16.7 2.5 2.5 2 1 1 0 0
1499.6 -2621.2 18.6 178 0 29.9 10.4 12.5 2.5 2 0 5 0 0
1462.8 -2558.7 23.5 355 0 8.9 12.8 5.0 2.5 2 1 2 2 2
1458.6 -2520.0 23.4 355 0 31.4 20.4 7.5 0.0 0 0 3 1 1
1501.6 -2158.4 21.5 269 0 6.0 15.7 2.5 2.5 2 1 1 4 4
1476.5 -2159.2 21.7 269 0 27.5 5.4 7.5 2.5 2 0 3 5 5
1476.5 -2171.9 21.7 89 0 27.7 5.8 5.0 2.5 2 0 2 4 4
1476.7 -2185.9 21.7 89 0 27.5 5.5 5.0 2.5 2 0 2 4 4
1476.6 -2190.8 21.7 89 0 27.1 3.4 7.5 2.5 2 0 3 4 4
1476.6 -2203.1 21.7 269 0 28.5 5.7 2.5 2.5 2 0 1 5 5
1476.6 -2213.9 21.7 269 0 28.3 11.7 7.5 2.5 2 0 3 4 4
1476.8 -2243.7 21.7 89 0 28.3 12.4 10.0 2.5 2 0 4 1 1
1476.7 -2254.9 21.6 89 0 47.9 5.9 7.5 0.0 0 0 3 3 3
1509.7 -2314.9 21.8 360 0 66.6 63.2 10.0 0.0 0 0 4 2 2
1261.9 -2404.3 23.9 0 0 4.5 9.5 5.0 2.5 2 0 2 3 3
1269.6 -2418.0 23.8 0 0 22.8 17.3 7.5 2.5 2 0 3 3 3
1159.8 -2325.5 24.6 359 0 30.0 10.7 7.5 2.5 2 0 3 5 5
1288.9 -2282.9 22.6 180 0 230.7 112.7 10.0 0.0 0 0 4 4 4
3909.9 -3632.8 -1.9 5 0 16.6 25.1 7.5 2.5 2 1 3 5 5
4166.5 -3806.2 -5.7 1 0 10.0 17.4 7.5 2.5 2 1 3 4 4
4111.0 -3791.8 -5.3 2 0 9.4 11.7 2.5 2.5 2 1 1 1 1
4087.2 -3807.7 -5.6 92 0 16.6 9.7 7.5 2.5 2 0 3 2 2
4108.4 -3809.8 -5.6 92 0 13.1 10.3 5.0 2.5 2 0 2 0 0
4052.0 -3822.8 -6.2 272 0 8.0 15.1 7.5 2.5 2 1 3 3 3
3960.7 -3981.1 -10.3 184 0 90.0 67.7 12.5 0.0 0 0 5 0 0
3827.0 -3996.5 -4.6 95 0 24.9 66.8 12.5 0.0 0 1 5 2 2
3780.7 -3927.1 -2.8 275 0 40.9 63.5 12.5 0.0 0 1 5 3 3
3653.6 -4172.2 0.7 8 0 76.6 82.1 10.0 0.0 0 1 4 0 0
3563.0 -4252.6 0.5 139 0 36.7 61.1 10.0 0.0 0 1 4 0 0
3642.1 -4247.8 -0.0 6 0 18.6 17.9 7.5 2.5 2 0 3 5 5
3412.5 -4126.4 4.5 188 0 119.3 128.1 10.0 0.0 0 1 4 1 1
3468.7 -3899.2 9.7 278 0 20.4 123.4 15.0 0.0 0 1 6 2 2
3520.9 -3692.8 6.3 6 0 13.5 25.5 15.0 0.0 0 0 6 2 2
3508.9 -3684.8 5.6 96 0 52.8 53.8 10.0 0.0 0 0 4 2 2
3278.7 -3390.7 11.5 96 0 24.4 18.9 10.0 2.5 4 0 4 3 3
3006.2 -3389.4 29.9 94 0 25.8 62.6 10.0 0.0 0 0 4 1 1
3034.4 -3391.3 24.4 94 0 30.7 62.6 10.0 0.0 0 0 4 4 4
2977.3 -3325.4 24.8 273 0 20.4 55.8 12.5 0.0 0 0 5 3 3
2324.5 -3022.6 19.5 91 0 36.0 27.2 10.0 0.0 0 0 4 2 2
2639.0 -3089.3 29.2 2 0 14.5 6.5 2.5 2.5 2 0 1 3 3
2632.5 -3089.1 26.7 1 0 25.3 78.6 12.5 0.0 0 0 5 0 0
2751.3 -3003.9 31.5 347 0 29.7 69.7 12.5 0.0 0 1 5 3 3
2766.2 -3035.1 31.8 348 0 19.5 67.5 12.5 0.0 0 1 5 5 5
2747.0 -3250.8 29.8 167 0 8.3 21.7 7.5 2.5 2 1 3 5 5
2744.5 -3238.5 30.2 169 0 7.3 21.1 2.5 2.5 2 1 1 3 3
2771.8 -3207.0 30.8 349 0 13.5 33.9 5.0 2.5 2 1 2 2 2
2660.2 -4005.6 25.5 325 0 60.6 23.8 7.5 2.5 2 0 3 0 0
2352.5 -5598.7 20.7 201 0 16.3 29.7 7.5 2.5 2 1 3 2 2
2043.7 -4796.5 36.9 274 0 10.9 11.3 7.5 2.5 2 1 3 0 0
2036.4 -4868.9 39.4 275 0 10.9 22.4 5.0 2.5 2 1 2 5 5
2007.4 -4954.2 41.4 102 0 12.9 35.1 10.0 2.5 2 1 4 0 0
1978.7 -4957.5 43.0 101 0 37.9 14.3 17.5 0.0 0 0 7 0 0
1928.1 -4941.8 43.2 190 0 13.1 19.3 7.5 2.5 2 1 3 2 2
1771.7 -4921.8 43.1 55 0 42.4 31.3 10.0 0.0 0 0 4 5 5
1783.3 -4800.8 38.6 57 0 13.2 16.0 5.0 2.5 2 1 2 0 0
1802.2 -4824.7 39.8 235 0 18.3 21.4 15.0 0.0 0 1 6 5 5
1772.5 -4857.9 41.7 234 0 17.4 12.5 10.0 2.5 2 0 4 1 1
1750.8 -4872.1 42.6 233 0 17.5 13.0 5.0 2.5 2 0 2 5 5
1702.2 -4903.6 43.9 145 0 29.0 17.0 12.5 2.5 2 0 5 1 1
1653.1 -4956.6 47.4 54 0 16.8 10.3 5.0 2.5 2 0 2 4 4
1659.7 -4778.2 39.1 54 0 19.0 18.3 10.0 2.5 2 0 4 1 1
1634.9 -4795.2 40.0 53 0 19.2 18.1 10.0 2.5 2 0 4 4 4
1571.9 -4710.5 37.3 235 0 27.1 45.7 10.0 0.0 0 1 4 1 1
1547.9 -4729.6 39.4 235 0 13.9 44.4 10.0 2.5 2 1 4 2 2
1555.8 -4838.3 41.7 55 0 16.4 37.1 12.5 2.5 2 1 5 4 4
1471.0 -4910.8 46.8 54 0 20.9 23.1 7.5 2.5 2 1 3 3 3
1456.0 -4950.8 51.2 235 0 14.2 27.0 12.5 2.5 2 1 5 3 3
1374.5 -4846.4 47.4 235 0 15.2 43.3 10.0 2.5 2 1 4 1 1
1321.6 -4928.7 49.0 145 0 20.8 38.6 10.0 0.0 0 1 4 3 3
1333.3 -4167.4 30.3 8 0 16.8 12.4 7.5 2.5 2 0 3 5 5
1321.7 -4209.3 30.9 10 0 25.3 17.0 15.0 0.0 0 0 6 1 1
1574.8 -3382.2 6.8 90 0 11.9 36.5 10.0 2.5 2 0 4 1 1
-3016.8 -3261.1 -12.0 90 0 6.7 10.8 5.0 2.5 2 1 2 5 5
-3027.4 -3254.5 -11.7 96 0 11.6 7.7 2.5 2.5 2 0 1 5 5
-2957.3 -3058.3 -10.0 187 0 5.4 9.2 5.0 2.5 2 1 2 3 3
-2964.1 -3034.8 -9.9 185 0 4.9 9.0 2.5 0.0 0 1 1 3 3
-2959.4 -3093.0 -9.2 101 0 8.1 10.1 2.5 2.5 4 1 1 0 0
-2308.8 -4406.4 -11.7 202 0 4.9 9.8 2.5 2.5 2 1 1 5 5
-1956.4 -6407.4 -25.4 118 0 9.9 48.6 7.5 2.5 2 1 3 4 4
-2090.9 -4371.4 -24.0 291 0 10.0 47.0 7.5 2.5 4 1 3 1 1
-2177.9 -4422.3 -19.3 115 0 6.6 18.6 2.5 2.5 2 1 1 3 3
-2196.3 -4411.2 -18.6 125 0 20.3 10.5 5.0 2.5 2 0 2 4 4
6372.5 4761.5 -45.4 93 0 51.9 18.1 14.0 3.5 2 0 4 3 3
6379.3 4855.5 -44.2 2 0 7.1 38.1 5.0 2.5 2 1 2 3 3
6345.0 4865.1 -44.0 181 0 5.3 31.4 5.0 2.5 2 1 2 0 0
6338.5 4871.6 -43.9 182 0 5.5 35.8 2.5 2.5 2 1 1 5 5
6441.4 4893.1 -44.1 3 0 11.6 31.7 10.0 2.5 2 1 4 1 1
6708.6 5550.9 -48.0 96 0 28.2 27.5 14.0 0.0 0 0 4 1 1
6690.9 5590.8 -48.2 188 0 7.8 21.0 10.5 3.5 2 1 3 2 2
6725.7 5585.1 -47.9 9 0 8.4 13.2 10.5 3.5 2 1 3 5 5
6154.0 4911.5 -46.9 83 0 38.0 36.6 14.0 0.0 0 0 4 0 0
6184.9 4915.7 -46.2 81 0 14.1 30.4 14.0 3.5 2 1 4 4 4
6103.9 4956.3 -47.1 179 0 28.4 20.1 14.0 3.5 2 0 4 0 0
5149.8 5657.6 -46.0 97 0 13.9 101.1 17.5 3.5 2 1 5 4 4
5214.6 5698.8 -46.8 187 0 101.3 16.3 14.0 0.0 0 0 4 1 1
5243.8 5744.8 -47.8 181 0 13.2 50.0 17.5 3.5 2 1 5 2 2
6425.6 4320.6 -41.9 314 0 43.4 41.9 12.5 0.0 0 0 5 2 2
6531.8 5076.7 -46.2 83 0 22.7 87.0 14.0 0.0 0 1 4 1 1
6425.2 5062.0 -44.1 274 0 45.3 75.3 14.0 0.0 0 1 4 3 3
6906.5 5106.9 -44.9 5 0 93.5 33.2 10.0 0.0 0 0 4 0 0
6103.4 2944.2 -25.7 8 0 37.1 40.1 7.5 0.0 0 1 3 2 2
6088.6 2989.6 -26.1 272 0 35.4 22.5 12.5 0.0 0 0 5 5 5
5690.6 1164.9 3.3 77 0 141.1 87.8 12.5 0.0 0 0 5 3 3
4426.3 5831.9 -37.4 25 0 72.9 32.6 12.5 0.0 0 0 5 4 4
4484.1 5964.2 -38.6 33 0 50.7 46.8 12.5 0.0 0 0 5 5 5
