-4132.5 877.9 -177.3 353 0 33.0 71.1 7.5 0.0 0 1 3 3 3
1405.5 6542.3 -250.9 93 0 13.0 19.4 10.0 0.0 0 1 4 5 5
-3847.3 1283.1 -177.7 270 0 36.1 42.4 10.0 0.0 0 1 4 5 5
-3813.5 1282.9 -179.7 266 0 23.3 39.6 12.5 0.0 0 1 5 1 1
-6092.6 -6321.4 307.2 85 0 15.0 39.3 15.0 0.0 0 1 6 4 4
-5728.8 -6051.0 308.3 247 0 13.7 21.1 7.5 2.5 2 1 3 4 4
-5984.0 -6338.7 303.5 97 0 17.2 17.4 15.0 0.0 0 1 6 2 2
6406.2 6063.4 -317.3 54 0 10.5 42.6 12.5 2.5 2 1 5 3 3
6372.2 6033.3 -316.3 50 0 10.5 12.2 2.5 2.5 2 1 1 4 4
6714.2 6197.9 -306.6 260 0 10.3 43.8 12.5 2.5 2 1 5 0 0
6580.6 6155.9 -308.7 243 0 9.7 37.2 7.5 2.5 2 1 3 2 2
6531.2 6228.3 -315.1 56 0 11.3 7.0 7.5 2.5 2 0 3 2 2
6549.4 6246.0 -315.0 248 0 7.7 8.4 5.0 2.5 2 1 2 1 1
6544.1 6219.7 -313.9 156 0 9.2 10.2 5.0 2.5 2 1 2 3 3
6571.8 6250.4 -314.5 248 0 8.1 8.4 5.0 2.5 2 1 2 4 4
6560.3 6250.5 -314.9 248 0 7.7 9.8 5.0 2.5 2 1 2 4 4
6515.9 6136.1 -314.0 66 0 10.0 50.0 7.5 0.0 0 1 3 5 5
6499.4 6128.4 -314.5 66 0 10.1 50.2 7.5 0.0 0 1 3 2 2
6255.1 5914.7 -311.8 233 0 18.5 9.4 5.0 0.0 0 0 2 3 3
4186.2 -5176.3 -296.4 95 0 22.8 23.3 10.0 2.5 2 1 4 3 3
4053.9 -5893.6 -291.9 7 0 53.2 11.1 12.5 2.5 2 0 5 3 3
522.1 -4328.0 -200.9 111 0 4.1 10.0 7.5 2.5 2 0 3 5 5
515.4 -4327.0 -201.0 104 0 8.8 13.1 7.5 2.5 2 0 3 1 1
2663.8 -340.7 -241.4 98 0 7.7 8.4 5.0 2.5 2 0 2 4 4
2594.1 -342.6 -238.6 91 0 7.1 21.5 7.5 2.5 2 1 3 3 3
2582.3 -350.6 -238.0 94 0 9.5 23.9 7.5 2.5 2 1 3 5 5
2685.7 -348.2 -243.7 105 0 13.3 14.3 5.0 2.5 2 0 2 1 1
2738.1 -379.9 -251.0 33 0 11.5 6.6 7.5 2.5 4 0 3 5 5
2693.6 -381.4 -247.3 101 0 10.4 15.0 2.5 2.5 2 1 1 0 0
2654.4 -405.8 -247.7 107 0 11.5 15.7 10.0 2.5 2 1 4 2 2
2672.1 -351.5 -242.8 99 0 12.5 22.8 10.0 2.5 2 0 4 4 4
2548.6 -272.1 -238.5 227 0 14.1 24.2 12.5 2.5 2 1 5 5 5
2616.7 -236.9 -243.2 268 0 7.2 11.9 7.5 0.0 0 1 3 5 5
2598.1 -255.2 -242.4 190 0 12.5 23.0 10.0 2.5 2 0 4 4 4
2570.1 -249.3 -241.4 193 0 13.6 24.6 12.5 2.5 2 1 5 2 2
2650.1 -368.1 -242.4 98 0 11.6 57.7 12.5 2.5 2 0 5 0 0
3494.0 -411.8 -287.9 127 0 12.2 8.6 5.0 0.0 0 0 2 1 1
3326.1 -319.2 -282.3 296 0 10.9 51.3 10.0 2.5 2 1 4 5 5
3095.5 -216.8 -271.7 291 0 13.2 61.4 15.0 2.5 2 1 6 2 2
3103.1 -206.5 -269.4 111 0 12.0 44.3 12.5 2.5 2 1 5 1 1
-4092.1 -771.5 -165.8 6 0 14.4 25.5 12.5 2.5 4 1 5 1 1
4826.9 -1945.3 -302.4 299 0 6.1 24.2 5.0 2.5 2 1 2 1 1
4785.7 -1961.7 -299.6 203 0 4.5 9.6 7.5 2.5 2 1 3 0 0
4799.4 -1930.6 -299.4 281 0 13.7 15.2 5.0 2.5 2 1 2 0 0
4910.6 -1849.8 -307.2 16 0 7.7 7.3 4.0 2.5 4 0 1 1 1
4911.0 -1872.4 -307.8 12 0 21.1 13.2 12.5 0.0 0 0 5 3 3
4920.1 -1717.1 -302.7 26 0 12.6 24.8 12.5 2.5 2 1 5 4 4
5123.1 -1431.5 -309.0 107 0 6.6 9.0 5.0 2.5 2 1 2 0 0
5113.7 -1392.1 -309.2 196 0 10.3 14.3 7.5 2.5 2 1 3 3 3
5116.2 -1403.6 -308.9 197 0 7.8 8.3 5.0 0.0 0 1 2 3 3
5111.4 -1425.6 -308.4 106 0 9.6 14.8 5.0 2.5 2 1 2 5 5
5215.9 -1493.6 -316.0 289 0 15.1 12.7 7.5 2.5 2 0 3 4 4
5166.5 -1462.2 -312.6 106 0 11.4 15.5 5.0 0.0 0 1 2 1 1
5184.4 -1457.0 -313.7 107 0 10.4 6.3 5.0 0.0 0 0 2 5 5
5195.7 -1473.2 -314.8 102 0 14.0 18.4 12.5 2.5 2 1 5 5 5
5212.9 -1476.8 -316.1 107 0 12.8 15.9 7.5 2.5 2 1 3 3 3
