4381.1 -5357.1 -14.7 179 0 14.5 16.0 7.5 2.5 2 1 3 0 0
4319.1 -5253.2 -19.1 193 0 14.1 13.9 7.5 2.5 2 0 3 4 4
4195.6 -5298.3 -8.3 261 0 15.1 11.3 5.0 2.5 2 0 2 3 3
4222.4 -5196.2 -21.3 97 0 10.2 54.9 12.5 2.5 2 1 5 4 4
4036.5 -5146.1 -32.4 16 0 16.6 41.0 10.0 0.0 0 1 4 4 4
4057.7 -5182.2 -27.5 196 0 8.4 10.1 7.5 2.5 2 1 3 1 1
4041.3 -5202.5 -27.2 199 0 9.9 7.4 2.5 2.5 2 0 1 0 0
3178.2 -6080.0 -1.5 93 0 7.0 4.6 5.0 2.5 2 0 2 4 4
3258.2 -6110.2 -7.1 267 0 4.5 12.6 7.5 2.5 4 1 3 0 0
3254.4 -6143.0 -7.5 87 0 7.8 16.4 2.5 2.5 2 1 1 1 1
3237.9 -6136.6 -7.0 174 0 16.7 11.1 5.0 2.5 2 0 2 0 0
3209.7 -6147.6 -5.0 359 0 8.2 14.2 5.0 2.5 2 1 2 4 4
3181.0 -6158.4 -4.6 175 0 7.8 15.1 2.5 2.5 2 1 1 0 0
3206.0 -6157.6 -5.1 360 0 5.4 8.8 5.0 2.5 2 1 2 5 5
3159.7 -6188.0 -3.7 95 0 14.0 8.1 7.5 2.5 2 0 3 1 1
3192.9 -6086.0 -2.8 275 0 8.3 12.5 7.5 2.5 2 1 3 3 3
3168.5 -6063.5 -1.2 275 0 4.0 10.9 7.5 2.5 2 1 3 0 0
3193.6 -6057.2 -3.0 183 0 8.9 9.8 7.5 0.0 0 1 3 4 4
3220.5 -6081.5 -4.3 276 0 12.4 10.6 2.5 2.5 2 0 1 1 1
3230.4 -6096.1 -6.0 177 0 10.6 21.4 5.0 2.5 2 1 2 4 4
3203.6 -6120.2 -3.9 77 0 4.3 7.9 5.0 2.5 2 1 2 4 4
3207.5 -6133.6 -5.1 170 0 7.1 10.5 5.0 2.5 2 1 2 0 0
3225.1 -6132.9 -5.7 77 0 13.1 9.3 7.5 2.5 2 0 3 4 4
3231.3 -6145.5 -6.3 356 0 16.3 9.0 7.5 2.5 2 0 3 0 0
3242.9 -6168.6 -7.5 349 0 9.3 18.0 7.5 2.5 2 1 3 3 3
3394.1 -6059.0 -14.5 259 0 10.3 42.3 10.0 2.5 2 1 4 5 5
3406.6 -6052.4 -15.0 258 0 7.8 42.5 7.5 2.5 2 1 3 4 4
3444.3 -6114.4 -17.3 88 0 10.2 29.5 10.0 2.5 2 1 4 4 4
3470.7 -6084.7 -18.4 272 0 7.5 17.5 7.5 2.5 2 1 3 4 4
3602.3 -6102.2 -20.5 92 0 10.8 85.1 12.5 2.5 2 1 5 2 2
6624.0 -4698.1 18.2 304 0 11.3 30.9 12.5 2.5 2 0 5 2 2
6594.0 -4732.9 22.1 214 0 29.6 11.3 12.5 2.5 2 0 5 1 1
6556.6 -4799.4 23.8 124 0 11.3 61.2 10.0 2.5 2 0 4 5 5
6640.7 -4709.6 18.6 303 0 10.7 30.6 10.0 2.5 2 0 4 5 5
6607.6 -4760.6 22.4 123 0 10.8 30.2 12.5 2.5 2 0 5 2 2
6579.2 -4804.3 23.3 123 0 10.7 52.1 12.5 2.5 2 0 5 1 1
6602.3 -4808.1 21.6 123 0 10.7 71.4 12.5 0.0 0 1 5 2 2
