-1296.3 -1898.7 -9.3 358 0 19.4 13.4 7.5 0.0 0 0 3 2 2
-1149.8 -1852.7 -12.5 177 0 20.3 6.4 7.5 2.5 2 0 3 1 1
-1259.3 -1908.0 -10.7 268 0 19.5 15.0 10.0 2.5 2 0 4 1 1
-1261.7 -1894.0 -10.5 178 0 18.1 11.8 7.5 2.5 2 0 3 4 4
-1286.7 -1564.6 -4.1 357 0 66.9 62.4 10.0 0.0 0 0 4 3 3
-1282.9 -1911.9 -10.0 269 0 19.4 12.3 2.5 2.5 2 0 1 0 0
-1161.6 -1888.4 -13.3 267 0 19.5 11.6 10.0 2.5 2 0 4 0 0
-1283.9 -1761.3 -8.8 270 0 11.1 13.3 7.5 2.5 2 1 3 0 0
3955.8 2761.4 7.3 177 0 7.0 13.0 7.5 2.5 2 1 3 1 1
3986.5 2697.1 11.1 1 0 11.4 10.7 5.0 2.5 2 0 2 5 5
4064.4 2770.9 5.7 55 0 7.8 6.4 7.5 2.5 2 0 3 1 1
4027.9 2770.2 6.4 7 0 8.2 31.8 7.5 2.5 2 1 3 5 5
3987.8 2794.0 5.3 269 0 19.3 8.8 5.0 2.5 2 0 2 3 3
